17.7246 -117.662 -90.5
19.8731 -117.731 -90.5
22.0215 -117.734 -90.5
24.17 -117.8 -90.5
26.3184 -117.806 -90.5
28.4668 -117.806 -90.5
30.6153 -117.8 -90.5
32.7637 -117.731 -90.5
34.9122 -117.662 -90.5
35.4493 -117.627 -90.5
37.0606 -117.526 -90.5
39.209 -117.384 -90.5
41.3575 -117.123 -90.5
43.5059 -116.855 -90.5
45.6543 -116.586 -90.5
47.8028 -116.183 -90.5
49.9512 -115.79 -90.5
51.5625 -115.479 -90.5
52.0997 -115.375 -90.5
54.2481 -114.908 -90.5
56.3965 -114.438 -90.5
58.545 -113.901 -90.5
60.6934 -113.365 -90.5
60.8277 -113.33 -90.5
62.8419 -112.81 -90.5
64.9903 -112.187 -90.5
67.1387 -111.563 -90.5
68.4517 -111.182 -90.5
69.2872 -110.931 -90.5
71.4356 -110.246 -90.5
73.584 -109.553 -90.5
75.0489 -109.033 -90.5
75.7325 -108.791 -90.5
77.8809 -108.028 -90.5
80.0294 -107.197 -90.5
80.835 -106.885 -90.5
82.1778 -106.348 -90.5
84.3262 -105.395 -90.5
85.7841 -104.736 -90.5
86.4747 -104.414 -90.5
88.6231 -103.454 -90.5
90.4135 -102.588 -90.5
90.7715 -102.403 -90.5
92.92 -101.263 -90.5
94.4642 -100.439 -90.5
95.0684 -100.094 -90.5
97.2169 -98.8466 -90.5
98.112 -98.291 -90.5
99.3653 -97.4854 -90.5
101.454 -96.1426 -90.5
101.514 -96.1028 -90.5
103.662 -94.5909 -90.5
104.468 -93.9941 -90.5
105.811 -92.9995 -90.5
107.368 -91.8457 -90.5
107.959 -91.3912 -90.5
110.056 -89.6973 -90.5
110.107 -89.6559 -90.5
112.256 -87.838 -90.5
112.598 -87.5488 -90.5
114.404 -85.959 -90.5
115.012 -85.4004 -90.5
116.553 -83.9233 -90.5
117.224 -83.252 -90.5
118.701 -81.7107 -90.5
119.26 -81.1035 -90.5
120.85 -79.3754 -90.5
121.222 -78.9551 -90.5
122.957 -76.8066 -90.5
122.998 -76.7529 -90.5
124.55 -74.6582 -90.5
125.147 -73.8525 -90.5
126.106 -72.5098 -90.5
127.295 -70.6597 -90.5
127.487 -70.3613 -90.5
128.791 -68.2129 -90.5
129.443 -67.0715 -90.5
129.981 -66.0644 -90.5
131.036 -63.916 -90.5
131.592 -62.7651 -90.5
132.057 -61.7676 -90.5
132.988 -59.6191 -90.5
133.74 -57.8839 -90.5
133.919 -57.4707 -90.5
134.85 -55.3223 -90.5
135.781 -53.1738 -90.5
135.889 -52.9053 -90.5
136.616 -51.0254 -90.5
137.379 -48.8769 -90.5
138.003 -46.7285 -90.5
138.037 -46.6091 -90.5
138.626 -44.5801 -90.5
139.145 -42.4316 -90.5
139.597 -40.2832 -90.5
140.012 -38.1347 -90.5
140.186 -37.0605 -90.5
140.353 -35.9863 -90.5
140.622 -33.8379 -90.5
140.823 -31.6894 -90.5
140.891 -29.541 -90.5
140.823 -27.3926 -90.5
140.622 -25.2441 -90.5
140.421 -23.0957 -90.5
140.219 -20.9472 -90.5
140.186 -20.5892 -90.5
140.018 -18.7988 -90.5
139.816 -16.6504 -90.5
139.682 -14.5019 -90.5
139.548 -12.3535 -90.5
139.346 -10.205 -90.5
139.145 -8.05661 -90.5
138.876 -5.90817 -90.5
138.541 -3.75973 -90.5
138.205 -1.6113 -90.5
138.037 -0.716114 -90.5
137.802 0.537142 -90.5
137.399 2.68558 -90.5
136.862 4.83402 -90.5
136.325 6.98246 -90.5
135.889 8.53411 -90.5
135.715 9.13089 -90.5
135.065 11.2793 -90.5
134.349 13.4278 -90.5
133.74 15.0879 -90.5
133.567 15.5762 -90.5
132.805 17.7246 -90.5
131.986 19.8731 -90.5
131.592 20.8578 -90.5
131.126 22.0215 -90.5
130.195 24.17 -90.5
129.443 25.9052 -90.5
129.258 26.3184 -90.5
128.262 28.4668 -90.5
127.295 30.5385 -90.5
127.257 30.6153 -90.5
126.147 32.7637 -90.5
125.147 34.6973 -90.5
125.035 34.9122 -90.5
123.924 37.0606 -90.5
122.998 38.851 -90.5
122.806 39.209 -90.5
121.655 41.3575 -90.5
120.85 42.7674 -90.5
120.442 43.5059 -90.5
119.2 45.6543 -90.5
118.701 46.4758 -90.5
117.896 47.8028 -90.5
116.591 49.9512 -90.5
116.553 50.0109 -90.5
115.16 52.0997 -90.5
114.404 53.1739 -90.5
113.648 54.2481 -90.5
112.256 56.128 -90.5
112.049 56.3965 -90.5
110.322 58.545 -90.5
110.107 58.8007 -90.5
108.518 60.6934 -90.5
107.959 61.3282 -90.5
106.511 62.8419 -90.5
105.811 63.5743 -90.5
104.395 64.9903 -90.5
103.662 65.6909 -90.5
102.149 67.1387 -90.5
101.514 67.7459 -90.5
99.648 69.2872 -90.5
99.3653 69.5207 -90.5
97.2169 71.2891 -90.5
97.0273 71.4356 -90.5
95.0684 72.9493 -90.5
94.247 73.584 -90.5
92.92 74.524 -90.5
91.1072 75.7325 -90.5
90.7715 75.9391 -90.5
88.6231 77.2046 -90.5
87.4818 77.8809 -90.5
86.4747 78.4365 -90.5
84.3262 79.4539 -90.5
83.0867 80.0294 -90.5
82.1778 80.4232 -90.5
80.0294 81.2826 -90.5
77.8809 82.0704 -90.5
77.5879 82.1778 -90.5
75.7325 82.8362 -90.5
73.584 83.5292 -90.5
71.4356 84.2223 -90.5
71.0775 84.3262 -90.5
69.2872 84.846 -90.5
67.1387 85.434 -90.5
64.9903 86.0242 -90.5
62.9953 86.4747 -90.5
62.8419 86.5082 -90.5
60.6934 86.9782 -90.5
58.545 87.341 -90.5
56.3965 87.7167 -90.5
54.2481 87.9853 -90.5
52.0997 88.2419 -90.5
49.9512 88.3881 -90.5
47.8028 88.5192 -90.5
45.6543 88.5192 -90.5
43.5059 88.3881 -90.5
41.3575 88.1867 -90.5
39.209 87.9182 -90.5
37.0606 87.5153 -90.5
34.9122 87.0638 -90.5
32.7637 86.5754 -90.5
32.3609 86.4747 -90.5
30.6153 86.0242 -90.5
28.4668 85.4698 -90.5
26.3184 84.846 -90.5
24.3042 84.3262 -90.5
24.17 84.2916 -90.5
22.0215 83.6884 -90.5
19.8731 83.1513 -90.5
17.7246 82.6142 -90.5
15.979 82.1778 -90.5
15.5762 82.0738 -90.5
13.4278 81.5887 -90.5
11.2793 81.1036 -90.5
9.13089 80.7343 -90.5
6.98246 80.4105 -90.5
4.83402 80.2026 -90.5
2.68558 80.1333 -90.5
0.537142 80.2026 -90.5
-1.6113 80.3412 -90.5
-3.75973 80.6672 -90.5
-5.90817 81.1036 -90.5
-8.05661 81.658 -90.5
-10.0708 82.1778 -90.5
-10.205 82.2124 -90.5
-12.3535 82.8362 -90.5
-14.5019 83.5292 -90.5
-16.6504 84.153 -90.5
-17.2472 84.3262 -90.5
-18.7988 84.7626 -90.5
-20.9472 85.2997 -90.5
-23.0957 85.8163 -90.5
-25.2441 86.3014 -90.5
-26.1393 86.4747 -90.5
-27.3926 86.7097 -90.5
-29.541 87.1125 -90.5
-31.6894 87.4482 -90.5
-33.8379 87.7167 -90.5
-35.9863 87.9853 -90.5
-38.1347 88.2538 -90.5
-40.2832 88.3881 -90.5
-42.4316 88.5895 -90.5
-42.9687 88.6231 -90.5
-44.5801 88.7238 -90.5
-46.7285 88.791 -90.5
-48.8769 88.791 -90.5
-51.0254 88.7964 -90.5
-53.1738 88.791 -90.5
-55.3223 88.7238 -90.5
-56.9336 88.6231 -90.5
-57.4707 88.5885 -90.5
-59.6191 88.3881 -90.5
-61.7676 88.1867 -90.5
-63.916 87.8744 -90.5
-66.0644 87.5153 -90.5
-68.2129 87.1125 -90.5
-70.3613 86.7097 -90.5
-71.3013 86.4747 -90.5
-72.5098 86.1628 -90.5
-74.6582 85.5391 -90.5
-76.8066 84.846 -90.5
-78.2715 84.3262 -90.5
-78.9551 84.0756 -90.5
-81.1035 83.1134 -90.5
-83.0371 82.1778 -90.5
-83.252 82.0667 -90.5
-85.4004 80.8813 -90.5
-86.8537 80.0294 -90.5
-87.5488 79.6073 -90.5
-89.6973 78.2262 -90.5
-90.2061 77.8809 -90.5
-91.8457 76.7683 -90.5
-93.2959 75.7325 -90.5
-93.9941 75.2153 -90.5
-96.1426 73.6238 -90.5
-96.1937 73.584 -90.5
-98.291 71.8223 -90.5
-98.7514 71.4356 -90.5
-100.439 70.0176 -90.5
-101.233 69.2872 -90.5
-102.588 68.0411 -90.5
-103.569 67.1387 -90.5
-104.736 66.0197 -90.5
-105.766 64.9903 -90.5
-106.885 63.8713 -90.5
-107.914 62.8419 -90.5
-109.033 61.7229 -90.5
-110.021 60.6934 -90.5
-111.182 59.4324 -90.5
-111.998 58.545 -90.5
-113.33 57.0313 -90.5
-113.867 56.3965 -90.5
-115.479 54.3018 -90.5
-115.52 54.2481 -90.5
-117.11 52.0997 -90.5
-117.627 51.3238 -90.5
-118.509 49.9512 -90.5
-119.775 47.9818 -90.5
-119.89 47.8028 -90.5
-121.22 45.6543 -90.5
-121.924 44.4537 -90.5
-122.461 43.5059 -90.5
-123.535 41.3575 -90.5
-124.072 40.2832 -90.5
-124.609 39.209 -90.5
-125.54 37.0606 -90.5
-126.221 35.4906 -90.5
-126.471 34.9122 -90.5
-127.402 32.7637 -90.5
-128.262 30.6153 -90.5
-128.369 30.3467 -90.5
-129.121 28.4668 -90.5
-129.98 26.3184 -90.5
-130.518 24.8536 -90.5
-130.76 24.17 -90.5
-131.523 22.0215 -90.5
-132.272 19.8731 -90.5
-132.666 18.6914 -90.5
-132.978 17.7246 -90.5
-133.602 15.5762 -90.5
-134.295 13.4278 -90.5
-134.814 11.6374 -90.5
-134.915 11.2793 -90.5
-135.473 9.13089 -90.5
-136.027 6.98246 -90.5
-136.582 4.83402 -90.5
-136.963 3.35697 -90.5
-137.136 2.68558 -90.5
-137.668 0.537142 -90.5
-138.176 -1.6113 -90.5
-138.661 -3.75973 -90.5
-139.111 -5.75471 -90.5
-139.146 -5.90817 -90.5
-139.562 -8.05661 -90.5
-139.951 -10.205 -90.5
-140.286 -12.3535 -90.5
-140.555 -14.5019 -90.5
-140.756 -16.6504 -90.5
-140.958 -18.7988 -90.5
-141.092 -20.9472 -90.5
-141.26 -22.7376 -90.5
-141.293 -23.0957 -90.5
-141.428 -25.2441 -90.5
-141.502 -27.3926 -90.5
-141.572 -29.541 -90.5
-141.562 -31.6894 -90.5
-141.433 -33.8379 -90.5
-141.26 -35.6282 -90.5
-141.225 -35.9863 -90.5
-140.891 -38.1347 -90.5
-140.532 -40.2832 -90.5
-140.047 -42.4316 -90.5
-139.423 -44.5801 -90.5
-139.111 -45.5469 -90.5
-138.717 -46.7285 -90.5
-137.93 -48.8769 -90.5
-136.999 -51.0254 -90.5
-136.963 -51.108 -90.5
-136.068 -53.1738 -90.5
-135 -55.3223 -90.5
-134.814 -55.7059 -90.5
-133.963 -57.4707 -90.5
-132.917 -59.6191 -90.5
-132.666 -60.1204 -90.5
-131.814 -61.7676 -90.5
-130.703 -63.916 -90.5
-130.518 -64.2741 -90.5
-129.592 -66.0644 -90.5
-128.369 -68.1497 -90.5
-128.331 -68.2129 -90.5
-127.026 -70.3613 -90.5
-126.221 -71.5486 -90.5
-125.544 -72.5098 -90.5
-124.072 -74.4971 -90.5
-123.948 -74.6582 -90.5
-122.282 -76.8066 -90.5
-121.924 -77.2461 -90.5
-120.42 -78.9551 -90.5
-119.775 -79.6557 -90.5
-118.388 -81.1035 -90.5
-117.627 -81.8975 -90.5
-116.329 -83.252 -90.5
-115.479 -84.1024 -90.5
-114.124 -85.4004 -90.5
-113.33 -86.1309 -90.5
-111.719 -87.5488 -90.5
-111.182 -88.0033 -90.5
-109.084 -89.6973 -90.5
-109.033 -89.7371 -90.5
-106.885 -91.3285 -90.5
-106.187 -91.8457 -90.5
-104.736 -92.8816 -90.5
-103.097 -93.9941 -90.5
-102.588 -94.3394 -90.5
-100.439 -95.661 -90.5
-99.6636 -96.1426 -90.5
-98.291 -96.9945 -90.5
-96.1426 -98.2527 -90.5
-96.0794 -98.291 -90.5
-93.9941 -99.5134 -90.5
-92.3157 -100.439 -90.5
-91.8457 -100.699 -90.5
-89.6973 -101.884 -90.5
-88.3366 -102.588 -90.5
-87.5488 -102.982 -90.5
-85.4004 -104.033 -90.5
-83.9425 -104.736 -90.5
-83.252 -105.048 -90.5
-81.1035 -105.99 -90.5
-79.0377 -106.885 -90.5
-78.9551 -106.919 -90.5
-76.8066 -107.751 -90.5
-74.6582 -108.568 -90.5
-73.3887 -109.033 -90.5
-72.5098 -109.345 -90.5
-70.3613 -110.072 -90.5
-68.2129 -110.788 -90.5
-66.8999 -111.182 -90.5
-66.0644 -111.424 -90.5
-63.916 -112.048 -90.5
-61.7676 -112.672 -90.5
-59.6191 -113.226 -90.5
-59.1587 -113.33 -90.5
-57.4707 -113.711 -90.5
-55.3223 -114.196 -90.5
-53.1738 -114.639 -90.5
-51.0254 -115.097 -90.5
-48.8769 -115.444 -90.5
-48.6084 -115.479 -90.5
-46.7285 -115.721 -90.5
-44.5801 -116.049 -90.5
-42.4316 -116.251 -90.5
-40.2832 -116.488 -90.5
-38.1347 -116.683 -90.5
-35.9863 -116.813 -90.5
-33.8379 -116.943 -90.5
-31.6894 -117.008 -90.5
-29.541 -117.027 -90.5
-27.3926 -117.074 -90.5
-25.2441 -117.027 -90.5
-23.0957 -116.963 -90.5
-20.9472 -116.9 -90.5
-18.7988 -116.813 -90.5
-16.6504 -116.721 -90.5
-14.5019 -116.586 -90.5
-12.3535 -116.483 -90.5
-10.205 -116.414 -90.5
-8.05661 -116.318 -90.5
-5.90817 -116.318 -90.5
-3.75973 -116.345 -90.5
-1.6113 -116.414 -90.5
0.537142 -116.519 -90.5
2.68558 -116.683 -90.5
4.83402 -116.878 -90.5
6.98246 -117.056 -90.5
9.13089 -117.204 -90.5
11.2793 -117.392 -90.5
13.4278 -117.459 -90.5
15.5762 -117.592 -90.5
16.6504 -117.627 -90.5
