-44.5801 -115.721 -103
-42.4316 -115.982 -103
-40.2832 -116.251 -103
-38.1347 -116.452 -103
-35.9863 -116.618 -103
-33.8379 -116.748 -103
-31.6894 -116.813 -103
-29.541 -116.813 -103
-27.3926 -116.748 -103
-25.2441 -116.683 -103
-23.0957 -116.586 -103
-20.9472 -116.414 -103
-18.7988 -116.276 -103
-16.6504 -116.137 -103
-14.5019 -115.998 -103
-12.3535 -115.86 -103
-10.205 -115.729 -103
-8.05661 -115.658 -103
-5.90817 -115.658 -103
-3.75973 -115.729 -103
-1.6113 -115.872 -103
0.537142 -116.016 -103
2.68558 -116.276 -103
4.83402 -116.452 -103
6.98246 -116.653 -103
9.13089 -116.922 -103
11.2793 -117.074 -103
13.4278 -117.258 -103
15.5762 -117.392 -103
17.7246 -117.454 -103
19.8731 -117.523 -103
22.0215 -117.523 -103
24.17 -117.591 -103
26.3184 -117.523 -103
28.4668 -117.523 -103
30.6153 -117.459 -103
32.7637 -117.325 -103
34.9122 -117.191 -103
37.0606 -116.989 -103
39.209 -116.748 -103
41.3575 -116.488 -103
43.5059 -116.183 -103
45.6543 -115.86 -103
47.8028 -115.513 -103
48.0176 -115.479 -103
49.9512 -115.167 -103
52.0997 -114.706 -103
54.2481 -114.236 -103
56.3965 -113.711 -103
57.8736 -113.33 -103
58.545 -113.157 -103
60.6934 -112.533 -103
62.8419 -111.909 -103
64.9903 -111.216 -103
65.0977 -111.182 -103
67.1387 -110.523 -103
69.2872 -109.761 -103
71.3379 -109.033 -103
71.4356 -108.997 -103
73.584 -108.167 -103
75.7325 -107.335 -103
76.8067 -106.885 -103
77.8809 -106.419 -103
80.0294 -105.464 -103
81.6407 -104.736 -103
82.1778 -104.486 -103
84.3262 -103.524 -103
86.3979 -102.588 -103
86.4747 -102.551 -103
88.6231 -101.478 -103
90.6999 -100.439 -103
90.7715 -100.402 -103
92.92 -99.2912 -103
94.7327 -98.291 -103
95.0684 -98.0992 -103
97.2169 -96.8464 -103
98.3508 -96.1426 -103
99.3653 -95.4904 -103
101.514 -94.1092 -103
101.683 -93.9941 -103
103.662 -92.6016 -103
104.683 -91.8457 -103
105.811 -91.0102 -103
107.422 -89.6973 -103
107.959 -89.2428 -103
109.961 -87.5488 -103
110.107 -87.4249 -103
112.256 -85.5293 -103
112.396 -85.4004 -103
114.404 -83.4757 -103
114.628 -83.252 -103
116.553 -81.2436 -103
116.682 -81.1035 -103
118.658 -78.9551 -103
118.701 -78.9062 -103
120.478 -76.8066 -103
120.85 -76.3672 -103
122.242 -74.6582 -103
122.998 -73.6863 -103
123.913 -72.5098 -103
125.147 -70.7571 -103
125.415 -70.3613 -103
126.873 -68.2129 -103
127.295 -67.5564 -103
128.221 -66.0644 -103
129.443 -63.9792 -103
129.479 -63.916 -103
130.592 -61.7676 -103
131.592 -59.834 -103
131.696 -59.6191 -103
132.666 -57.4707 -103
133.561 -55.3223 -103
133.74 -54.8747 -103
134.399 -53.1738 -103
135.161 -51.0254 -103
135.854 -48.8769 -103
135.889 -48.7695 -103
136.527 -46.7285 -103
137.102 -44.5801 -103
137.656 -42.4316 -103
138.037 -40.9546 -103
138.205 -40.2832 -103
138.675 -38.1347 -103
139.078 -35.9863 -103
139.458 -33.8379 -103
139.749 -31.6894 -103
139.951 -29.541 -103
140.085 -27.3926 -103
140.152 -25.2441 -103
140.186 -24.1699 -103
140.219 -23.0957 -103
140.186 -22.0215 -103
140.152 -20.9472 -103
140.085 -18.7988 -103
140.018 -16.6504 -103
139.816 -14.5019 -103
139.615 -12.3535 -103
139.346 -10.205 -103
139.046 -8.05661 -103
138.675 -5.90817 -103
138.339 -3.75973 -103
138.037 -2.14841 -103
137.933 -1.6113 -103
137.448 0.537142 -103
136.963 2.68558 -103
136.459 4.83402 -103
135.922 6.98246 -103
135.889 7.10181 -103
135.3 9.13089 -103
134.607 11.2793 -103
133.914 13.4278 -103
133.74 13.8754 -103
133.082 15.5762 -103
132.272 17.7246 -103
131.592 19.4255 -103
131.413 19.8731 -103
130.482 22.0215 -103
129.551 24.17 -103
129.443 24.4002 -103
128.548 26.3184 -103
127.546 28.4668 -103
127.295 28.9681 -103
126.471 30.6153 -103
125.397 32.7637 -103
125.147 33.2337 -103
124.221 34.9122 -103
123.035 37.0606 -103
122.998 37.1277 -103
121.809 39.209 -103
120.85 40.7888 -103
120.504 41.3575 -103
119.183 43.5059 -103
118.701 44.2817 -103
117.786 45.6543 -103
116.553 47.5044 -103
116.354 47.8028 -103
114.762 49.9512 -103
114.404 50.4346 -103
113.171 52.0997 -103
112.256 53.335 -103
111.58 54.2481 -103
110.107 56.1408 -103
109.901 56.3965 -103
108.166 58.545 -103
107.959 58.7891 -103
106.348 60.6934 -103
105.811 61.3006 -103
104.447 62.8419 -103
103.662 63.6923 -103
102.416 64.9903 -103
101.514 65.8926 -103
100.159 67.1387 -103
99.3653 67.8692 -103
97.824 69.2872 -103
97.2169 69.8044 -103
95.1196 71.4356 -103
95.0684 71.4769 -103
92.92 73.0668 -103
92.185 73.584 -103
90.7715 74.5432 -103
88.9215 75.7325 -103
88.6231 75.9177 -103
86.4747 77.103 -103
85.0648 77.8809 -103
84.3262 78.2748 -103
82.1778 79.2774 -103
80.4425 80.0294 -103
80.0294 80.2084 -103
77.8809 81.1394 -103
75.7325 81.9271 -103
74.9805 82.1778 -103
73.584 82.6283 -103
71.4356 83.3213 -103
69.2872 83.9451 -103
67.8101 84.3262 -103
67.1387 84.4995 -103
64.9903 85.0312 -103
62.8419 85.4698 -103
60.6934 85.8856 -103
58.545 86.2321 -103
56.6651 86.4747 -103
56.3965 86.5093 -103
54.2481 86.7768 -103
52.0997 86.9782 -103
49.9512 87.1125 -103
47.8028 87.1796 -103
45.6543 87.1331 -103
43.5059 87.0638 -103
41.3575 86.8558 -103
39.209 86.5786 -103
38.5645 86.4747 -103
37.0606 86.2397 -103
34.9122 85.8369 -103
32.7637 85.3669 -103
30.6153 84.846 -103
28.6011 84.3262 -103
28.4668 84.2916 -103
26.3184 83.7371 -103
24.17 83.1513 -103
22.0215 82.559 -103
20.5445 82.1778 -103
19.8731 82.0045 -103
17.7246 81.4501 -103
15.5762 80.8957 -103
13.4278 80.3986 -103
11.7397 80.0294 -103
11.2793 79.9219 -103
9.13089 79.4922 -103
6.98246 79.1631 -103
4.83402 78.8858 -103
2.68558 78.8165 -103
0.537142 78.9551 -103
-1.6113 79.1631 -103
-3.75973 79.5789 -103
-5.75471 80.0294 -103
-5.90817 80.064 -103
-8.05661 80.6877 -103
-10.205 81.3115 -103
-12.3535 81.9988 -103
-12.8906 82.1778 -103
-14.5019 82.6976 -103
-16.6504 83.252 -103
-18.7988 83.8758 -103
-20.5444 84.3262 -103
-20.9472 84.4302 -103
-23.0957 84.9641 -103
-25.2441 85.4005 -103
-27.3926 85.8369 -103
-29.541 86.1725 -103
-31.4746 86.4747 -103
-31.6894 86.5082 -103
-33.8379 86.7768 -103
-35.9863 86.9945 -103
-38.1347 87.2024 -103
-40.2832 87.4103 -103
-42.4316 87.5825 -103
-44.5801 87.7442 -103
-46.7285 87.8744 -103
-48.8769 87.9395 -103
-51.0254 88.0046 -103
-53.1738 88.0046 -103
-55.3223 87.8744 -103
-57.4707 87.7839 -103
-59.6191 87.5825 -103
-61.7676 87.381 -103
-63.916 87.1125 -103
-66.0644 86.7768 -103
-67.6758 86.4747 -103
-68.2129 86.3707 -103
-70.3613 85.9376 -103
-72.5098 85.4005 -103
-74.6582 84.7201 -103
-75.7324 84.3262 -103
-76.8066 83.9451 -103
-78.9551 83.073 -103
-81.0209 82.1778 -103
-81.1035 82.1408 -103
-83.252 80.9962 -103
-84.9581 80.0294 -103
-85.4004 79.7608 -103
-87.5488 78.4564 -103
-88.444 77.8809 -103
-89.6973 77.0454 -103
-91.563 75.7325 -103
-91.8457 75.5336 -103
-93.9941 73.9421 -103
-94.4775 73.584 -103
-96.1426 72.3032 -103
-97.2168 71.4356 -103
-98.291 70.6001 -103
-99.9023 69.2872 -103
-100.439 68.8327 -103
-102.441 67.1387 -103
-102.588 67.0098 -103
-104.736 65.0333 -103
-104.783 64.9903 -103
-106.885 62.9761 -103
-107.019 62.8419 -103
-109.033 60.8277 -103
-109.162 60.6934 -103
-111.139 58.545 -103
-111.182 58.4961 -103
-113.029 56.3965 -103
-113.33 56.0385 -103
-114.776 54.2481 -103
-115.479 53.335 -103
-116.394 52.0997 -103
-117.627 50.4346 -103
-117.972 49.9512 -103
-119.417 47.8028 -103
-119.775 47.2657 -103
-120.811 45.6543 -103
-121.924 43.8219 -103
-122.109 43.5059 -103
-123.294 41.3575 -103
-124.072 39.9476 -103
-124.466 39.209 -103
-125.54 37.0606 -103
-126.221 35.6027 -103
-126.543 34.9122 -103
-127.546 32.7637 -103
-128.369 30.8632 -103
-128.477 30.6153 -103
-129.374 28.4668 -103
-130.206 26.3184 -103
-130.518 25.5127 -103
-131.037 24.17 -103
-131.8 22.0215 -103
-132.493 19.8731 -103
-132.666 19.336 -103
-133.186 17.7246 -103
-133.879 15.5762 -103
-134.503 13.4278 -103
-134.814 12.3536 -103
-135.126 11.2793 -103
-135.75 9.13089 -103
-136.305 6.98246 -103
-136.859 4.83402 -103
-136.963 4.43119 -103
-137.413 2.68558 -103
-137.936 0.537142 -103
-138.453 -1.6113 -103
-138.938 -3.75973 -103
-139.111 -4.65492 -103
-139.354 -5.90817 -103
-139.816 -8.05661 -103
-140.219 -10.205 -103
-140.601 -12.3535 -103
-140.948 -14.5019 -103
-141.225 -16.6504 -103
-141.26 -16.9189 -103
-141.502 -18.7988 -103
-141.71 -20.9472 -103
-141.849 -23.0957 -103
-141.918 -25.2441 -103
-141.918 -27.3926 -103
-141.849 -29.541 -103
-141.725 -31.6894 -103
-141.572 -33.8379 -103
-141.294 -35.9863 -103
-141.26 -36.2549 -103
-141.017 -38.1347 -103
-140.601 -40.2832 -103
-140.085 -42.4316 -103
-139.493 -44.5801 -103
-139.111 -45.7617 -103
-138.799 -46.7285 -103
-138.037 -48.8769 -103
-137.205 -51.0254 -103
-136.963 -51.6038 -103
-136.283 -53.1738 -103
-135.222 -55.3223 -103
-134.814 -56.11 -103
-134.111 -57.4707 -103
-132.925 -59.6191 -103
-132.666 -60.0615 -103
-131.63 -61.7676 -103
-130.518 -63.4983 -103
-130.249 -63.916 -103
-128.868 -66.0644 -103
-128.369 -66.7627 -103
-127.295 -68.2129 -103
-126.221 -69.6631 -103
-125.703 -70.3613 -103
-124.112 -72.5098 -103
-124.072 -72.5609 -103
-122.378 -74.6582 -103
-121.924 -75.1953 -103
-120.506 -76.8066 -103
-119.775 -77.6367 -103
-118.567 -78.9551 -103
-117.627 -79.9359 -103
-116.508 -81.1035 -103
-115.479 -82.133 -103
-114.36 -83.252 -103
-113.33 -84.2402 -103
-112.012 -85.4004 -103
-111.182 -86.1309 -103
-109.494 -87.5488 -103
-109.033 -87.9207 -103
-106.885 -89.6559 -103
-106.831 -89.6973 -103
-104.736 -91.2489 -103
-103.931 -91.8457 -103
-102.588 -92.8404 -103
-100.948 -93.9941 -103
-100.439 -94.3394 -103
-98.291 -95.7845 -103
-97.7539 -96.1426 -103
-96.1426 -97.1784 -103
-94.3101 -98.291 -103
-93.9941 -98.4762 -103
-91.8457 -99.7357 -103
-90.5701 -100.439 -103
-89.6973 -100.921 -103
-87.5488 -102.032 -103
-86.4746 -102.588 -103
-85.4004 -103.125 -103
-83.252 -104.128 -103
-81.9475 -104.736 -103
-81.1035 -105.118 -103
-78.9551 -106.018 -103
-76.8893 -106.885 -103
-76.8066 -106.919 -103
-74.6582 -107.751 -103
-72.5098 -108.568 -103
-71.2402 -109.033 -103
-70.3613 -109.345 -103
-68.2129 -110.107 -103
-66.0644 -110.8 -103
-64.8828 -111.182 -103
-63.916 -111.484 -103
-61.7676 -112.117 -103
-59.6191 -112.692 -103
-57.4707 -113.295 -103
-57.3172 -113.33 -103
-55.3223 -113.781 -103
-53.1738 -114.266 -103
-51.0254 -114.682 -103
-48.8769 -115.097 -103
-46.7285 -115.443 -103
-46.4599 -115.479 -103
