-46.7285 -96.3158 87
-44.5801 -96.4544 87
-42.4316 -96.6461 87
-40.2832 -96.7804 87
-38.1347 -96.9147 87
-35.9863 -96.9818 87
-33.8379 -97.049 87
-31.6894 -97.1161 87
-29.541 -97.1832 87
-27.3926 -97.1832 87
-25.2441 -97.1832 87
-23.0957 -97.1161 87
-20.9472 -96.9818 87
-18.7988 -96.8475 87
-16.6504 -96.7133 87
-14.5019 -96.5118 87
-12.3535 -96.3158 87
-10.5631 -96.1426 87
-10.205 -96.1079 87
-8.05661 -95.9635 87
-5.90817 -95.7614 87
-3.75973 -95.6771 87
-1.6113 -95.6055 87
0.537142 -95.6055 87
2.68558 -95.6228 87
4.83402 -95.7614 87
6.98246 -95.9635 87
8.77282 -96.1426 87
9.13089 -96.1761 87
11.2793 -96.3776 87
13.4278 -96.579 87
15.5762 -96.7317 87
17.7246 -96.9147 87
19.8731 -97.049 87
22.0215 -97.1832 87
24.17 -97.2861 87
26.3184 -97.3554 87
28.4668 -97.3958 87
30.6153 -97.4674 87
32.7637 -97.4674 87
34.9122 -97.3958 87
37.0606 -97.3958 87
39.209 -97.2861 87
41.3575 -97.1475 87
43.5059 -97.0089 87
45.6543 -96.8475 87
47.8028 -96.5931 87
49.9512 -96.3158 87
51.7416 -96.1426 87
52.0997 -96.1068 87
54.2481 -95.7614 87
56.3965 -95.4842 87
58.545 -95.1691 87
60.6934 -94.8604 87
62.8419 -94.5139 87
64.9903 -94.2291 87
66.2435 -93.9941 87
67.1387 -93.8209 87
69.2872 -93.4744 87
71.4356 -93.0585 87
73.584 -92.6427 87
75.7325 -92.2269 87
77.4205 -91.8457 87
77.8809 -91.7417 87
80.0294 -91.237 87
82.1778 -90.7022 87
84.3262 -90.0784 87
85.6392 -89.6973 87
86.4747 -89.4466 87
88.6231 -88.7617 87
90.7715 -88.0686 87
92.2364 -87.5488 87
92.92 -87.2982 87
95.0684 -86.4746 87
97.2169 -85.651 87
97.8435 -85.4004 87
99.3653 -84.7917 87
101.514 -83.8607 87
102.918 -83.252 87
103.662 -82.9186 87
105.811 -81.9271 87
107.575 -81.1035 87
107.959 -80.9183 87
110.107 -79.8811 87
112.026 -78.9551 87
112.256 -78.8439 87
114.404 -77.7327 87
116.083 -76.8066 87
116.553 -76.5473 87
118.701 -75.362 87
119.835 -74.6582 87
120.85 -73.9818 87
122.942 -72.5098 87
122.998 -72.47 87
125.147 -70.8785 87
125.812 -70.3613 87
127.295 -69.1152 87
128.32 -68.2129 87
129.443 -67.2246 87
130.652 -66.0644 87
131.592 -65.1245 87
132.752 -63.916 87
133.74 -62.8418 87
134.691 -61.7676 87
135.889 -60.2841 87
136.387 -59.6191 87
137.918 -57.4707 87
138.037 -57.3011 87
139.43 -55.3223 87
140.186 -54.1884 87
140.838 -53.1738 87
142.294 -51.0254 87
142.334 -50.9657 87
143.727 -48.8769 87
144.483 -47.8027 87
145.238 -46.7285 87
146.631 -44.9381 87
146.92 -44.5801 87
148.735 -42.4316 87
148.779 -42.3849 87
150.928 -40.3262 87
150.982 -40.2832 87
153.076 -38.7315 87
154.15 -38.1347 87
155.225 -37.5791 87
157.373 -36.7833 87
159.522 -36.2884 87
161.455 -35.9863 87
161.67 -35.9538 87
163.818 -35.7584 87
165.967 -35.6933 87
168.115 -35.6388 87
170.264 -35.6388 87
172.412 -35.6282 87
174.561 -35.5631 87
176.709 -35.498 87
178.858 -35.3027 87
181.006 -35.1074 87
183.154 -34.847 87
185.303 -34.4757 87
187.451 -34.0057 87
188.123 -33.8379 87
189.6 -33.444 87
191.748 -32.7637 87
193.897 -31.9401 87
194.475 -31.6894 87
196.045 -30.9856 87
198.193 -29.8095 87
198.636 -29.541 87
200.342 -28.5051 87
201.981 -27.3926 87
202.49 -27.0207 87
204.639 -25.3681 87
204.779 -25.2441 87
206.787 -23.3965 87
207.101 -23.0957 87
208.936 -21.1808 87
209.15 -20.9472 87
210.96 -18.7988 87
211.084 -18.6377 87
212.556 -16.6504 87
213.233 -15.6358 87
213.961 -14.5019 87
215.122 -12.3535 87
215.381 -11.8522 87
216.205 -10.205 87
217.064 -8.05661 87
217.529 -6.78708 87
217.841 -5.90817 87
218.534 -3.75973 87
219.158 -1.6113 87
219.678 0.402864 87
219.712 0.537142 87
220.181 2.68558 87
220.544 4.83402 87
220.891 6.98246 87
221.099 9.13089 87
221.289 11.2793 87
221.376 13.4278 87
221.432 15.5762 87
221.376 17.7246 87
221.237 19.8731 87
221.029 22.0215 87
220.752 24.17 87
220.406 26.3184 87
219.92 28.4668 87
219.678 29.3023 87
219.297 30.6153 87
218.604 32.7637 87
217.708 34.9122 87
217.529 35.2958 87
216.677 37.0606 87
215.496 39.209 87
215.381 39.3986 87
214.192 41.3575 87
213.233 42.7002 87
212.636 43.5059 87
211.084 45.5009 87
210.96 45.6543 87
209.15 47.8028 87
208.936 48.0266 87
207.011 49.9512 87
206.787 50.1661 87
204.685 52.0997 87
204.639 52.141 87
202.49 53.8105 87
201.9 54.2481 87
200.342 55.3607 87
198.731 56.3965 87
198.193 56.7418 87
196.045 57.9893 87
194.971 58.545 87
193.897 59.1006 87
191.748 60.0847 87
190.343 60.6934 87
189.6 61.0157 87
187.451 61.8369 87
185.303 62.5196 87
184.229 62.8419 87
183.154 63.1537 87
181.006 63.7775 87
178.858 64.4012 87
176.828 64.9903 87
176.709 65.0261 87
174.561 65.7873 87
172.412 66.6572 87
171.338 67.1387 87
170.264 67.6203 87
168.115 68.8652 87
167.493 69.2872 87
165.967 70.323 87
164.483 71.4356 87
163.818 71.9528 87
161.721 73.584 87
161.67 73.6254 87
159.522 75.4433 87
159.146 75.7325 87
157.373 77.0454 87
156.245 77.8809 87
155.225 78.6099 87
153.133 80.0294 87
153.076 80.0677 87
150.928 81.3721 87
149.518 82.1778 87
148.779 82.5853 87
146.631 83.7706 87
145.557 84.3262 87
144.483 84.846 87
142.334 85.8163 87
140.764 86.4747 87
140.186 86.7172 87
138.037 87.5489 87
135.889 88.3112 87
134.922 88.6231 87
133.74 88.9924 87
131.592 89.628 87
129.443 90.2518 87
127.429 90.7715 87
127.295 90.8051 87
125.147 91.3606 87
122.998 91.8793 87
120.85 92.4002 87
118.701 92.8853 87
118.548 92.92 87
116.553 93.3705 87
114.404 93.8264 87
112.256 94.2714 87
110.107 94.6873 87
108.138 95.0684 87
107.959 95.1031 87
105.811 95.5189 87
103.662 95.9748 87
101.514 96.3776 87
99.3653 96.8476 87
97.6772 97.2169 87
97.2169 97.3176 87
95.0684 97.7366 87
92.92 98.2218 87
90.7715 98.7762 87
88.6231 99.3295 87
88.4696 99.3653 87
86.4747 99.8158 87
84.3262 100.232 87
82.1778 100.54 87
80.0294 100.765 87
77.8809 100.895 87
75.7325 100.96 87
73.584 100.96 87
71.4356 100.977 87
69.2872 100.977 87
67.1387 100.977 87
64.9903 100.977 87
62.8419 100.96 87
60.6934 100.96 87
58.545 100.895 87
56.3965 100.765 87
54.2481 100.635 87
52.0997 100.406 87
49.9512 100.024 87
47.8028 99.6772 87
46.4216 99.3653 87
45.6543 99.1863 87
43.5059 98.8282 87
41.3575 98.5133 87
39.209 98.2553 87
37.0606 98.0688 87
34.9122 97.8466 87
32.7637 97.6389 87
30.6153 97.332 87
29.9707 97.2169 87
28.4668 96.9483 87
26.3184 96.6201 87
24.17 96.2666 87
22.0215 95.8534 87
19.8731 95.4551 87
17.9395 95.0684 87
17.7246 95.0255 87
15.5762 94.5313 87
13.4278 93.9942 87
11.2793 93.4786 87
9.13089 92.9647 87
8.91605 92.92 87
6.98246 92.5619 87
4.83402 92.1641 87
2.68558 91.8458 87
0.537142 91.6071 87
-1.6113 91.4479 87
-3.75973 91.3683 87
-5.90817 91.347 87
-8.05661 91.3683 87
-10.205 91.5772 87
-12.3535 91.8074 87
-14.5019 92.1421 87
-16.6504 92.5866 87
-18.0315 92.92 87
-18.7988 93.1189 87
-20.9472 93.7257 87
-23.0957 94.3921 87
-25.2441 95.0301 87
-25.3784 95.0684 87
-27.3926 95.6439 87
-29.541 96.181 87
-31.6894 96.6612 87
-33.8379 97.1094 87
-34.375 97.2169 87
-35.9863 97.5287 87
-38.1347 97.8753 87
-40.2832 98.2218 87
-42.4316 98.6376 87
-44.5801 99.0534 87
-46.1914 99.3653 87
-46.7285 99.4693 87
-48.8769 99.7465 87
-51.0254 99.9544 87
-53.1738 100.003 87
-55.3223 99.8851 87
-57.4707 99.6079 87
-58.7239 99.3653 87
-59.6191 99.1863 87
-61.7676 98.8282 87
-63.916 98.3985 87
-66.0644 98.0404 87
-68.2129 97.7366 87
-70.3613 97.4594 87
-72.2412 97.2169 87
-72.5098 97.1822 87
-74.6582 96.905 87
-76.8066 96.5585 87
-78.9551 96.2119 87
-81.1035 95.8654 87
-83.252 95.5882 87
-85.4004 95.3034 87
-87.2803 95.0684 87
-87.5488 95.0338 87
-89.6973 94.6992 87
-91.8457 94.4306 87
-93.9941 94.0949 87
-96.1426 93.7592 87
-98.291 93.4235 87
-100.439 93.0878 87
-101.514 92.92 87
-102.588 92.7467 87
-104.736 92.4002 87
-106.885 92.0136 87
-109.033 91.6108 87
-111.182 91.1408 87
-113.151 90.7715 87
-113.33 90.7369 87
-115.479 90.2518 87
-117.627 89.7666 87
-119.775 89.2609 87
-121.924 88.7238 87
-122.327 88.6231 87
-124.072 88.1726 87
-126.221 87.6182 87
-128.369 86.9945 87
-130.16 86.4747 87
-130.518 86.3707 87
-132.666 85.6777 87
-134.814 84.9846 87
-136.515 84.3262 87
-136.963 84.1472 87
-139.111 83.2878 87
-141.26 82.3568 87
-141.618 82.1778 87
-143.408 81.2517 87
-145.557 80.1405 87
-145.758 80.0294 87
-147.705 78.9168 87
-149.316 77.8809 87
-149.854 77.5228 87
-152.002 75.9314 87
-152.258 75.7325 87
-154.15 74.1426 87
-154.758 73.584 87
-156.299 72.107 87
-156.999 71.4356 87
-158.447 69.9877 87
-159.119 69.2872 87
-160.596 67.7459 87
-161.203 67.1387 87
-162.744 65.7208 87
-163.614 64.9903 87
-164.893 63.9956 87
-166.623 62.8419 87
-167.041 62.5733 87
-169.189 61.4454 87
-170.801 60.6934 87
-171.338 60.4428 87
-173.486 59.655 87
-175.635 58.9261 87
-176.816 58.545 87
-177.783 58.2331 87
-179.932 57.6094 87
-182.08 56.9856 87
-184.109 56.3965 87
-184.229 56.3607 87
-186.377 55.6688 87
-188.525 54.9065 87
-190.226 54.2481 87
-190.674 54.0691 87
-192.822 53.1739 87
-194.971 52.1355 87
-195.038 52.0997 87
-197.119 50.9514 87
-198.825 49.9512 87
-199.268 49.6727 87
-201.416 48.2248 87
-201.979 47.8028 87
-203.564 46.5694 87
-204.741 45.6543 87
-205.713 44.8693 87
-207.254 43.5059 87
-207.861 42.9688 87
-209.683 41.3575 87
-210.01 41.0442 87
-211.925 39.209 87
-212.158 38.9755 87
-213.92 37.0606 87
-214.307 36.6211 87
-215.753 34.9122 87
-216.455 34.0425 87
-217.414 32.7637 87
-218.604 31.011 87
-218.872 30.6153 87
-220.122 28.4668 87
-220.752 27.3255 87
-221.308 26.3184 87
-222.363 24.17 87
-222.9 22.9305 87
-223.282 22.0215 87
-224.113 19.8731 87
-224.806 17.7246 87
-225.049 16.8891 87
-225.43 15.5762 87
-225.955 13.4278 87
-226.358 11.2793 87
-226.694 9.13089 87
-226.955 6.98246 87
-227.097 4.83402 87
-227.164 2.68558 87
-227.197 1.61136 87
-227.231 0.537142 87
-227.197 -0.537078 87
-227.163 -1.6113 87
-227.029 -3.75973 87
-226.761 -5.90817 87
-226.425 -8.05661 87
-225.888 -10.205 87
-225.222 -12.3535 87
-225.049 -12.7666 87
-224.297 -14.5019 87
-223.234 -16.6504 87
-222.9 -17.2546 87
-222.018 -18.7988 87
-220.752 -20.6646 87
-220.545 -20.9472 87
-218.81 -23.0957 87
-218.604 -23.3398 87
-216.928 -25.2441 87
-216.455 -25.7579 87
-214.82 -27.3926 87
-214.307 -27.8849 87
-212.5 -29.541 87
-212.158 -29.8418 87
-210.01 -31.5655 87
-209.84 -31.6894 87
-207.861 -33.0819 87
-206.727 -33.8379 87
-205.713 -34.4676 87
-203.564 -35.6529 87
-202.874 -35.9863 87
-201.416 -36.6666 87
-199.268 -37.5976 87
-197.925 -38.1347 87
-197.119 -38.4466 87
-194.971 -39.1397 87
-192.822 -39.7125 87
-190.674 -40.2485 87
-190.52 -40.2832 87
-188.525 -40.7196 87
-186.377 -41.0553 87
-184.229 -41.4581 87
-182.08 -41.7267 87
-179.932 -41.9281 87
-177.783 -42.1295 87
-175.635 -42.1966 87
-173.486 -42.2638 87
-171.338 -42.2638 87
-169.189 -42.2638 87
-167.041 -42.1966 87
-164.893 -42.1387 87
-162.744 -42.0736 87
-160.596 -42.0736 87
-158.447 -42.2038 87
-156.567 -42.4316 87
-156.299 -42.4652 87
-154.15 -42.9352 87
-152.002 -43.6133 87
-150.068 -44.5801 87
-149.854 -44.6994 87
-147.705 -46.1914 87
-147.04 -46.7285 87
-145.557 -48.0265 87
-144.706 -48.8769 87
-143.408 -50.293 87
-142.764 -51.0254 87
-141.26 -52.8157 87
-140.971 -53.1738 87
-139.235 -55.3223 87
-139.111 -55.4757 87
-137.5 -57.4707 87
-136.963 -58.1357 87
-135.765 -59.6191 87
-134.814 -60.7957 87
-133.998 -61.7676 87
-132.666 -63.2812 87
-132.129 -63.916 87
-130.518 -65.7375 87
-130.217 -66.0644 87
-128.369 -68.0728 87
-128.24 -68.2129 87
-126.221 -70.3166 87
-126.174 -70.3613 87
-124.072 -72.2949 87
-123.828 -72.5098 87
-121.924 -74.1211 87
-121.259 -74.6582 87
-119.775 -75.7708 87
-118.325 -76.8066 87
-117.627 -77.3054 87
-115.479 -78.6865 87
-115.009 -78.9551 87
-113.33 -79.9142 87
-111.249 -81.1035 87
-111.182 -81.1406 87
-109.033 -82.2135 87
-106.956 -83.252 87
-106.885 -83.2878 87
-104.736 -84.2904 87
-102.588 -85.2214 87
-102.175 -85.4004 87
-100.439 -86.1523 87
-98.291 -87.0117 87
-96.8262 -87.5488 87
-96.1426 -87.7995 87
-93.9941 -88.5537 87
-91.8457 -89.2468 87
-90.4492 -89.6973 87
-89.6973 -89.9398 87
-87.5488 -90.5636 87
-85.4004 -91.1654 87
-83.252 -91.7383 87
-82.7916 -91.8457 87
-81.1035 -92.2269 87
-78.9551 -92.712 87
-76.8066 -93.1278 87
-74.6582 -93.4744 87
-72.5098 -93.8209 87
-71.4355 -93.9941 87
-70.3613 -94.162 87
-68.2129 -94.4305 87
-66.0644 -94.632 87
-63.916 -94.7911 87
-61.7676 -94.9991 87
-59.6191 -95.1758 87
-57.4707 -95.319 87
-55.3223 -95.5339 87
-53.1738 -95.7351 87
-51.0254 -95.9574 87
-48.8769 -96.1068 87
-48.5189 -96.1426 87
