6.98246 -117.661 -60.5
9.13089 -117.862 -60.5
11.2793 -118.077 -60.5
13.4278 -118.332 -60.5
15.5762 -118.533 -60.5
17.7246 -118.735 -60.5
19.8731 -118.896 -60.5
22.0215 -119.027 -60.5
24.17 -119.092 -60.5
26.3184 -119.112 -60.5
28.4668 -119.112 -60.5
30.6153 -119.092 -60.5
32.7637 -118.962 -60.5
34.9122 -118.831 -60.5
37.0606 -118.668 -60.5
39.209 -118.466 -60.5
41.3575 -118.285 -60.5
43.5059 -118.077 -60.5
45.6543 -117.87 -60.5
47.8028 -117.662 -60.5
48.0713 -117.627 -60.5
49.9512 -117.384 -60.5
52.0997 -117.107 -60.5
54.2481 -116.788 -60.5
56.3965 -116.452 -60.5
58.545 -116.049 -60.5
60.6934 -115.582 -60.5
61.2305 -115.479 -60.5
62.8419 -115.167 -60.5
64.9903 -114.682 -60.5
67.1387 -114.196 -60.5
69.2872 -113.642 -60.5
70.4957 -113.33 -60.5
71.4356 -113.088 -60.5
73.584 -112.491 -60.5
75.7325 -111.887 -60.5
77.8809 -111.216 -60.5
78.0003 -111.182 -60.5
80.0294 -110.593 -60.5
82.1778 -109.83 -60.5
84.3262 -109.068 -60.5
84.4239 -109.033 -60.5
86.4747 -108.281 -60.5
88.6231 -107.405 -60.5
89.7741 -106.885 -60.5
90.7715 -106.419 -60.5
92.92 -105.417 -60.5
94.1956 -104.736 -60.5
95.0684 -104.255 -60.5
97.2169 -103.069 -60.5
98.0383 -102.588 -60.5
99.3653 -101.81 -60.5
101.514 -100.478 -60.5
101.573 -100.439 -60.5
103.662 -99.0967 -60.5
104.849 -98.291 -60.5
105.811 -97.6147 -60.5
107.903 -96.1426 -60.5
107.959 -96.1013 -60.5
110.107 -94.4318 -60.5
110.67 -93.9941 -60.5
112.256 -92.7133 -60.5
113.281 -91.8457 -60.5
114.404 -90.8954 -60.5
115.759 -89.6973 -60.5
116.553 -88.9949 -60.5
118.187 -87.5488 -60.5
118.701 -87.0565 -60.5
120.357 -85.4004 -60.5
120.85 -84.908 -60.5
122.44 -83.252 -60.5
122.998 -82.6448 -60.5
124.362 -81.1035 -60.5
125.147 -80.1758 -60.5
126.141 -78.9551 -60.5
127.295 -77.4716 -60.5
127.794 -76.8066 -60.5
129.252 -74.6582 -60.5
129.443 -74.3598 -60.5
130.633 -72.5098 -60.5
131.592 -70.93 -60.5
131.925 -70.3613 -60.5
133.037 -68.2129 -60.5
133.74 -66.8522 -60.5
134.134 -66.0644 -60.5
135.137 -63.916 -60.5
135.889 -62.1807 -60.5
136.068 -61.7676 -60.5
136.963 -59.6191 -60.5
137.787 -57.4707 -60.5
138.037 -56.7871 -60.5
138.541 -55.3223 -60.5
139.25 -53.1738 -60.5
139.943 -51.0254 -60.5
140.186 -50.1899 -60.5
140.555 -48.8769 -60.5
141.159 -46.7285 -60.5
141.676 -44.5801 -60.5
142.166 -42.4316 -60.5
142.334 -41.6643 -60.5
142.636 -40.2832 -60.5
143.039 -38.1347 -60.5
143.343 -35.9863 -60.5
143.604 -33.8379 -60.5
143.734 -31.6894 -60.5
143.864 -29.541 -60.5
143.864 -27.3926 -60.5
143.799 -25.2441 -60.5
143.734 -23.0957 -60.5
143.576 -20.9472 -60.5
143.375 -18.7988 -60.5
143.173 -16.6504 -60.5
142.923 -14.5019 -60.5
142.703 -12.3535 -60.5
142.438 -10.205 -60.5
142.334 -9.39939 -60.5
142.161 -8.05661 -60.5
141.831 -5.90817 -60.5
141.495 -3.75973 -60.5
141.092 -1.6113 -60.5
140.636 0.537142 -60.5
140.186 2.53212 -60.5
140.151 2.68558 -60.5
139.666 4.83402 -60.5
139.145 6.98246 -60.5
138.541 9.13089 -60.5
138.037 10.9213 -60.5
137.933 11.2793 -60.5
137.24 13.4278 -60.5
136.547 15.5762 -60.5
135.889 17.4317 -60.5
135.785 17.7246 -60.5
135.022 19.8731 -60.5
134.26 22.0215 -60.5
133.74 23.4864 -60.5
133.498 24.17 -60.5
132.7 26.3184 -60.5
131.904 28.4668 -60.5
131.592 29.2105 -60.5
130.983 30.6153 -60.5
130.102 32.7637 -60.5
129.443 34.3337 -60.5
129.193 34.9122 -60.5
128.19 37.0606 -60.5
127.295 39.1264 -60.5
127.258 39.209 -60.5
126.185 41.3575 -60.5
125.182 43.5059 -60.5
125.147 43.573 -60.5
124.037 45.6543 -60.5
122.998 47.6014 -60.5
122.887 47.8028 -60.5
121.745 49.9512 -60.5
120.85 51.531 -60.5
120.504 52.0997 -60.5
119.257 54.2481 -60.5
118.701 55.1433 -60.5
117.896 56.3965 -60.5
116.553 58.4853 -60.5
116.513 58.545 -60.5
115.057 60.6934 -60.5
114.404 61.6065 -60.5
113.489 62.8419 -60.5
112.256 64.4276 -60.5
111.801 64.9903 -60.5
110.107 67.0876 -60.5
110.065 67.1387 -60.5
108.174 69.2872 -60.5
107.959 69.5207 -60.5
106.124 71.4356 -60.5
105.811 71.7489 -60.5
103.975 73.584 -60.5
103.662 73.8848 -60.5
101.514 75.6895 -60.5
101.463 75.7325 -60.5
99.3653 77.3637 -60.5
98.6303 77.8809 -60.5
97.2169 78.807 -60.5
95.2475 80.0294 -60.5
95.0684 80.1405 -60.5
92.92 81.2517 -60.5
91.0017 82.1778 -60.5
90.7715 82.2852 -60.5
88.6231 83.2162 -60.5
86.4747 84.0837 -60.5
85.848 84.3262 -60.5
84.3262 84.9153 -60.5
82.1778 85.6777 -60.5
80.0294 86.4389 -60.5
79.9219 86.4747 -60.5
77.8809 87.1331 -60.5
75.7325 87.7568 -60.5
73.584 88.3805 -60.5
72.6441 88.6231 -60.5
71.4356 88.935 -60.5
69.2872 89.4894 -60.5
67.1387 89.9745 -60.5
64.9903 90.4023 -60.5
63.3022 90.7715 -60.5
62.8419 90.8723 -60.5
60.6934 91.222 -60.5
58.545 91.6108 -60.5
56.3965 91.9465 -60.5
54.2481 92.2822 -60.5
52.0997 92.5388 -60.5
49.9512 92.685 -60.5
47.8028 92.7521 -60.5
45.6543 92.685 -60.5
43.5059 92.6179 -60.5
41.3575 92.3493 -60.5
39.209 92.0808 -60.5
37.0606 91.7451 -60.5
34.9122 91.4094 -60.5
32.7637 91.0065 -60.5
31.5105 90.7715 -60.5
30.6153 90.5983 -60.5
28.4668 90.1337 -60.5
26.3184 89.6973 -60.5
24.17 89.2815 -60.5
22.0215 88.8581 -60.5
20.7683 88.6231 -60.5
19.8731 88.4498 -60.5
17.7246 88.034 -60.5
15.5762 87.6496 -60.5
13.4278 87.3139 -60.5
11.2793 86.9945 -60.5
9.13089 86.7768 -60.5
6.98246 86.5786 -60.5
5.37113 86.4747 -60.5
4.83402 86.4411 -60.5
2.68558 86.44 -60.5
0.537142 86.44 -60.5
3.2e-05 86.4747 -60.5
-1.6113 86.5754 -60.5
-3.75973 86.7172 -60.5
-5.90817 86.9945 -60.5
-8.05661 87.3139 -60.5
-10.205 87.6875 -60.5
-12.3535 88.1196 -60.5
-14.5019 88.5885 -60.5
-14.681 88.6231 -60.5
-16.6504 89.0043 -60.5
-18.7988 89.4894 -60.5
-20.9472 89.9323 -60.5
-23.0957 90.3904 -60.5
-24.7837 90.7715 -60.5
-25.2441 90.8723 -60.5
-27.3926 91.2751 -60.5
-29.541 91.6779 -60.5
-31.6894 92.0537 -60.5
-33.8379 92.4002 -60.5
-35.9863 92.6774 -60.5
-38.1347 92.8853 -60.5
-38.4928 92.92 -60.5
-40.2832 93.0878 -60.5
-42.4316 93.1626 -60.5
-44.5801 93.2319 -60.5
-46.7285 93.3012 -60.5
-48.8769 93.3012 -60.5
-51.0254 93.2892 -60.5
-53.1738 93.2221 -60.5
-55.3223 93.0878 -60.5
-57.4707 92.9536 -60.5
-57.8288 92.92 -60.5
-59.6191 92.7467 -60.5
-61.7676 92.4836 -60.5
-63.916 92.215 -60.5
-66.0644 91.9465 -60.5
-68.2129 91.6108 -60.5
-70.3613 91.222 -60.5
-72.5098 90.8051 -60.5
-72.6632 90.7715 -60.5
-74.6582 90.3211 -60.5
-76.8066 89.6973 -60.5
-78.9551 89.0736 -60.5
-80.2246 88.6231 -60.5
-81.1035 88.3008 -60.5
-83.252 87.3699 -60.5
-85.3178 86.4747 -60.5
-85.4004 86.4376 -60.5
-87.5488 85.2523 -60.5
-89.2273 84.3262 -60.5
-89.6973 84.0577 -60.5
-91.8457 82.6765 -60.5
-92.5807 82.1778 -60.5
-93.9941 81.1831 -60.5
-95.6337 80.0294 -60.5
-96.1426 79.6713 -60.5
-98.291 78.0049 -60.5
-98.4445 77.8809 -60.5
-100.439 76.2051 -60.5
-100.977 75.7325 -60.5
-102.588 74.3145 -60.5
-103.349 73.584 -60.5
-104.736 72.252 -60.5
-105.587 71.4356 -60.5
-106.885 70.1376 -60.5
-107.701 69.2872 -60.5
-109.033 67.8996 -60.5
-109.764 67.1387 -60.5
-111.182 65.5274 -60.5
-111.654 64.9903 -60.5
-113.33 63.086 -60.5
-113.529 62.8419 -60.5
-115.2 60.6934 -60.5
-115.479 60.3353 -60.5
-116.871 58.545 -60.5
-117.627 57.4708 -60.5
-118.383 56.3965 -60.5
-119.775 54.3078 -60.5
-119.814 54.2481 -60.5
-121.118 52.0997 -60.5
-121.924 50.7727 -60.5
-122.405 49.9512 -60.5
-123.591 47.8028 -60.5
-124.072 46.93 -60.5
-124.753 45.6543 -60.5
-125.813 43.5059 -60.5
-126.221 42.6619 -60.5
-126.829 41.3575 -60.5
-127.832 39.209 -60.5
-128.369 37.9695 -60.5
-128.738 37.0606 -60.5
-129.544 34.9122 -60.5
-130.344 32.7637 -60.5
-130.518 32.3161 -60.5
-131.176 30.6153 -60.5
-131.938 28.4668 -60.5
-132.666 26.4161 -60.5
-132.7 26.3184 -60.5
-133.394 24.17 -60.5
-134.11 22.0215 -60.5
-134.814 19.9707 -60.5
-134.849 19.8731 -60.5
-135.473 17.7246 -60.5
-136.166 15.5762 -60.5
-136.79 13.4278 -60.5
-136.963 12.831 -60.5
-137.413 11.2793 -60.5
-137.968 9.13089 -60.5
-138.522 6.98246 -60.5
-139.077 4.83402 -60.5
-139.111 4.69974 -60.5
-139.615 2.68558 -60.5
-140.085 0.537142 -60.5
-140.555 -1.6113 -60.5
-141.025 -3.75973 -60.5
-141.26 -4.83395 -60.5
-141.495 -5.90817 -60.5
-141.965 -8.05661 -60.5
-142.368 -10.205 -60.5
-142.75 -12.3535 -60.5
-143.039 -14.5019 -60.5
-143.374 -16.6504 -60.5
-143.408 -17.0084 -60.5
-143.581 -18.7988 -60.5
-143.859 -20.9472 -60.5
-144.046 -23.0957 -60.5
-144.18 -25.2441 -60.5
-144.315 -27.3926 -60.5
-144.315 -29.541 -60.5
-144.315 -31.6894 -60.5
-144.222 -33.8379 -60.5
-144.046 -35.9863 -60.5
-143.845 -38.1347 -60.5
-143.576 -40.2832 -60.5
-143.408 -41.3574 -60.5
-143.235 -42.4316 -60.5
-142.838 -44.5801 -60.5
-142.368 -46.7285 -60.5
-141.78 -48.8769 -60.5
-141.26 -50.6673 -60.5
-141.156 -51.0254 -60.5
-140.393 -53.1738 -60.5
-139.631 -55.3223 -60.5
-139.111 -56.665 -60.5
-138.789 -57.4707 -60.5
-137.899 -59.6191 -60.5
-136.963 -61.6908 -60.5
-136.927 -61.7676 -60.5
-135.889 -63.916 -60.5
-134.814 -65.9928 -60.5
-134.777 -66.0644 -60.5
-133.592 -68.2129 -60.5
-132.666 -69.7926 -60.5
-132.321 -70.3613 -60.5
-131.016 -72.5098 -60.5
-130.518 -73.2448 -60.5
-129.558 -74.6582 -60.5
-128.369 -76.3232 -60.5
-128.011 -76.8066 -60.5
-126.42 -78.9551 -60.5
-126.221 -79.1992 -60.5
-124.609 -81.1035 -60.5
-124.072 -81.7383 -60.5
-122.685 -83.252 -60.5
-121.924 -84.0459 -60.5
-120.626 -85.4004 -60.5
-119.775 -86.2508 -60.5
-118.421 -87.5488 -60.5
-117.627 -88.2793 -60.5
-116.016 -89.6973 -60.5
-115.479 -90.1517 -60.5
-113.381 -91.8457 -60.5
-113.33 -91.8855 -60.5
-111.182 -93.4769 -60.5
-110.483 -93.9941 -60.5
-109.033 -95.03 -60.5
-107.394 -96.1426 -60.5
-106.885 -96.4879 -60.5
-104.736 -97.869 -60.5
-104.08 -98.291 -60.5
-102.588 -99.2171 -60.5
-100.503 -100.439 -60.5
-100.439 -100.476 -60.5
-98.291 -101.662 -60.5
-96.5007 -102.588 -60.5
-96.1426 -102.767 -60.5
-93.9941 -103.841 -60.5
-92.0759 -104.736 -60.5
-91.8457 -104.84 -60.5
-89.6973 -105.741 -60.5
-87.5488 -106.642 -60.5
-86.9222 -106.885 -60.5
-85.4004 -107.474 -60.5
-83.252 -108.306 -60.5
-81.2012 -109.033 -60.5
-81.1035 -109.068 -60.5
-78.9551 -109.761 -60.5
-76.8066 -110.454 -60.5
-74.6582 -111.146 -60.5
-74.5239 -111.182 -60.5
-72.5098 -111.701 -60.5
-70.3613 -112.325 -60.5
-68.2129 -112.88 -60.5
-66.2179 -113.33 -60.5
-66.0644 -113.365 -60.5
-63.916 -113.901 -60.5
-61.7676 -114.335 -60.5
-59.6191 -114.751 -60.5
-57.4707 -115.109 -60.5
-55.3223 -115.444 -60.5
-55.1074 -115.479 -60.5
-53.1738 -115.781 -60.5
-51.0254 -116.049 -60.5
-48.8769 -116.276 -60.5
-46.7285 -116.519 -60.5
-44.5801 -116.721 -60.5
-42.4316 -116.878 -60.5
-40.2832 -117.074 -60.5
-38.1347 -117.139 -60.5
-35.9863 -117.204 -60.5
-33.8379 -117.269 -60.5
-31.6894 -117.269 -60.5
-29.541 -117.279 -60.5
-27.3926 -117.279 -60.5
-25.2441 -117.279 -60.5
-23.0957 -117.279 -60.5
-20.9472 -117.269 -60.5
-18.7988 -117.269 -60.5
-16.6504 -117.216 -60.5
-14.5019 -117.204 -60.5
-12.3535 -117.204 -60.5
-10.205 -117.139 -60.5
-8.05661 -117.139 -60.5
-5.90817 -117.139 -60.5
-3.75973 -117.153 -60.5
-1.6113 -117.204 -60.5
0.537142 -117.269 -60.5
2.68558 -117.392 -60.5
4.83402 -117.526 -60.5
6.44535 -117.627 -60.5
