4.83402 -119.876 -0.5
6.98246 -120.018 -0.5
9.13089 -120.157 -0.5
11.2793 -120.364 -0.5
13.4278 -120.642 -0.5
15.5762 -120.883 -0.5
17.7246 -121.152 -0.5
19.8731 -121.353 -0.5
22.0215 -121.612 -0.5
24.17 -121.756 -0.5
26.3184 -121.82 -0.5
28.4668 -121.751 -0.5
30.6153 -121.555 -0.5
32.7637 -121.353 -0.5
34.9122 -121.085 -0.5
37.0606 -120.749 -0.5
39.209 -120.413 -0.5
41.3575 -120.078 -0.5
42.9688 -119.775 -0.5
43.5059 -119.671 -0.5
45.6543 -119.186 -0.5
47.8028 -118.77 -0.5
49.9512 -118.265 -0.5
52.0997 -117.731 -0.5
52.5025 -117.627 -0.5
54.2481 -117.176 -0.5
56.3965 -116.622 -0.5
58.545 -116.068 -0.5
60.6934 -115.513 -0.5
60.8128 -115.479 -0.5
62.8419 -114.889 -0.5
64.9903 -114.266 -0.5
67.1387 -113.699 -0.5
68.3204 -113.33 -0.5
69.2872 -113.018 -0.5
71.4356 -112.424 -0.5
73.584 -111.819 -0.5
75.6251 -111.182 -0.5
75.7325 -111.147 -0.5
77.8809 -110.454 -0.5
80.0294 -109.692 -0.5
81.8848 -109.033 -0.5
82.1778 -108.929 -0.5
84.3262 -108.167 -0.5
86.4747 -107.335 -0.5
87.5489 -106.885 -0.5
88.6231 -106.419 -0.5
90.7715 -105.464 -0.5
92.2755 -104.736 -0.5
92.92 -104.403 -0.5
95.0684 -103.292 -0.5
96.3441 -102.588 -0.5
97.2169 -102.106 -0.5
99.3653 -100.847 -0.5
100.022 -100.439 -0.5
101.514 -99.4803 -0.5
103.364 -98.291 -0.5
103.662 -98.0921 -0.5
105.811 -96.5802 -0.5
106.401 -96.1426 -0.5
107.959 -94.9444 -0.5
109.136 -93.9941 -0.5
110.107 -93.1777 -0.5
111.621 -91.8457 -0.5
112.256 -91.2871 -0.5
113.984 -89.6973 -0.5
114.404 -89.2944 -0.5
116.15 -87.5488 -0.5
116.553 -87.1285 -0.5
118.209 -85.4004 -0.5
118.701 -84.8866 -0.5
120.147 -83.252 -0.5
120.85 -82.4219 -0.5
121.965 -81.1035 -0.5
122.998 -79.8247 -0.5
123.674 -78.9551 -0.5
125.147 -76.8632 -0.5
125.186 -76.8066 -0.5
126.643 -74.6582 -0.5
127.295 -73.6437 -0.5
127.999 -72.5098 -0.5
129.184 -70.3613 -0.5
129.443 -69.8913 -0.5
130.339 -68.2129 -0.5
131.413 -66.0644 -0.5
131.592 -65.6808 -0.5
132.415 -63.916 -0.5
133.346 -61.7676 -0.5
133.74 -60.8586 -0.5
134.277 -59.6191 -0.5
135.137 -57.4707 -0.5
135.889 -55.4199 -0.5
135.923 -55.3223 -0.5
136.616 -53.1738 -0.5
137.24 -51.0254 -0.5
137.795 -48.8769 -0.5
138.037 -47.937 -0.5
138.339 -46.7285 -0.5
138.809 -44.5801 -0.5
139.177 -42.4316 -0.5
139.548 -40.2832 -0.5
139.816 -38.1347 -0.5
140.018 -35.9863 -0.5
140.186 -34.1959 -0.5
140.22 -33.8379 -0.5
140.359 -31.6894 -0.5
140.428 -29.541 -0.5
140.497 -27.3926 -0.5
140.508 -25.2441 -0.5
140.508 -23.0957 -0.5
140.508 -20.9472 -0.5
140.508 -18.7988 -0.5
140.436 -16.6504 -0.5
140.436 -14.5019 -0.5
140.436 -12.3535 -0.5
140.371 -10.205 -0.5
140.436 -8.05661 -0.5
140.436 -5.90817 -0.5
140.508 -3.75973 -0.5
140.497 -1.6113 -0.5
140.428 0.537142 -0.5
140.29 2.68558 -0.5
140.186 3.7598 -0.5
140.082 4.83402 -0.5
139.874 6.98246 -0.5
139.597 9.13089 -0.5
139.279 11.2793 -0.5
139.011 13.4278 -0.5
138.765 15.5762 -0.5
138.488 17.7246 -0.5
138.21 19.8731 -0.5
138.037 21.2159 -0.5
137.936 22.0215 -0.5
137.668 24.17 -0.5
137.332 26.3184 -0.5
136.997 28.4668 -0.5
136.594 30.6153 -0.5
136.131 32.7637 -0.5
135.889 34.017 -0.5
135.715 34.9122 -0.5
135.23 37.0606 -0.5
134.714 39.209 -0.5
134.177 41.3575 -0.5
133.74 42.9091 -0.5
133.567 43.5059 -0.5
132.943 45.6543 -0.5
132.32 47.8028 -0.5
131.627 49.9512 -0.5
131.592 50.0586 -0.5
130.912 52.0997 -0.5
130.195 54.2481 -0.5
129.443 56.2989 -0.5
129.408 56.3965 -0.5
128.62 58.545 -0.5
127.76 60.6934 -0.5
127.295 61.7676 -0.5
126.83 62.8419 -0.5
125.899 64.9903 -0.5
125.147 66.4942 -0.5
124.813 67.1387 -0.5
123.628 69.2872 -0.5
122.998 70.3017 -0.5
122.269 71.4356 -0.5
120.85 73.5275 -0.5
120.808 73.584 -0.5
119.156 75.7325 -0.5
118.701 76.2696 -0.5
117.283 77.8809 -0.5
116.553 78.6418 -0.5
115.105 80.0294 -0.5
114.404 80.6491 -0.5
112.512 82.1778 -0.5
112.256 82.3696 -0.5
110.107 83.7706 -0.5
109.16 84.3262 -0.5
107.959 85.03 -0.5
105.811 86.1413 -0.5
105.12 86.4747 -0.5
103.662 87.1331 -0.5
101.514 88.034 -0.5
99.9919 88.6231 -0.5
99.3653 88.8657 -0.5
97.2169 89.5966 -0.5
95.0684 90.2518 -0.5
93.2781 90.7715 -0.5
92.92 90.8755 -0.5
90.7715 91.4765 -0.5
88.6231 91.9465 -0.5
86.4747 92.4164 -0.5
84.3262 92.8193 -0.5
83.7891 92.92 -0.5
82.1778 93.2221 -0.5
80.0294 93.5578 -0.5
77.8809 93.8935 -0.5
75.7325 94.2292 -0.5
73.584 94.4977 -0.5
71.4356 94.7663 -0.5
69.2872 95.0338 -0.5
68.9291 95.0684 -0.5
67.1387 95.2417 -0.5
64.9903 95.5189 -0.5
62.8419 95.7734 -0.5
60.6934 96.0419 -0.5
58.545 96.2729 -0.5
56.3965 96.5119 -0.5
54.2481 96.6635 -0.5
52.0997 96.8588 -0.5
49.9512 96.989 -0.5
47.8028 97.1162 -0.5
45.6543 97.1192 -0.5
43.5059 97.1833 -0.5
41.3575 97.1192 -0.5
39.209 97.0541 -0.5
37.0606 96.9819 -0.5
34.9122 96.7805 -0.5
32.7637 96.579 -0.5
30.6153 96.3105 -0.5
28.4668 96.0419 -0.5
26.3184 95.7961 -0.5
24.17 95.5189 -0.5
22.0215 95.311 -0.5
19.8731 95.102 -0.5
19.515 95.0684 -0.5
17.7246 94.8952 -0.5
15.5762 94.632 -0.5
13.4278 94.3635 -0.5
11.2793 94.1328 -0.5
9.13089 93.8556 -0.5
6.98246 93.5784 -0.5
4.83402 93.3705 -0.5
2.68558 93.1706 -0.5
0.537142 93.099 -0.5
-1.6113 93.0274 -0.5
-3.75973 93.099 -0.5
-5.90817 93.2423 -0.5
-8.05661 93.5091 -0.5
-10.205 93.8152 -0.5
-12.3535 94.1621 -0.5
-14.5019 94.5486 -0.5
-16.6504 94.8952 -0.5
-17.5455 95.0684 -0.5
-18.7988 95.3034 -0.5
-20.9472 95.6575 -0.5
-23.0957 96.004 -0.5
-25.2441 96.3776 -0.5
-27.3926 96.6971 -0.5
-29.541 96.9147 -0.5
-31.6894 97.1822 -0.5
-32.0475 97.2169 -0.5
-33.8379 97.3847 -0.5
-35.9863 97.5861 -0.5
-38.1347 97.8547 -0.5
-40.2832 98.1904 -0.5
-42.4316 98.499 -0.5
-44.5801 98.7946 -0.5
-46.7285 98.9841 -0.5
-48.8769 98.996 -0.5
-51.0254 98.8618 -0.5
-53.1738 98.6376 -0.5
-55.3223 98.3247 -0.5
-57.4707 97.989 -0.5
-59.6191 97.7875 -0.5
-61.7676 97.519 -0.5
-63.916 97.3176 -0.5
-64.9902 97.2169 -0.5
-66.0644 97.1129 -0.5
-68.2129 96.7805 -0.5
-70.3613 96.4448 -0.5
-72.5098 96.0733 -0.5
-74.6582 95.7268 -0.5
-76.8066 95.3803 -0.5
-78.7402 95.0684 -0.5
-78.9551 95.0338 -0.5
-81.1035 94.632 -0.5
-83.252 94.2714 -0.5
-85.4004 93.8556 -0.5
-87.5488 93.4235 -0.5
-89.563 92.92 -0.5
-89.6973 92.8853 -0.5
-91.8457 92.3309 -0.5
-93.9941 91.7765 -0.5
-96.1426 91.1527 -0.5
-97.2168 90.7715 -0.5
-98.291 90.3904 -0.5
-100.439 89.6615 -0.5
-102.588 88.8021 -0.5
-102.972 88.6231 -0.5
-104.736 87.7995 -0.5
-106.885 86.734 -0.5
-107.303 86.4747 -0.5
-109.033 85.3621 -0.5
-110.56 84.3262 -0.5
-111.182 83.8718 -0.5
-113.279 82.1778 -0.5
-113.33 82.133 -0.5
-115.479 80.0741 -0.5
-115.523 80.0294 -0.5
-117.498 77.8809 -0.5
-117.627 77.7275 -0.5
-119.179 75.7325 -0.5
-119.775 74.8844 -0.5
-120.658 73.584 -0.5
-121.924 71.6146 -0.5
-122.035 71.4356 -0.5
-123.177 69.2872 -0.5
-124.072 67.4968 -0.5
-124.251 67.1387 -0.5
-125.216 64.9903 -0.5
-126.113 62.8419 -0.5
-126.221 62.5733 -0.5
-126.926 60.6934 -0.5
-127.641 58.545 -0.5
-128.369 56.4942 -0.5
-128.403 56.3965 -0.5
-129.028 54.2481 -0.5
-129.651 52.0997 -0.5
-130.275 49.9512 -0.5
-130.518 49.0113 -0.5
-130.829 47.8028 -0.5
-131.384 45.6543 -0.5
-131.938 43.5059 -0.5
-132.423 41.3575 -0.5
-132.666 40.2832 -0.5
-132.909 39.209 -0.5
-133.371 37.0606 -0.5
-133.841 34.9122 -0.5
-134.295 32.7637 -0.5
-134.711 30.6153 -0.5
-134.814 30.0782 -0.5
-135.126 28.4668 -0.5
-135.542 26.3184 -0.5
-135.889 24.17 -0.5
-136.259 22.0215 -0.5
-136.618 19.8731 -0.5
-136.963 17.9395 -0.5
-136.999 17.7246 -0.5
-137.37 15.5762 -0.5
-137.741 13.4278 -0.5
-138.152 11.2793 -0.5
-138.613 9.13089 -0.5
-139.073 6.98246 -0.5
-139.111 6.80342 -0.5
-139.505 4.83402 -0.5
-139.863 2.68558 -0.5
-140.26 0.537142 -0.5
-140.63 -1.6113 -0.5
-140.926 -3.75973 -0.5
-141.075 -5.90817 -0.5
-141.145 -8.05661 -0.5
-141.14 -10.205 -0.5
-141.136 -12.3535 -0.5
-141.131 -14.5019 -0.5
-141.26 -15.5761 -0.5
-141.379 -16.6504 -0.5
-141.632 -18.7988 -0.5
-141.962 -20.9472 -0.5
-142.175 -23.0957 -0.5
-142.175 -25.2441 -0.5
-142.016 -27.3926 -0.5
-141.777 -29.541 -0.5
-141.538 -31.6894 -0.5
-141.379 -33.8379 -0.5
-141.375 -35.9863 -0.5
-141.371 -38.1347 -0.5
-141.26 -39.7461 -0.5
-141.221 -40.2832 -0.5
-141.068 -42.4316 -0.5
-140.778 -44.5801 -0.5
-140.365 -46.7285 -0.5
-139.863 -48.8769 -0.5
-139.29 -51.0254 -0.5
-139.111 -51.6222 -0.5
-138.646 -53.1738 -0.5
-137.93 -55.3223 -0.5
-137.214 -57.4707 -0.5
-136.963 -58.0973 -0.5
-136.333 -59.6191 -0.5
-135.444 -61.7676 -0.5
-134.814 -63.2894 -0.5
-134.536 -63.916 -0.5
-133.548 -66.0644 -0.5
-132.666 -67.8292 -0.5
-132.467 -68.2129 -0.5
-131.323 -70.3613 -0.5
-130.518 -71.7712 -0.5
-130.08 -72.5098 -0.5
-128.791 -74.6582 -0.5
-128.369 -75.3147 -0.5
-127.375 -76.8066 -0.5
-126.221 -78.4462 -0.5
-125.834 -78.9551 -0.5
-124.201 -81.1035 -0.5
-124.072 -81.2646 -0.5
-122.416 -83.252 -0.5
-121.924 -83.8146 -0.5
-120.476 -85.4004 -0.5
-119.775 -86.1328 -0.5
-118.359 -87.5488 -0.5
-117.627 -88.2812 -0.5
-116.144 -89.6973 -0.5
-115.479 -90.3044 -0.5
-113.79 -91.8457 -0.5
-113.33 -92.266 -0.5
-111.238 -93.9941 -0.5
-111.182 -94.0389 -0.5
-109.033 -95.6502 -0.5
-108.377 -96.1426 -0.5
-106.885 -97.2168 -0.5
-105.393 -98.291 -0.5
-104.736 -98.7455 -0.5
-102.588 -100.053 -0.5
-101.984 -100.439 -0.5
-100.439 -101.39 -0.5
-98.3626 -102.588 -0.5
-98.291 -102.628 -0.5
-96.1426 -103.821 -0.5
-94.3778 -104.736 -0.5
-93.9941 -104.928 -0.5
-91.8457 -105.926 -0.5
-89.6973 -106.845 -0.5
-89.5996 -106.885 -0.5
-87.5488 -107.69 -0.5
-85.4004 -108.516 -0.5
-84.0039 -109.033 -0.5
-83.252 -109.302 -0.5
-81.1035 -110.107 -0.5
-78.9551 -110.824 -0.5
-77.8809 -111.182 -0.5
-76.8066 -111.527 -0.5
-74.6582 -112.097 -0.5
-72.5098 -112.628 -0.5
-70.3613 -113.115 -0.5
-69.4661 -113.33 -0.5
-68.2129 -113.609 -0.5
-66.0644 -114.115 -0.5
-63.916 -114.611 -0.5
-61.7676 -115.178 -0.5
-60.5143 -115.479 -0.5
-59.6191 -115.67 -0.5
-57.4707 -116.054 -0.5
-55.3223 -116.438 -0.5
-53.1738 -116.791 -0.5
-51.0254 -117.09 -0.5
-48.8769 -117.348 -0.5
-46.9971 -117.627 -0.5
-46.7285 -117.664 -0.5
-44.5801 -117.886 -0.5
-42.4316 -118.049 -0.5
-40.2832 -118.257 -0.5
-38.1347 -118.479 -0.5
-35.9863 -118.627 -0.5
-33.8379 -118.737 -0.5
-31.6894 -118.809 -0.5
-29.541 -118.88 -0.5
-27.3926 -118.88 -0.5
-25.2441 -118.809 -0.5
-23.0957 -118.809 -0.5
-20.9472 -118.775 -0.5
-18.7988 -118.775 -0.5
-16.6504 -118.809 -0.5
-14.5019 -118.909 -0.5
-12.3535 -118.936 -0.5
-10.205 -119.027 -0.5
-8.05661 -119.138 -0.5
-5.90817 -119.222 -0.5
-3.75973 -119.339 -0.5
-1.6113 -119.473 -0.5
0.537142 -119.602 -0.5
2.68558 -119.741 -0.5
3.22269 -119.775 -0.5
