-42.4316 -91.8804 97
-40.2832 -92.019 97
-38.1347 -92.0883 97
-35.9863 -92.215 97
-33.8379 -92.2821 97
-31.6894 -92.3492 97
-29.541 -92.4164 97
-27.3926 -92.4164 97
-25.2441 -92.4164 97
-23.0957 -92.4164 97
-20.9472 -92.3492 97
-18.7988 -92.2962 97
-16.6504 -92.215 97
-14.5019 -92.0807 97
-12.3535 -91.9464 97
-11.2793 -91.8457 97
-10.205 -91.7383 97
-8.05661 -91.5234 97
-5.90817 -91.3802 97
-3.75973 -91.237 97
-1.6113 -91.118 97
0.537142 -91.118 97
2.68558 -91.1654 97
4.83402 -91.2566 97
6.98246 -91.4518 97
9.13089 -91.6667 97
10.9213 -91.8457 97
11.2793 -91.8793 97
13.4278 -92.0807 97
15.5762 -92.2821 97
17.7246 -92.4164 97
19.8731 -92.5507 97
22.0215 -92.6595 97
24.17 -92.7246 97
26.3184 -92.7897 97
28.4668 -92.8192 97
30.6153 -92.8192 97
32.7637 -92.8192 97
34.9122 -92.7897 97
37.0606 -92.6849 97
39.209 -92.5944 97
41.3575 -92.4164 97
43.5059 -92.2821 97
45.6543 -92.0807 97
47.5342 -91.8457 97
47.8028 -91.8111 97
49.9512 -91.5338 97
52.0997 -91.2566 97
54.2481 -90.9794 97
56.3965 -90.7022 97
58.545 -90.4022 97
60.6934 -90.0665 97
62.8419 -89.7308 97
63.0209 -89.6973 97
64.9903 -89.3161 97
67.1387 -88.9696 97
69.2872 -88.623 97
71.4356 -88.2072 97
73.584 -87.7838 97
74.6583 -87.5488 97
75.7325 -87.3063 97
77.8809 -86.8211 97
80.0294 -86.336 97
82.1778 -85.7697 97
83.4907 -85.4004 97
84.3262 -85.1497 97
86.4747 -84.4648 97
88.6231 -83.7717 97
90.2344 -83.252 97
90.7715 -83.0729 97
92.92 -82.2852 97
95.0684 -81.4847 97
96.0531 -81.1035 97
97.2169 -80.638 97
99.3653 -79.7786 97
101.424 -78.9551 97
101.514 -78.918 97
103.662 -77.9883 97
105.811 -77.0573 97
106.389 -76.8066 97
107.959 -76.1263 97
110.107 -75.1237 97
111.105 -74.6582 97
112.256 -74.1026 97
114.404 -72.9913 97
115.335 -72.5098 97
116.553 -71.88 97
118.701 -70.6947 97
119.238 -70.3613 97
120.85 -69.3255 97
122.58 -68.2129 97
122.998 -67.9344 97
125.147 -66.3429 97
125.505 -66.0644 97
127.295 -64.6184 97
128.089 -63.916 97
129.443 -62.6699 97
130.383 -61.7676 97
131.592 -60.6074 97
132.58 -59.6191 97
133.74 -58.3581 97
134.525 -57.4707 97
135.889 -55.9294 97
136.426 -55.3223 97
138.037 -53.3273 97
138.161 -53.1738 97
139.896 -51.0254 97
140.186 -50.6494 97
141.549 -48.8769 97
142.334 -47.905 97
143.284 -46.7285 97
144.483 -45.3125 97
145.127 -44.5801 97
146.631 -42.9454 97
147.145 -42.4316 97
148.779 -40.9277 97
149.585 -40.2832 97
150.928 -39.3241 97
153.009 -38.1347 97
153.076 -38.0977 97
155.225 -37.1991 97
157.373 -36.5754 97
159.522 -36.1491 97
160.864 -35.9863 97
161.67 -35.8856 97
163.818 -35.6933 97
165.967 -35.5124 97
168.115 -35.4329 97
170.264 -35.3678 97
172.412 -35.2376 97
174.561 -35.0799 97
176.709 -34.847 97
178.858 -34.5428 97
181.006 -34.2071 97
182.694 -33.8379 97
183.154 -33.7339 97
185.303 -33.1795 97
187.451 -32.5557 97
189.6 -31.7252 97
189.682 -31.6894 97
191.748 -30.7942 97
193.897 -29.7262 97
194.213 -29.541 97
196.045 -28.4284 97
197.572 -27.3926 97
198.193 -26.9549 97
200.342 -25.2854 97
200.389 -25.2441 97
202.49 -23.3105 97
202.714 -23.0957 97
204.639 -21.0874 97
204.768 -20.9472 97
206.744 -18.7988 97
206.787 -18.7476 97
208.481 -16.6504 97
208.936 -16.0595 97
210.048 -14.5019 97
211.084 -12.9754 97
211.492 -12.3535 97
212.677 -10.205 97
213.233 -9.13083 97
213.77 -8.05661 97
214.629 -5.90817 97
215.381 -3.85739 97
215.416 -3.75973 97
216.109 -1.6113 97
216.663 0.537142 97
217.136 2.68558 97
217.495 4.83402 97
217.529 5.04886 97
217.832 6.98246 97
218.049 9.13089 97
218.234 11.2793 97
218.301 13.4278 97
218.369 15.5762 97
218.326 17.7246 97
218.234 19.8731 97
218.1 22.0215 97
217.899 24.17 97
217.564 26.3184 97
217.529 26.5332 97
217.207 28.4668 97
216.706 30.6153 97
216.061 32.7637 97
215.381 34.6192 97
215.27 34.9122 97
214.343 37.0606 97
213.27 39.209 97
213.233 39.2762 97
212.043 41.3575 97
211.084 42.8494 97
210.646 43.5059 97
209.135 45.6543 97
208.936 45.9101 97
207.346 47.8028 97
206.787 48.41 97
205.369 49.9512 97
204.639 50.6817 97
203.098 52.0997 97
202.49 52.6583 97
200.503 54.2481 97
200.342 54.372 97
198.193 55.9589 97
197.572 56.3965 97
196.045 57.4324 97
194.213 58.545 97
193.897 58.7302 97
191.748 59.9896 97
190.387 60.6934 97
189.6 61.1009 97
187.451 62.1615 97
185.993 62.8419 97
185.303 63.1641 97
183.154 64.0547 97
181.006 64.9545 97
180.923 64.9903 97
178.858 65.8566 97
176.709 66.7448 97
175.865 67.1387 97
174.561 67.7475 97
172.412 68.8056 97
171.591 69.2872 97
170.264 70.065 97
168.115 71.3972 97
168.059 71.4356 97
165.967 72.8551 97
164.833 73.584 97
163.818 74.2362 97
161.67 75.6927 97
161.607 75.7325 97
159.522 76.9985 97
158.068 77.8809 97
157.373 78.2884 97
155.225 79.4737 97
154.218 80.0294 97
153.076 80.6591 97
150.928 81.7839 97
150.14 82.1778 97
148.779 82.8581 97
146.631 83.8607 97
145.557 84.3262 97
144.483 84.7767 97
142.334 85.6084 97
140.186 86.44 97
140.088 86.4747 97
138.037 87.2024 97
135.889 87.9182 97
133.74 88.5885 97
133.633 88.6231 97
131.592 89.2609 97
129.443 89.8359 97
127.295 90.3904 97
125.818 90.7715 97
125.147 90.9448 97
122.998 91.4992 97
120.85 91.9844 97
118.701 92.4695 97
116.706 92.92 97
116.553 92.9546 97
114.404 93.4235 97
112.256 93.8264 97
110.107 94.2963 97
107.959 94.6992 97
106.271 95.0684 97
105.811 95.1691 97
103.662 95.572 97
101.514 96.0419 97
99.3653 96.4448 97
97.2169 96.9743 97
96.1426 97.2169 97
95.0684 97.4518 97
92.92 97.9446 97
90.7715 98.4701 97
88.6231 98.9841 97
87.1461 99.3653 97
86.4747 99.5386 97
84.3262 100.003 97
82.1778 100.374 97
80.0294 100.607 97
77.8809 100.765 97
75.7325 100.83 97
73.584 100.85 97
71.4356 100.895 97
69.2872 100.85 97
67.1387 100.85 97
64.9903 100.83 97
62.8419 100.765 97
60.6934 100.635 97
58.545 100.473 97
56.3965 100.205 97
54.2481 99.8158 97
52.0997 99.4011 97
51.9206 99.3653 97
49.9512 98.9714 97
47.8028 98.6133 97
45.6543 98.3269 97
43.5059 98.0404 97
41.3575 97.8256 97
39.209 97.6107 97
37.0606 97.4021 97
35.7178 97.2169 97
34.9122 97.1018 97
32.7637 96.7181 97
30.6153 96.3345 97
28.4668 95.9508 97
26.3184 95.5672 97
24.17 95.1082 97
23.9909 95.0684 97
22.0215 94.6464 97
19.8731 94.1533 97
17.7246 93.5963 97
15.5762 93.0439 97
15.1158 92.92 97
13.4278 92.498 97
11.2793 91.9939 97
9.13089 91.5235 97
6.98246 91.0938 97
5.04886 90.7715 97
4.83402 90.7369 97
2.68558 90.3904 97
0.537142 90.1132 97
-1.6113 89.9052 97
-3.75973 89.7309 97
-5.90817 89.6973 97
-8.05661 89.798 97
-10.205 89.9995 97
-12.3535 90.3211 97
-14.5019 90.7369 97
-14.6554 90.7715 97
-16.6504 91.2079 97
-18.7988 91.7072 97
-20.9472 92.2616 97
-23.0957 92.8842 97
-23.23 92.92 97
-25.2441 93.4398 97
-27.3926 94.0635 97
-29.541 94.6179 97
-31.2866 95.0684 97
-31.6894 95.1724 97
-33.8379 95.7062 97
-35.9863 96.1762 97
-38.1347 96.6971 97
-40.2832 97.1162 97
-40.9277 97.2169 97
-42.4316 97.4447 97
-44.5801 97.64 97
-46.7285 97.7702 97
-48.8769 97.7702 97
-51.0254 97.7702 97
-53.1738 97.7702 97
-55.3223 97.7702 97
-57.4707 97.754 97
-59.6191 97.7051 97
-61.7676 97.64 97
-63.916 97.5098 97
-66.0644 97.3145 97
-66.8701 97.2169 97
-68.2129 97.049 97
-70.3613 96.7133 97
-72.5098 96.3776 97
-74.6582 96.0419 97
-76.8066 95.7268 97
-78.9551 95.4496 97
-81.1035 95.2363 97
-82.8939 95.0684 97
-83.252 95.0338 97
-85.4004 94.7663 97
-87.5488 94.4977 97
-89.6973 94.2292 97
-91.8457 93.8935 97
-93.9941 93.6249 97
-96.1426 93.3012 97
-98.291 93.0207 97
-98.9355 92.92 97
-100.439 92.685 97
-102.588 92.3493 97
-104.736 91.9844 97
-106.885 91.6108 97
-109.033 91.2079 97
-111.028 90.7715 97
-111.182 90.738 97
-113.33 90.3211 97
-115.479 89.8359 97
-117.627 89.3952 97
-119.775 88.8657 97
-120.85 88.6231 97
-121.924 88.3805 97
-124.072 87.851 97
-126.221 87.3139 97
-128.369 86.7768 97
-129.443 86.4747 97
-130.518 86.1628 97
-132.666 85.5683 97
-134.814 84.9153 97
-136.475 84.3262 97
-136.963 84.153 97
-139.111 83.4599 97
-141.26 82.6283 97
-142.424 82.1778 97
-143.408 81.7839 97
-145.557 80.8529 97
-147.457 80.0294 97
-147.705 79.9182 97
-149.854 78.8477 97
-151.56 77.8809 97
-152.002 77.6124 97
-154.15 76.308 97
-154.998 75.7325 97
-156.299 74.8174 97
-157.885 73.584 97
-158.447 73.1296 97
-160.449 71.4356 97
-160.596 71.3117 97
-162.744 69.4937 97
-162.988 69.2872 97
-164.893 67.6758 97
-165.558 67.1387 97
-167.041 65.9849 97
-168.454 64.9903 97
-169.189 64.4915 97
-171.338 63.1752 97
-171.942 62.8419 97
-173.486 61.9899 97
-175.635 60.9441 97
-176.213 60.6934 97
-177.783 60.0131 97
-179.932 59.0821 97
-181.274 58.545 97
-182.08 58.2227 97
-184.229 57.3633 97
-186.377 56.4323 97
-186.46 56.3965 97
-188.525 55.5014 97
-190.674 54.4333 97
-191.032 54.2481 97
-192.822 53.322 97
-194.908 52.0997 97
-194.971 52.0613 97
-197.119 50.7569 97
-198.306 49.9512 97
-199.268 49.299 97
-201.362 47.8028 97
-201.416 47.7615 97
-203.564 46.092 97
-204.102 45.6543 97
-205.713 44.2364 97
-206.507 43.5059 97
-207.861 42.2598 97
-208.801 41.3575 97
-210.01 40.149 97
-210.912 39.209 97
-212.158 37.8546 97
-212.861 37.0606 97
-214.307 35.2702 97
-214.585 34.9122 97
-216.11 32.7637 97
-216.455 32.2549 97
-217.529 30.6153 97
-218.604 28.7828 97
-218.789 28.4668 97
-219.9 26.3184 97
-220.752 24.5536 97
-220.925 24.17 97
-221.757 22.0215 97
-222.578 19.8731 97
-222.9 18.9063 97
-223.282 17.7246 97
-223.836 15.5762 97
-224.369 13.4278 97
-224.737 11.2793 97
-225.049 9.34574 97
-225.084 9.13089 97
-225.351 6.98246 97
-225.485 4.83402 97
-225.569 2.68558 97
-225.62 0.537142 97
-225.62 -1.6113 97
-225.485 -3.75973 97
-225.284 -5.90817 97
-225.049 -7.41208 97
-224.941 -8.05661 97
-224.512 -10.205 97
-223.867 -12.3535 97
-223.079 -14.5019 97
-222.9 -14.9151 97
-222.123 -16.6504 97
-220.944 -18.7988 97
-220.752 -19.0972 97
-219.563 -20.9472 97
-218.604 -22.2261 97
-217.901 -23.0957 97
-216.455 -24.8047 97
-216.052 -25.2441 97
-214.307 -26.9897 97
-213.886 -27.3926 97
-212.158 -28.9824 97
-211.493 -29.541 97
-210.01 -30.7392 97
-208.774 -31.6894 97
-207.861 -32.3416 97
-205.713 -33.7228 97
-205.523 -33.8379 97
-203.564 -34.9862 97
-201.752 -35.9863 97
-201.416 -36.1715 97
-199.268 -37.1679 97
-197.119 -38.0977 97
-197.022 -38.1347 97
-194.971 -38.8624 97
-192.822 -39.5555 97
-190.674 -40.1099 97
-189.907 -40.2832 97
-188.525 -40.5951 97
-186.377 -41.0553 97
-184.229 -41.391 97
-182.08 -41.7267 97
-179.932 -41.9952 97
-177.783 -42.1891 97
-175.635 -42.3277 97
-173.486 -42.3958 97
-171.338 -42.3958 97
-169.189 -42.3958 97
-167.041 -42.397 97
-165.967 -42.4316 97
-164.893 -42.4674 97
-162.744 -42.5356 97
-160.596 -42.6742 97
-158.447 -42.8128 97
-156.299 -43.112 97
-154.15 -43.5751 97
-152.002 -44.2467 97
-151.258 -44.5801 97
-149.854 -45.2323 97
-147.705 -46.5296 97
-147.437 -46.7285 97
-145.557 -48.2324 97
-144.856 -48.8769 97
-143.408 -50.2645 97
-142.678 -51.0254 97
-141.26 -52.5666 97
-140.701 -53.1738 97
-139.111 -54.9805 97
-138.822 -55.3223 97
-136.963 -57.424 97
-136.92 -57.4707 97
-135.029 -59.6191 97
-134.814 -59.8429 97
-132.967 -61.7676 97
-132.666 -62.0809 97
-130.831 -63.916 97
-130.518 -64.2168 97
-128.509 -66.0644 97
-128.369 -66.1934 97
-126.221 -68.084 97
-126.06 -68.2129 97
-124.072 -69.7416 97
-123.224 -70.3613 97
-121.924 -71.2764 97
-120.074 -72.5098 97
-119.775 -72.7016 97
-117.627 -74.006 97
-116.486 -74.6582 97
-115.479 -75.2138 97
-113.33 -76.3251 97
-112.399 -76.8066 97
-111.182 -77.4364 97
-109.033 -78.4735 97
-108.036 -78.9551 97
-106.885 -79.4922 97
-104.736 -80.3997 97
-103.166 -81.1035 97
-102.588 -81.3461 97
-100.439 -82.2135 97
-98.291 -83.0013 97
-97.6074 -83.252 97
-96.1426 -83.7717 97
-93.9941 -84.3955 97
-91.8457 -85.0192 97
-90.5328 -85.4004 97
-89.6973 -85.643 97
-87.5488 -86.1281 97
-85.4004 -86.6536 97
-83.252 -87.1549 97
-81.2825 -87.5488 97
-81.1035 -87.5846 97
-78.9551 -87.9993 97
-76.8066 -88.4151 97
-74.6582 -88.7305 97
-72.5098 -89.0389 97
-70.3613 -89.375 97
-68.2129 -89.6602 97
-67.9443 -89.6973 97
-66.0644 -89.9398 97
-63.916 -90.1477 97
-61.7676 -90.4022 97
-59.6191 -90.6329 97
-57.4707 -90.7715 97
-55.3223 -90.9505 97
-53.1738 -91.1419 97
-51.0254 -91.2901 97
-48.8769 -91.4518 97
-46.7285 -91.5951 97
-44.5801 -91.7383 97
-42.9687 -91.8457 97
