-48.8769 -94.0981 92
-46.7285 -94.2367 92
-44.5801 -94.4305 92
-42.4316 -94.5648 92
-40.2832 -94.632 92
-38.1347 -94.7662 92
-35.9863 -94.8334 92
-33.8379 -94.873 92
-31.6894 -94.9005 92
-29.541 -94.9677 92
-27.3926 -94.9677 92
-25.2441 -94.9677 92
-23.0957 -94.9005 92
-20.9472 -94.8334 92
-18.7988 -94.6991 92
-16.6504 -94.5648 92
-14.5019 -94.4305 92
-12.3535 -94.2963 92
-10.205 -94.0981 92
-9.13083 -93.9941 92
-8.05661 -93.8902 92
-5.90817 -93.7435 92
-3.75973 -93.6003 92
-1.6113 -93.5286 92
0.537142 -93.4744 92
2.68558 -93.5286 92
4.83402 -93.6719 92
6.98246 -93.8151 92
8.77282 -93.9941 92
9.13089 -94.0288 92
11.2793 -94.2291 92
13.4278 -94.4305 92
15.5762 -94.632 92
17.7246 -94.7662 92
19.8731 -94.9005 92
22.0215 -95.0348 92
24.17 -95.1377 92
26.3184 -95.207 92
28.4668 -95.2763 92
30.6153 -95.2763 92
32.7637 -95.2763 92
34.9122 -95.207 92
37.0606 -95.1377 92
39.209 -95.0684 92
41.3575 -94.9005 92
43.5059 -94.7662 92
45.6543 -94.5139 92
47.8028 -94.2963 92
49.9512 -94.0288 92
50.2198 -93.9941 92
52.0997 -93.7516 92
54.2481 -93.457 92
56.3965 -93.1278 92
58.545 -92.8192 92
60.6934 -92.4835 92
62.8419 -92.1478 92
64.7754 -91.8457 92
64.9903 -91.8099 92
67.1387 -91.3952 92
69.2872 -91.0487 92
71.4356 -90.6329 92
73.584 -90.217 92
75.7325 -89.8012 92
76.1929 -89.6973 92
77.8809 -89.3161 92
80.0294 -88.831 92
82.1778 -88.3008 92
84.3262 -87.7279 92
84.9976 -87.5488 92
86.4747 -87.1549 92
88.6231 -86.4388 92
90.7715 -85.7123 92
91.5772 -85.4004 92
92.92 -84.8633 92
95.0684 -84.049 92
96.969 -83.252 92
97.2169 -83.1445 92
99.3653 -82.2852 92
101.514 -81.4258 92
102.257 -81.1035 92
103.662 -80.4948 92
105.811 -79.5638 92
107.115 -78.9551 92
107.959 -78.5612 92
110.107 -77.5586 92
111.611 -76.8066 92
112.256 -76.4733 92
114.404 -75.362 92
115.68 -74.6582 92
116.553 -74.1595 92
118.701 -72.9318 92
119.396 -72.5098 92
120.85 -71.5947 92
122.7 -70.3613 92
122.998 -70.1624 92
125.147 -68.571 92
125.607 -68.2129 92
127.295 -66.8495 92
128.223 -66.0644 92
129.443 -64.9902 92
130.611 -63.916 92
131.592 -62.9761 92
132.752 -61.7676 92
133.74 -60.6933 92
134.691 -59.6191 92
135.889 -58.2031 92
136.486 -57.4707 92
138.037 -55.4757 92
138.157 -55.3223 92
139.668 -53.1738 92
140.186 -52.4756 92
141.26 -51.0254 92
142.334 -49.4989 92
142.772 -48.8769 92
144.363 -46.7285 92
144.483 -46.575 92
146.094 -44.5801 92
146.631 -43.9453 92
148.018 -42.4316 92
148.779 -41.7012 92
150.467 -40.2832 92
150.928 -39.9113 92
153.076 -38.5568 92
153.92 -38.1347 92
155.225 -37.526 92
157.373 -36.8526 92
159.522 -36.3556 92
161.67 -36.0199 92
162.028 -35.9863 92
163.818 -35.8235 92
165.967 -35.6933 92
168.115 -35.5756 92
170.264 -35.5124 92
172.412 -35.4329 92
174.561 -35.3027 92
176.709 -35.1074 92
178.858 -34.9121 92
181.006 -34.5866 92
183.154 -34.2071 92
184.842 -33.8379 92
185.303 -33.7339 92
187.451 -33.1102 92
189.6 -32.4171 92
191.65 -31.6894 92
191.748 -31.6524 92
193.897 -30.6893 92
196.045 -29.578 92
196.108 -29.541 92
198.193 -28.2749 92
199.494 -27.3926 92
200.342 -26.7728 92
202.329 -25.2441 92
202.49 -25.1152 92
204.639 -23.1386 92
204.684 -23.0957 92
206.742 -20.9472 92
206.787 -20.8984 92
208.635 -18.7988 92
208.936 -18.4407 92
210.278 -16.6504 92
211.084 -15.5224 92
211.813 -14.5019 92
213.117 -12.3535 92
213.233 -12.1521 92
214.271 -10.205 92
215.27 -8.05661 92
215.381 -7.76364 92
216.061 -5.90817 92
216.802 -3.75973 92
217.494 -1.6113 92
217.529 -1.47702 92
218.049 0.537142 92
218.534 2.68558 92
218.95 4.83402 92
219.297 6.98246 92
219.505 9.13089 92
219.678 10.9213 92
219.711 11.2793 92
219.782 13.4278 92
219.846 15.5762 92
219.846 17.7246 92
219.779 19.8731 92
219.678 20.9473 92
219.574 22.0215 92
219.366 24.17 92
219.019 26.3184 92
218.534 28.4668 92
217.98 30.6153 92
217.529 32.0118 92
217.279 32.7637 92
216.491 34.9122 92
215.56 37.0606 92
215.381 37.4187 92
214.455 39.209 92
213.233 41.2943 92
213.194 41.3575 92
211.76 43.5059 92
211.084 44.419 92
210.134 45.6543 92
208.936 47.0704 92
208.291 47.8028 92
206.787 49.4375 92
206.273 49.9512 92
204.639 51.4551 92
203.938 52.0997 92
202.49 53.3805 92
201.362 54.2481 92
200.342 55.004 92
198.363 56.3965 92
198.193 56.5159 92
196.045 57.8928 92
194.904 58.545 92
193.897 59.1006 92
191.748 60.2119 92
190.817 60.6934 92
189.6 61.3021 92
187.451 62.2331 92
185.929 62.8419 92
185.303 63.0844 92
183.154 63.9161 92
181.006 64.668 92
180.039 64.9903 92
178.858 65.3842 92
176.709 66.1719 92
174.561 67.0313 92
174.313 67.1387 92
172.412 67.9623 92
170.264 69.102 92
169.948 69.2872 92
168.115 70.3997 92
166.589 71.4356 92
165.967 71.8576 92
163.818 73.3851 92
163.55 73.584 92
161.67 74.9765 92
160.65 75.7325 92
159.522 76.5381 92
157.543 77.8809 92
157.373 77.996 92
155.225 79.3772 92
154.083 80.0294 92
153.076 80.585 92
150.928 81.8325 92
150.283 82.1778 92
148.779 82.9297 92
146.631 84.004 92
145.94 84.3262 92
144.483 85.0066 92
142.334 85.9376 92
140.991 86.4747 92
140.186 86.7865 92
138.037 87.5489 92
135.889 88.3112 92
134.922 88.6231 92
133.74 88.9924 92
131.592 89.628 92
129.443 90.2518 92
127.429 90.7715 92
127.295 90.8051 92
125.147 91.2913 92
122.998 91.8122 92
120.85 92.2822 92
118.701 92.7521 92
117.934 92.92 92
116.553 93.2221 92
114.404 93.6921 92
112.256 94.0949 92
110.107 94.5486 92
107.959 94.9677 92
107.499 95.0684 92
105.811 95.4377 92
103.662 95.8405 92
101.514 96.3105 92
99.3653 96.7133 92
97.2169 97.1822 92
97.0378 97.2169 92
95.0684 97.5861 92
92.92 98.0832 92
90.7715 98.6376 92
88.6231 99.192 92
87.9517 99.3653 92
86.4747 99.7346 92
84.3262 100.179 92
82.1778 100.473 92
80.0294 100.7 92
77.8809 100.787 92
75.7325 100.85 92
73.584 100.895 92
71.4356 100.895 92
69.2872 100.895 92
67.1387 100.895 92
64.9903 100.895 92
62.8419 100.83 92
60.6934 100.787 92
58.545 100.7 92
56.3965 100.57 92
54.2481 100.406 92
52.0997 100.137 92
49.9512 99.7465 92
47.8028 99.4 92
47.6237 99.3653 92
45.6543 98.9714 92
43.5059 98.6133 92
41.3575 98.3269 92
39.209 98.1429 92
37.0606 97.9947 92
34.9122 97.7725 92
32.7637 97.4854 92
31.2598 97.2169 92
30.6153 97.1018 92
28.4668 96.6996 92
26.3184 96.2222 92
24.17 95.7448 92
22.0215 95.2674 92
21.1263 95.0684 92
19.8731 94.7999 92
17.7246 94.3395 92
15.5762 93.8791 92
13.4278 93.3576 92
11.4584 92.92 92
11.2793 92.8816 92
9.13089 92.3644 92
6.98246 91.9199 92
4.83402 91.5951 92
2.68558 91.3087 92
0.537142 91.0938 92
-1.6113 91.0141 92
-3.75973 90.9448 92
-5.90817 90.8755 92
-8.05661 90.9448 92
-10.205 91.0834 92
-12.3535 91.2913 92
-14.5019 91.6667 92
-16.6504 92.0964 92
-18.7988 92.5977 92
-20.1799 92.92 92
-20.9472 93.099 92
-23.0957 93.6719 92
-25.2441 94.2021 92
-27.3926 94.7462 92
-28.6011 95.0684 92
-29.541 95.311 92
-31.6894 95.8654 92
-33.8379 96.3506 92
-35.9863 96.8357 92
-37.9557 97.2169 92
-38.1347 97.2504 92
-40.2832 97.519 92
-42.4316 97.7875 92
-44.5801 97.989 92
-46.7285 98.1904 92
-48.8769 98.3604 92
-51.0254 98.4589 92
-53.1738 98.4589 92
-55.3223 98.3918 92
-57.4707 98.2575 92
-59.6191 98.1232 92
-61.7676 97.9656 92
-63.916 97.7875 92
-66.0644 97.64 92
-68.2129 97.4518 92
-70.3613 97.2504 92
-70.6299 97.2169 92
-72.5098 96.9743 92
-74.6582 96.6278 92
-76.8066 96.2813 92
-78.9551 95.9347 92
-81.1035 95.5882 92
-83.252 95.311 92
-85.1318 95.0684 92
-85.4004 95.0338 92
-87.5488 94.7663 92
-89.6973 94.4977 92
-91.8457 94.2021 92
-93.9941 93.8935 92
-96.1426 93.5784 92
-98.291 93.2319 92
-100.439 92.9546 92
-100.654 92.92 92
-102.588 92.6081 92
-104.736 92.2616 92
-106.885 91.8458 92
-109.033 91.4299 92
-111.182 91.0065 92
-112.256 90.7715 92
-113.33 90.529 92
-115.479 90.0666 92
-117.627 89.5966 92
-119.775 89.1267 92
-121.924 88.6567 92
-122.058 88.6231 92
-124.072 88.1196 92
-126.221 87.5825 92
-128.369 87.0281 92
-130.398 86.4747 92
-130.518 86.44 92
-132.666 85.747 92
-134.814 85.0312 92
-136.865 84.3262 92
-136.963 84.2904 92
-139.111 83.4311 92
-141.26 82.5001 92
-142.003 82.1778 92
-143.408 81.5481 92
-145.557 80.5109 92
-146.488 80.0294 92
-147.705 79.3996 92
-149.854 78.2143 92
-150.422 77.8809 92
-152.002 76.9218 92
-153.755 75.7325 92
-154.15 75.4433 92
-156.299 73.783 92
-156.532 73.584 92
-158.447 71.8901 92
-158.961 71.4356 92
-160.596 69.9317 92
-161.296 69.2872 92
-162.744 67.9551 92
-163.672 67.1387 92
-164.893 66.1058 92
-166.343 64.9903 92
-167.041 64.4731 92
-169.189 63.0271 92
-169.505 62.8419 92
-171.338 61.7676 92
-173.486 60.7292 92
-173.576 60.6934 92
-175.635 59.8698 92
-177.783 59.0648 92
-179.248 58.545 92
-179.932 58.3024 92
-182.08 57.5401 92
-184.229 56.847 92
-185.498 56.3965 92
-186.377 56.0743 92
-188.525 55.253 92
-190.674 54.3521 92
-190.904 54.2481 92
-192.822 53.3529 92
-194.971 52.2108 92
-195.16 52.0997 92
-197.119 50.9514 92
-198.646 49.9512 92
-199.268 49.5292 92
-201.416 48.0813 92
-201.792 47.8028 92
-203.564 46.4394 92
-204.536 45.6543 92
-205.713 44.6661 92
-207.031 43.5059 92
-207.861 42.745 92
-209.309 41.3575 92
-210.01 40.6861 92
-211.487 39.209 92
-212.158 38.5085 92
-213.49 37.0606 92
-214.307 36.1329 92
-215.34 34.9122 92
-216.455 33.531 92
-217.031 32.7637 92
-218.484 30.6153 92
-218.604 30.4139 92
-219.716 28.4668 92
-220.752 26.5332 92
-220.859 26.3184 92
-221.862 24.17 92
-222.789 22.0215 92
-222.9 21.7286 92
-223.581 19.8731 92
-224.297 17.7246 92
-224.876 15.5762 92
-225.049 14.9048 92
-225.418 13.4278 92
-225.821 11.2793 92
-226.157 9.13089 92
-226.492 6.98246 92
-226.694 4.83402 92
-226.828 2.68558 92
-226.895 0.537142 92
-226.895 -1.6113 92
-226.761 -3.75973 92
-226.492 -5.90817 92
-226.09 -8.05661 92
-225.62 -10.205 92
-225.049 -12.0312 92
-224.945 -12.3535 92
-224.154 -14.5019 92
-223.223 -16.6504 92
-222.9 -17.2546 92
-222.018 -18.7988 92
-220.752 -20.7682 92
-220.633 -20.9472 92
-219.058 -23.0957 92
-218.604 -23.6328 92
-217.186 -25.2441 92
-216.455 -26.0381 92
-215.101 -27.3926 92
-214.307 -28.123 92
-212.695 -29.541 92
-212.158 -29.9955 92
-210.061 -31.6894 92
-210.01 -31.7292 92
-207.861 -33.1857 92
-206.847 -33.8379 92
-205.713 -34.5668 92
-203.564 -35.7945 92
-203.206 -35.9863 92
-201.416 -36.8815 92
-199.268 -37.8125 92
-198.462 -38.1347 92
-197.119 -38.6545 92
-194.971 -39.4169 92
-192.822 -40.0406 92
-191.882 -40.2832 92
-190.674 -40.5853 92
-188.525 -41.0553 92
-186.377 -41.4225 92
-184.229 -41.7267 92
-182.08 -42.0624 92
-179.932 -42.2638 92
-178.141 -42.4316 92
-177.783 -42.4652 92
-175.635 -42.5995 92
-173.486 -42.7337 92
-171.338 -42.7435 92
-169.189 -42.7435 92
-167.041 -42.7337 92
-164.893 -42.6742 92
-162.744 -42.6666 92
-160.596 -42.7337 92
-158.447 -42.868 92
-156.299 -43.1366 92
-154.15 -43.6133 92
-152.002 -44.3294 92
-151.501 -44.5801 92
-149.854 -45.4625 92
-147.884 -46.7285 92
-147.705 -46.8524 92
-145.557 -48.6621 92
-145.333 -48.8769 92
-143.408 -50.8853 92
-143.279 -51.0254 92
-141.384 -53.1738 92
-141.26 -53.3203 92
-139.566 -55.3223 92
-139.111 -55.8849 92
-137.779 -57.4707 92
-136.963 -58.3984 92
-135.93 -59.6191 92
-134.814 -60.8802 92
-133.998 -61.7676 92
-132.666 -63.2154 92
-132.021 -63.916 92
-130.518 -65.5507 92
-130.025 -66.0644 92
-128.369 -67.6543 92
-127.787 -68.2129 92
-126.221 -69.7168 92
-125.488 -70.3613 92
-124.072 -71.5151 92
-122.793 -72.5098 92
-121.924 -73.162 92
-119.775 -74.6198 92
-119.716 -74.6582 92
-117.627 -76.001 92
-116.217 -76.8066 92
-115.479 -77.2141 92
-113.33 -78.4735 92
-112.399 -78.9551 92
-111.182 -79.5638 92
-109.033 -80.638 92
-108.102 -81.1035 92
-106.885 -81.7122 92
-104.736 -82.6963 92
-103.497 -83.252 92
-102.588 -83.6331 92
-100.439 -84.4648 92
-98.291 -85.3646 92
-98.1934 -85.4004 92
-96.1426 -86.1281 92
-93.9941 -86.8211 92
-91.8457 -87.5142 92
-91.7383 -87.5488 92
-89.6973 -88.1866 92
-87.5488 -88.7617 92
-85.4004 -89.3854 92
-84.0192 -89.6973 92
-83.252 -89.8705 92
-81.1035 -90.3557 92
-78.9551 -90.7715 92
-76.8066 -91.1873 92
-74.6582 -91.5338 92
-72.5098 -91.8111 92
-72.2412 -91.8457 92
-70.3613 -92.0883 92
-68.2129 -92.3492 92
-66.0644 -92.5507 92
-63.916 -92.7813 92
-61.7676 -93.0206 92
-59.6191 -93.1971 92
-57.4707 -93.4051 92
-55.3223 -93.6003 92
-53.1738 -93.7516 92
-51.0254 -93.9583 92
-50.4883 -93.9941 92
