-61.7676 -109.067 52
-59.6191 -109.276 52
-57.4707 -109.484 52
-55.3223 -109.692 52
-53.1738 -109.9 52
-51.0254 -110.038 52
-48.8769 -110.246 52
-46.7285 -110.385 52
-44.5801 -110.523 52
-42.4316 -110.662 52
-40.2832 -110.731 52
-38.1347 -110.8 52
-35.9863 -110.8 52
-33.8379 -110.788 52
-31.6894 -110.716 52
-29.541 -110.645 52
-27.3926 -110.523 52
-25.2441 -110.41 52
-23.0957 -110.275 52
-20.9472 -110.107 52
-18.7988 -109.94 52
-16.6504 -109.738 52
-14.5019 -109.537 52
-12.3535 -109.335 52
-10.205 -109.068 52
-9.66794 -109.033 52
-8.05661 -108.926 52
-5.90817 -108.783 52
-3.75973 -108.711 52
-1.6113 -108.639 52
0.537142 -108.711 52
2.68558 -108.783 52
4.83402 -108.997 52
5.19209 -109.033 52
6.98246 -109.206 52
9.13089 -109.414 52
11.2793 -109.738 52
13.4278 -110.007 52
15.5762 -110.275 52
17.7246 -110.523 52
19.8731 -110.731 52
22.0215 -110.87 52
24.17 -111.008 52
26.3184 -111.078 52
28.4668 -111.147 52
30.6153 -111.078 52
32.7637 -111.078 52
34.9122 -110.939 52
37.0606 -110.8 52
39.209 -110.662 52
41.3575 -110.454 52
43.5059 -110.246 52
45.6543 -110.007 52
47.8028 -109.761 52
49.9512 -109.537 52
52.0997 -109.268 52
53.9795 -109.033 52
54.2481 -108.999 52
56.3965 -108.652 52
58.545 -108.306 52
60.6934 -107.925 52
62.8419 -107.523 52
64.9903 -107.058 52
65.7576 -106.885 52
67.1387 -106.573 52
69.2872 -106.088 52
71.4356 -105.533 52
73.584 -104.979 52
74.4195 -104.736 52
75.7325 -104.355 52
77.8809 -103.731 52
80.0294 -103.038 52
81.581 -102.588 52
82.1778 -102.409 52
84.3262 -101.652 52
86.4747 -100.89 52
87.6384 -100.439 52
88.6231 -100.046 52
90.7715 -99.1573 52
92.8374 -98.291 52
92.92 -98.254 52
95.0684 -97.181 52
97.1452 -96.1426 52
97.2169 -96.1042 52
99.3653 -94.9202 52
100.945 -93.9941 52
101.514 -93.6608 52
103.662 -92.4013 52
104.557 -91.8457 52
105.811 -91.04 52
107.899 -89.6973 52
107.959 -89.6575 52
110.107 -88.066 52
110.806 -87.5488 52
112.256 -86.4746 52
113.574 -85.4004 52
114.404 -84.698 52
116.113 -83.252 52
116.553 -82.8801 52
118.561 -81.1035 52
118.701 -80.9746 52
120.85 -78.998 52
120.894 -78.9551 52
122.998 -76.8514 52
123.041 -76.8066 52
125.018 -74.6582 52
125.147 -74.5117 52
126.841 -72.5098 52
127.295 -71.9189 52
128.449 -70.3613 52
129.443 -68.9479 52
129.961 -68.2129 52
131.393 -66.0644 52
131.592 -65.7485 52
132.666 -63.916 52
133.74 -61.969 52
133.851 -61.7676 52
134.994 -59.6191 52
135.889 -57.8288 52
136.074 -57.4707 52
137.142 -55.3223 52
138.037 -53.404 52
138.145 -53.1738 52
139.111 -51.0254 52
140.078 -48.8769 52
140.186 -48.629 52
140.983 -46.7285 52
141.94 -44.5801 52
142.334 -43.736 52
142.964 -42.4316 52
144.06 -40.2832 52
144.483 -39.5447 52
145.318 -38.1347 52
146.631 -36.269 52
146.855 -35.9863 52
148.779 -33.978 52
148.958 -33.8379 52
150.928 -32.4744 52
152.783 -31.6894 52
153.076 -31.5743 52
155.225 -31.0807 52
157.373 -31.0091 52
159.522 -31.1003 52
161.67 -31.3083 52
163.818 -31.5855 52
164.463 -31.6894 52
165.967 -31.932 52
168.115 -32.2785 52
170.264 -32.6629 52
172.412 -32.9986 52
174.561 -33.3343 52
176.709 -33.67 52
177.783 -33.8379 52
178.858 -34.0057 52
181.006 -34.2743 52
183.154 -34.5428 52
185.303 -34.7442 52
187.451 -34.8785 52
189.6 -34.9772 52
191.748 -34.9457 52
193.897 -34.8114 52
196.045 -34.5428 52
198.193 -34.14 52
199.268 -33.8379 52
200.342 -33.526 52
202.49 -32.7278 52
204.639 -31.7969 52
204.854 -31.6894 52
206.787 -30.6536 52
208.62 -29.541 52
208.936 -29.3421 52
211.084 -27.7506 52
211.544 -27.3926 52
213.233 -26.0291 52
214.12 -25.2441 52
215.381 -24.0356 52
216.283 -23.0957 52
217.529 -21.7412 52
218.232 -20.9472 52
219.678 -19.1569 52
219.946 -18.7988 52
221.419 -16.6504 52
221.826 -15.9939 52
222.693 -14.5019 52
223.801 -12.3535 52
223.975 -11.9954 52
224.789 -10.205 52
225.62 -8.05661 52
226.123 -6.44528 52
226.286 -5.90817 52
226.872 -3.75973 52
227.328 -1.6113 52
227.718 0.537142 52
228.037 2.68558 52
228.272 4.56546 52
228.305 4.83402 52
228.445 6.98246 52
228.583 9.13089 52
228.641 11.2793 52
228.641 13.4278 52
228.574 15.5762 52
228.376 17.7246 52
228.272 18.5303 52
228.098 19.8731 52
227.752 22.0215 52
227.267 24.17 52
226.643 26.3184 52
226.123 27.7832 52
225.873 28.4668 52
224.975 30.6153 52
223.975 32.5489 52
223.864 32.7637 52
222.555 34.9122 52
221.826 35.9864 52
221.07 37.0606 52
219.678 38.851 52
219.389 39.209 52
217.529 41.3108 52
217.486 41.3575 52
215.424 43.5059 52
215.381 43.5489 52
213.233 45.4478 52
212.999 45.6543 52
211.084 47.2856 52
210.386 47.8028 52
208.936 48.877 52
207.409 49.9512 52
206.787 50.3587 52
204.639 51.544 52
203.488 52.0997 52
202.49 52.5652 52
200.342 53.4511 52
198.193 54.2123 52
198.074 54.2481 52
196.045 54.8372 52
193.897 55.423 52
191.748 55.8768 52
189.6 56.2233 52
188.257 56.3965 52
187.451 56.4972 52
185.303 56.6315 52
183.154 56.6315 52
181.006 56.5005 52
179.932 56.3965 52
178.858 56.2926 52
176.709 56.0154 52
174.561 55.7381 52
172.412 55.3916 52
170.264 55.1144 52
168.115 54.8372 52
165.967 54.6293 52
163.818 54.642 52
161.67 54.8568 52
159.522 55.4019 52
157.373 56.3552 52
157.31 56.3965 52
155.225 57.9378 52
154.59 58.545 52
153.076 60.21 52
152.69 60.6934 52
151.127 62.8419 52
150.928 63.1402 52
149.739 64.9903 52
148.779 66.4823 52
148.357 67.1387 52
147.053 69.2872 52
146.631 69.9436 52
145.672 71.4356 52
144.483 73.2856 52
144.276 73.584 52
142.623 75.7325 52
142.334 76.0906 52
140.83 77.8809 52
140.186 78.5815 52
138.798 80.0294 52
138.037 80.7598 52
136.349 82.1778 52
135.889 82.5359 52
133.74 84.1273 52
133.424 84.3262 52
131.592 85.4388 52
129.658 86.4747 52
129.443 86.5858 52
127.295 87.6563 52
125.147 88.5873 52
125.057 88.6231 52
122.998 89.4201 52
120.85 90.1825 52
119.024 90.7715 52
118.701 90.8755 52
116.553 91.4992 52
114.404 92.123 52
112.256 92.6081 52
110.875 92.92 52
110.107 93.0932 52
107.959 93.5578 52
105.811 93.9942 52
103.662 94.4306 52
101.514 94.8259 52
100.26 95.0684 52
99.3653 95.2363 52
97.2169 95.6391 52
95.0684 96.004 52
92.92 96.4199 52
90.7715 96.823 52
88.6231 97.1811 52
88.4083 97.2169 52
86.4747 97.5287 52
84.3262 97.806 52
82.1778 98.1525 52
80.0294 98.5683 52
77.8809 99.043 52
76.4998 99.3653 52
75.7325 99.5331 52
73.584 99.936 52
71.4356 100.309 52
69.2872 100.57 52
67.1387 100.7 52
64.9903 100.83 52
62.8419 100.85 52
60.6934 100.895 52
58.545 100.895 52
56.3965 100.895 52
54.2481 100.895 52
52.0997 100.83 52
49.9512 100.83 52
47.8028 100.742 52
45.6543 100.607 52
43.5059 100.406 52
41.3575 100.162 52
39.209 99.8158 52
37.0606 99.4011 52
36.8816 99.3653 52
34.9122 98.9578 52
32.7637 98.6133 52
30.6153 98.3652 52
28.4668 98.1837 52
26.3184 97.9947 52
24.17 97.7725 52
22.0215 97.5502 52
20.0879 97.2169 52
19.8731 97.1785 52
17.7246 96.7948 52
15.5762 96.4112 52
13.4278 95.9945 52
11.2793 95.6241 52
9.13089 95.3277 52
6.98246 95.1042 52
6.7139 95.0684 52
4.83402 94.8178 52
2.68558 94.6029 52
0.537142 94.4597 52
-1.6113 94.3881 52
-3.75973 94.3881 52
-5.90817 94.5869 52
-8.05661 94.8091 52
-9.93649 95.0684 52
-10.205 95.1068 52
-12.3535 95.4137 52
-14.5019 95.6652 52
-16.6504 96.0275 52
-18.7988 96.3345 52
-20.9472 96.7353 52
-23.0957 97.1057 52
-23.7402 97.2169 52
-25.2441 97.4762 52
-27.3926 97.8256 52
-29.541 98.112 52
-31.6894 98.4701 52
-33.8379 98.8998 52
-35.9863 99.2579 52
-36.5234 99.3653 52
-38.1347 99.6772 52
-40.2832 100.003 52
-42.4316 100.272 52
-44.5801 100.406 52
-46.7285 100.505 52
-48.8769 100.505 52
-51.0254 100.505 52
-53.1738 100.505 52
-55.3223 100.473 52
-57.4707 100.44 52
-59.6191 100.406 52
-61.7676 100.272 52
-63.916 100.137 52
-66.0644 99.8851 52
-68.2129 99.5331 52
-69.1081 99.3653 52
-70.3613 99.1227 52
-72.5098 98.5932 52
-74.6582 98.0832 52
-76.8066 97.6533 52
-78.9551 97.2504 52
-79.1341 97.2169 52
-81.1035 96.8476 52
-83.252 96.4448 52
-85.4004 96.0733 52
-87.5488 95.7062 52
-89.6973 95.3705 52
-91.6309 95.0684 52
-91.8457 95.0338 52
-93.9941 94.6873 52
-96.1426 94.2963 52
-98.291 93.9249 52
-100.439 93.4907 52
-102.588 93.0207 52
-103.048 92.92 52
-104.736 92.5388 52
-106.885 91.9844 52
-109.033 91.4765 52
-111.182 90.9394 52
-111.778 90.7715 52
-113.33 90.3351 52
-115.479 89.7309 52
-117.627 89.0595 52
-119.023 88.6231 52
-119.775 88.3881 52
-121.924 87.6496 52
-124.072 86.8439 52
-124.981 86.4747 52
-126.221 85.9376 52
-128.369 84.8819 52
-129.376 84.3262 52
-130.518 83.674 52
-132.666 82.2176 52
-132.72 82.1778 52
-134.814 80.4322 52
-135.235 80.0294 52
-136.963 78.1367 52
-137.169 77.8809 52
-138.674 75.7325 52
-139.111 75.0374 52
-139.963 73.584 52
-141.075 71.4356 52
-141.26 71.0224 52
-142.038 69.2872 52
-143.001 67.1387 52
-143.408 66.2298 52
-143.928 64.9903 52
-144.805 62.8419 52
-145.557 61.1066 52
-145.736 60.6934 52
-146.667 58.545 52
-147.667 56.3965 52
-147.705 56.3249 52
-148.818 54.2481 52
-149.854 52.542 52
-150.167 52.0997 52
-152.002 50.0024 52
-152.062 49.9512 52
-154.15 48.5052 52
-155.811 47.8028 52
-156.299 47.611 52
-158.447 47.1224 52
-160.596 46.9365 52
-162.744 47.0058 52
-164.893 47.2137 52
-167.041 47.4909 52
-168.975 47.8028 52
-169.189 47.8364 52
-171.338 48.184 52
-173.486 48.5749 52
-175.635 48.9777 52
-177.783 49.3134 52
-179.932 49.6491 52
-182.08 49.9177 52
-182.617 49.9512 52
-184.229 50.0519 52
-186.377 50.1791 52
-188.525 50.1791 52
-190.674 50.114 52
-192.822 49.9838 52
-193.091 49.9512 52
-194.971 49.7301 52
-197.119 49.4141 52
-199.268 48.9998 52
-201.416 48.5087 52
-203.564 47.8949 52
-203.833 47.8028 52
-205.713 47.1393 52
-207.861 46.2728 52
-209.222 45.6543 52
-210.01 45.2851 52
-212.158 44.0766 52
-213.028 43.5059 52
-214.307 42.6107 52
-215.873 41.3575 52
-216.455 40.8403 52
-218.149 39.209 52
-218.604 38.7167 52
-220.076 37.0606 52
-220.752 36.2305 52
-221.752 34.9122 52
-222.9 33.3985 52
-223.382 32.7637 52
-224.864 30.6153 52
-225.049 30.3169 52
-226.123 28.4668 52
-227.197 26.3855 52
-227.231 26.3184 52
-228.076 24.17 52
-228.727 22.0215 52
-229.118 19.8731 52
-229.313 17.7246 52
-229.346 16.6504 52
-229.379 15.5762 52
-229.379 13.4278 52
-229.346 12.8907 52
-229.238 11.2793 52
-229.012 9.13089 52
-228.77 6.98246 52
-228.431 4.83402 52
-228.033 2.68558 52
-227.569 0.537142 52
-227.197 -1.39645 52
-227.154 -1.6113 52
-226.639 -3.75973 52
-226.123 -5.90817 52
-225.607 -8.05661 52
-225.092 -10.205 52
-225.049 -10.3585 52
-224.49 -12.3535 52
-223.889 -14.5019 52
-223.287 -16.6504 52
-222.9 -17.8589 52
-222.611 -18.7988 52
-221.868 -20.9472 52
-221.041 -23.0957 52
-220.752 -23.7223 52
-220.076 -25.2441 52
-218.975 -27.3926 52
-218.604 -27.9968 52
-217.688 -29.541 52
-216.455 -31.206 52
-216.068 -31.6894 52
-214.307 -33.5246 52
-213.965 -33.8379 52
-212.158 -35.2574 52
-211.084 -35.9863 52
-210.01 -36.6447 52
-207.861 -37.7655 52
-207.017 -38.1347 52
-205.713 -38.6881 52
-203.564 -39.4933 52
-201.416 -40.1884 52
-201.094 -40.2832 52
-199.268 -40.8203 52
-197.119 -41.3574 52
-194.971 -41.7871 52
-192.822 -42.0437 52
-190.674 -42.2227 52
-188.525 -42.2227 52
-186.377 -42.1034 52
-184.229 -41.9244 52
-182.08 -41.6029 52
-179.932 -41.2346 52
-177.783 -40.8049 52
-175.635 -40.3148 52
-175.481 -40.2832 52
-173.486 -39.86 52
-171.338 -39.3669 52
-169.189 -38.9246 52
-167.041 -38.4823 52
-165.353 -38.1347 52
-164.893 -38.0371 52
-162.744 -37.5814 52
-160.596 -37.2558 52
-158.447 -37.027 52
-156.299 -36.9598 52
-154.15 -37.2396 52
-152.002 -37.8755 52
-151.465 -38.1347 52
-149.854 -39.0371 52
-148.296 -40.2832 52
-147.705 -40.8203 52
-146.287 -42.4316 52
-145.557 -43.3928 52
-144.721 -44.5801 52
-143.408 -46.6653 52
-143.368 -46.7285 52
-142.038 -48.8769 52
-141.26 -50.2039 52
-140.778 -51.0254 52
-139.593 -53.1738 52
-139.111 -53.9953 52
-138.333 -55.3223 52
-137.148 -57.4707 52
-136.963 -57.7866 52
-135.889 -59.6191 52
-134.814 -61.3498 52
-134.546 -61.7676 52
-133.242 -63.916 52
-132.666 -64.7641 52
-131.784 -66.0644 52
-130.518 -67.8369 52
-130.239 -68.2129 52
-128.648 -70.3613 52
-128.369 -70.7194 52
-126.923 -72.5098 52
-126.221 -73.3794 52
-125.146 -74.6582 52
-124.072 -75.8789 52
-123.256 -76.8066 52
-121.924 -78.2545 52
-121.252 -78.9551 52
-119.775 -80.4963 52
-119.194 -81.1035 52
-117.627 -82.6074 52
-116.956 -83.252 52
-115.479 -84.6699 52
-114.648 -85.4004 52
-113.33 -86.5605 52
-112.154 -87.5488 52
-111.182 -88.3338 52
-109.57 -89.6973 52
-109.033 -90.1349 52
-106.885 -91.7263 52
-106.715 -91.8457 52
-104.736 -93.2382 52
-103.662 -93.9941 52
-102.588 -94.7231 52
-100.439 -96.1042 52
-100.376 -96.1426 52
-98.291 -97.365 52
-96.7113 -98.291 52
-96.1426 -98.6244 52
-93.9941 -99.7591 52
-92.6335 -100.439 52
-91.8457 -100.833 52
-89.6973 -101.86 52
-88.0859 -102.588 52
-87.5488 -102.83 52
-85.4004 -103.662 52
-83.252 -104.424 52
-82.373 -104.736 52
-81.1035 -105.173 52
-78.9551 -105.777 52
-76.8066 -106.314 52
-74.6582 -106.85 52
-74.5047 -106.885 52
-72.5098 -107.321 52
-70.3613 -107.724 52
-68.2129 -108.098 52
-66.0644 -108.444 52
-63.916 -108.791 52
-62.0361 -109.033 52
