6.98246 -119.81 -15.5
9.13089 -120.01 -15.5
11.2793 -120.157 -15.5
13.4278 -120.413 -15.5
15.5762 -120.615 -15.5
17.7246 -120.816 -15.5
19.8731 -121.045 -15.5
22.0215 -121.219 -15.5
24.17 -121.305 -15.5
26.3184 -121.42 -15.5
28.4668 -121.436 -15.5
30.6153 -121.487 -15.5
32.7637 -121.487 -15.5
34.9122 -121.436 -15.5
37.0606 -121.42 -15.5
39.209 -121.305 -15.5
41.3575 -121.152 -15.5
43.5059 -120.95 -15.5
45.6543 -120.682 -15.5
47.8028 -120.295 -15.5
49.9512 -119.949 -15.5
50.8464 -119.775 -15.5
52.0997 -119.525 -15.5
54.2481 -119.023 -15.5
56.3965 -118.493 -15.5
58.545 -117.939 -15.5
59.7535 -117.627 -15.5
60.6934 -117.368 -15.5
62.8419 -116.732 -15.5
64.9903 -116.137 -15.5
67.1387 -115.513 -15.5
67.2581 -115.479 -15.5
69.2872 -114.87 -15.5
71.4356 -114.225 -15.5
73.584 -113.573 -15.5
74.336 -113.33 -15.5
75.7325 -112.865 -15.5
77.8809 -112.148 -15.5
80.0294 -111.424 -15.5
80.656 -111.182 -15.5
82.1778 -110.573 -15.5
84.3262 -109.785 -15.5
86.2061 -109.033 -15.5
86.4747 -108.922 -15.5
88.6231 -107.995 -15.5
90.7715 -106.992 -15.5
91.0017 -106.885 -15.5
92.92 -105.99 -15.5
95.0684 -104.844 -15.5
95.2698 -104.736 -15.5
97.2169 -103.662 -15.5
98.9475 -102.588 -15.5
99.3653 -102.319 -15.5
101.514 -100.938 -15.5
102.29 -100.439 -15.5
103.662 -99.5244 -15.5
105.415 -98.291 -15.5
105.811 -98.0125 -15.5
107.959 -96.4211 -15.5
108.317 -96.1426 -15.5
110.107 -94.6965 -15.5
110.938 -93.9941 -15.5
112.256 -92.834 -15.5
113.33 -91.8457 -15.5
114.404 -90.8574 -15.5
115.613 -89.6973 -15.5
116.553 -88.7573 -15.5
117.713 -87.5488 -15.5
118.701 -86.5194 -15.5
119.775 -85.4004 -15.5
120.85 -84.1797 -15.5
121.666 -83.252 -15.5
122.998 -81.7383 -15.5
123.535 -81.1035 -15.5
125.147 -79.0088 -15.5
125.186 -78.9551 -15.5
126.72 -76.8066 -15.5
127.295 -75.9586 -15.5
128.177 -74.6582 -15.5
129.443 -72.5729 -15.5
129.48 -72.5098 -15.5
130.697 -70.3613 -15.5
131.592 -68.6829 -15.5
131.843 -68.2129 -15.5
132.917 -66.0644 -15.5
133.74 -64.2997 -15.5
133.914 -63.916 -15.5
134.815 -61.7676 -15.5
135.71 -59.6191 -15.5
135.889 -59.1308 -15.5
136.497 -57.4707 -15.5
137.24 -55.3223 -15.5
137.933 -53.1738 -15.5
138.037 -52.8157 -15.5
138.541 -51.0254 -15.5
139.042 -48.8769 -15.5
139.527 -46.7285 -15.5
139.943 -44.5801 -15.5
140.186 -43.0762 -15.5
140.286 -42.4316 -15.5
140.622 -40.2832 -15.5
140.891 -38.1347 -15.5
141.13 -35.9863 -15.5
141.325 -33.8379 -15.5
141.52 -31.6894 -15.5
141.607 -29.541 -15.5
141.671 -27.3926 -15.5
141.716 -25.2441 -15.5
141.671 -23.0957 -15.5
141.65 -20.9472 -15.5
141.585 -18.7988 -15.5
141.455 -16.6504 -15.5
141.361 -14.5019 -15.5
141.226 -12.3535 -15.5
141.052 -10.205 -15.5
140.913 -8.05661 -15.5
140.705 -5.90817 -15.5
140.567 -3.75973 -15.5
140.428 -1.6113 -15.5
140.293 0.537142 -15.5
140.186 2.14847 -15.5
140.151 2.68558 -15.5
140.082 4.83402 -15.5
139.874 6.98246 -15.5
139.682 9.13089 -15.5
139.414 11.2793 -15.5
139.111 13.4278 -15.5
138.809 15.5762 -15.5
138.474 17.7246 -15.5
138.072 19.8731 -15.5
138.037 20.0879 -15.5
137.725 22.0215 -15.5
137.309 24.17 -15.5
136.862 26.3184 -15.5
136.392 28.4668 -15.5
135.889 30.481 -15.5
135.854 30.6153 -15.5
135.3 32.7637 -15.5
134.714 34.9122 -15.5
134.052 37.0606 -15.5
133.74 38.0274 -15.5
133.359 39.209 -15.5
132.666 41.3575 -15.5
131.904 43.5059 -15.5
131.592 44.3848 -15.5
131.126 45.6543 -15.5
130.31 47.8028 -15.5
129.478 49.9512 -15.5
129.443 50.0407 -15.5
128.62 52.0997 -15.5
127.745 54.2481 -15.5
127.295 55.3223 -15.5
126.813 56.3965 -15.5
125.827 58.545 -15.5
125.147 60.0028 -15.5
124.824 60.6934 -15.5
123.75 62.8419 -15.5
122.998 64.2518 -15.5
122.591 64.9903 -15.5
121.348 67.1387 -15.5
120.85 67.9146 -15.5
119.967 69.2872 -15.5
118.701 71.1529 -15.5
118.495 71.4356 -15.5
116.768 73.584 -15.5
116.553 73.8398 -15.5
114.963 75.7325 -15.5
114.404 76.3396 -15.5
112.927 77.8809 -15.5
112.256 78.5523 -15.5
110.715 80.0294 -15.5
110.107 80.5665 -15.5
108.203 82.1778 -15.5
107.959 82.3767 -15.5
105.811 83.8886 -15.5
105.154 84.3262 -15.5
103.662 85.2854 -15.5
101.581 86.4747 -15.5
101.514 86.5117 -15.5
99.3653 87.5847 -15.5
97.2169 88.5157 -15.5
96.9483 88.6231 -15.5
95.0684 89.3508 -15.5
92.92 90.1132 -15.5
90.7715 90.7369 -15.5
90.6522 90.7715 -15.5
88.6231 91.3422 -15.5
86.4747 91.8793 -15.5
84.3262 92.3493 -15.5
82.1778 92.8193 -15.5
81.7174 92.92 -15.5
80.0294 93.2892 -15.5
77.8809 93.6921 -15.5
75.7325 94.0635 -15.5
73.584 94.4306 -15.5
71.4356 94.7566 -15.5
69.2872 95.0338 -15.5
69.0186 95.0684 -15.5
67.1387 95.3034 -15.5
64.9903 95.5189 -15.5
62.8419 95.8405 -15.5
60.6934 96.1091 -15.5
58.545 96.338 -15.5
56.3965 96.579 -15.5
54.2481 96.7937 -15.5
52.0997 96.989 -15.5
49.9512 97.1192 -15.5
48.877 97.2169 -15.5
47.8028 97.3116 -15.5
45.6543 97.3145 -15.5
43.5059 97.3796 -15.5
41.3575 97.3145 -15.5
39.7461 97.2169 -15.5
39.209 97.1843 -15.5
37.0606 97.049 -15.5
34.9122 96.7937 -15.5
32.7637 96.579 -15.5
30.6153 96.2729 -15.5
28.4668 95.9748 -15.5
26.3184 95.7062 -15.5
24.17 95.4377 -15.5
22.0215 95.1691 -15.5
21.377 95.0684 -15.5
19.8731 94.8334 -15.5
17.7246 94.6179 -15.5
15.5762 94.2963 -15.5
13.4278 93.9942 -15.5
11.2793 93.717 -15.5
9.13089 93.4571 -15.5
6.98246 93.3012 -15.5
4.83402 93.1626 -15.5
2.68558 93.0932 -15.5
0.537142 93.0932 -15.5
-1.6113 93.0932 -15.5
-3.75973 93.0932 -15.5
-5.90817 93.1626 -15.5
-8.05661 93.2319 -15.5
-10.205 93.3705 -15.5
-12.3535 93.5784 -15.5
-14.5019 93.8556 -15.5
-16.6504 94.2021 -15.5
-18.7988 94.4977 -15.5
-20.9472 94.8259 -15.5
-22.8271 95.0684 -15.5
-23.0957 95.1031 -15.5
-25.2441 95.3803 -15.5
-27.3926 95.6575 -15.5
-29.541 95.9748 -15.5
-31.6894 96.3105 -15.5
-33.8379 96.579 -15.5
-35.9863 96.8588 -15.5
-38.1347 97.1162 -15.5
-39.7461 97.2169 -15.5
-40.2832 97.2494 -15.5
-42.4316 97.3145 -15.5
-44.5801 97.438 -15.5
-46.7285 97.4447 -15.5
-48.8769 97.4447 -15.5
-51.0254 97.4447 -15.5
-53.1738 97.3796 -15.5
-54.9642 97.2169 -15.5
-55.3223 97.1833 -15.5
-57.4707 96.9819 -15.5
-59.6191 96.7133 -15.5
-61.7676 96.4199 -15.5
-63.916 96.1091 -15.5
-66.0644 95.7734 -15.5
-68.2129 95.4496 -15.5
-70.3613 95.1031 -15.5
-70.5762 95.0684 -15.5
-72.5098 94.7663 -15.5
-74.6582 94.4306 -15.5
-76.8066 94.0635 -15.5
-78.9551 93.6477 -15.5
-81.1035 93.2221 -15.5
-82.4847 92.92 -15.5
-83.252 92.7467 -15.5
-85.4004 92.1923 -15.5
-87.5488 91.6779 -15.5
-89.6973 91.0834 -15.5
-90.6641 90.7715 -15.5
-91.8457 90.3904 -15.5
-93.9941 89.6973 -15.5
-96.1426 88.8657 -15.5
-96.6797 88.6231 -15.5
-98.291 87.8712 -15.5
-100.439 86.808 -15.5
-101.044 86.4747 -15.5
-102.588 85.5923 -15.5
-104.557 84.3262 -15.5
-104.736 84.2023 -15.5
-106.885 82.5496 -15.5
-107.345 82.1778 -15.5
-109.033 80.7598 -15.5
-109.863 80.0294 -15.5
-111.182 78.8209 -15.5
-112.122 77.8809 -15.5
-113.33 76.6199 -15.5
-114.146 75.7325 -15.5
-115.479 74.1467 -15.5
-115.933 73.584 -15.5
-117.587 71.4356 -15.5
-117.627 71.3819 -15.5
-119.123 69.2872 -15.5
-119.775 68.326 -15.5
-120.581 67.1387 -15.5
-121.885 64.9903 -15.5
-121.924 64.9232 -15.5
-123.034 62.8419 -15.5
-124.072 60.8948 -15.5
-124.18 60.6934 -15.5
-125.146 58.545 -15.5
-126.042 56.3965 -15.5
-126.221 55.9489 -15.5
-126.901 54.2481 -15.5
-127.689 52.0997 -15.5
-128.369 50.0586 -15.5
-128.404 49.9512 -15.5
-129.097 47.8028 -15.5
-129.79 45.6543 -15.5
-130.482 43.5059 -15.5
-130.518 43.3865 -15.5
-131.088 41.3575 -15.5
-131.625 39.209 -15.5
-132.162 37.0606 -15.5
-132.666 35.0464 -15.5
-132.701 34.9122 -15.5
-133.186 32.7637 -15.5
-133.671 30.6153 -15.5
-134.156 28.4668 -15.5
-134.641 26.3184 -15.5
-134.814 25.647 -15.5
-135.184 24.17 -15.5
-135.681 22.0215 -15.5
-136.166 19.8731 -15.5
-136.651 17.7246 -15.5
-136.963 16.3435 -15.5
-137.131 15.5762 -15.5
-137.601 13.4278 -15.5
-138.071 11.2793 -15.5
-138.541 9.13089 -15.5
-139.007 6.98246 -15.5
-139.111 6.52208 -15.5
-139.481 4.83402 -15.5
-139.951 2.68558 -15.5
-140.393 0.537142 -15.5
-140.879 -1.6113 -15.5
-141.26 -3.5807 -15.5
-141.294 -3.75973 -15.5
-141.763 -5.90817 -15.5
-142.166 -8.05661 -15.5
-142.542 -10.205 -15.5
-142.888 -12.3535 -15.5
-143.166 -14.5019 -15.5
-143.372 -16.6504 -15.5
-143.408 -17.7246 -15.5
-143.444 -18.7988 -15.5
-143.581 -20.9472 -15.5
-143.587 -23.0957 -15.5
-143.587 -25.2441 -15.5
-143.587 -27.3926 -15.5
-143.587 -29.541 -15.5
-143.581 -31.6894 -15.5
-143.512 -33.8379 -15.5
-143.408 -35.4492 -15.5
-143.374 -35.9863 -15.5
-143.173 -38.1347 -15.5
-142.958 -40.2832 -15.5
-142.636 -42.4316 -15.5
-142.233 -44.5801 -15.5
-141.763 -46.7285 -15.5
-141.26 -48.7427 -15.5
-141.225 -48.8769 -15.5
-140.601 -51.0254 -15.5
-139.978 -53.1738 -15.5
-139.285 -55.3223 -15.5
-139.111 -55.8594 -15.5
-138.574 -57.4707 -15.5
-137.76 -59.6191 -15.5
-136.963 -61.678 -15.5
-136.927 -61.7676 -15.5
-135.996 -63.916 -15.5
-134.994 -66.0644 -15.5
-134.814 -66.4481 -15.5
-133.963 -68.2129 -15.5
-132.851 -70.3613 -15.5
-132.666 -70.697 -15.5
-131.699 -72.5098 -15.5
-130.518 -74.595 -15.5
-130.479 -74.6582 -15.5
-129.147 -76.8066 -15.5
-128.369 -77.9939 -15.5
-127.693 -78.9551 -15.5
-126.221 -80.9424 -15.5
-126.101 -81.1035 -15.5
-124.444 -83.252 -15.5
-124.072 -83.7123 -15.5
-122.654 -85.4004 -15.5
-121.924 -86.1944 -15.5
-120.678 -87.5488 -15.5
-119.775 -88.4888 -15.5
-118.514 -89.6973 -15.5
-117.627 -90.5137 -15.5
-116.113 -91.8457 -15.5
-115.479 -92.3828 -15.5
-113.574 -93.9941 -15.5
-113.33 -94.1931 -15.5
-111.182 -95.7845 -15.5
-110.698 -96.1426 -15.5
-109.033 -97.3759 -15.5
-107.733 -98.291 -15.5
-106.885 -98.8665 -15.5
-104.736 -100.32 -15.5
-104.547 -100.439 -15.5
-102.588 -101.629 -15.5
-101.008 -102.588 -15.5
-100.439 -102.933 -15.5
-98.291 -104.161 -15.5
-97.2839 -104.736 -15.5
-96.1426 -105.366 -15.5
-93.9941 -106.463 -15.5
-93.1501 -106.885 -15.5
-91.8457 -107.493 -15.5
-89.6973 -108.424 -15.5
-88.2925 -109.033 -15.5
-87.5488 -109.345 -15.5
-85.4004 -110.143 -15.5
-83.252 -110.922 -15.5
-82.5 -111.182 -15.5
-81.1035 -111.632 -15.5
-78.9551 -112.292 -15.5
-76.8066 -112.908 -15.5
-75.3296 -113.33 -15.5
-74.6582 -113.509 -15.5
-72.5098 -114.01 -15.5
-70.3613 -114.478 -15.5
-68.2129 -114.903 -15.5
-66.0644 -115.355 -15.5
-65.4199 -115.479 -15.5
-63.916 -115.738 -15.5
-61.7676 -116.054 -15.5
-59.6191 -116.361 -15.5
-57.4707 -116.632 -15.5
-55.3223 -116.871 -15.5
-53.1738 -117.09 -15.5
-51.0254 -117.24 -15.5
-48.8769 -117.403 -15.5
-46.7285 -117.582 -15.5
-46.1914 -117.627 -15.5
-44.5801 -117.742 -15.5
-42.4316 -117.896 -15.5
-40.2832 -118.049 -15.5
-38.1347 -118.183 -15.5
-35.9863 -118.279 -15.5
-33.8379 -118.405 -15.5
-31.6894 -118.405 -15.5
-29.541 -118.479 -15.5
-27.3926 -118.479 -15.5
-25.2441 -118.479 -15.5
-23.0957 -118.451 -15.5
-20.9472 -118.405 -15.5
-18.7988 -118.405 -15.5
-16.6504 -118.405 -15.5
-14.5019 -118.479 -15.5
-12.3535 -118.522 -15.5
-10.205 -118.665 -15.5
-8.05661 -118.77 -15.5
-5.90817 -118.936 -15.5
-3.75973 -119.07 -15.5
-1.6113 -119.222 -15.5
0.537142 -119.352 -15.5
2.68558 -119.54 -15.5
4.83402 -119.675 -15.5
6.44535 -119.775 -15.5
