-57.4707 -109.067 54.5
-55.3223 -109.206 54.5
-53.1738 -109.345 54.5
-51.0254 -109.484 54.5
-48.8769 -109.622 54.5
-46.7285 -109.761 54.5
-44.5801 -109.83 54.5
-42.4316 -109.9 54.5
-40.2832 -109.969 54.5
-38.1347 -110.007 54.5
-35.9863 -110.007 54.5
-33.8379 -110.007 54.5
-31.6894 -109.94 54.5
-29.541 -109.9 54.5
-27.3926 -109.805 54.5
-25.2441 -109.692 54.5
-23.0957 -109.604 54.5
-20.9472 -109.414 54.5
-18.7988 -109.268 54.5
-16.9189 -109.033 54.5
-16.6504 -108.999 54.5
-14.5019 -108.791 54.5
-12.3535 -108.513 54.5
-10.205 -108.261 54.5
-8.05661 -108.06 54.5
-5.90817 -107.925 54.5
-3.75973 -107.82 54.5
-1.6113 -107.791 54.5
0.537142 -107.858 54.5
2.68558 -107.959 54.5
4.83402 -108.167 54.5
6.98246 -108.395 54.5
9.13089 -108.652 54.5
11.2793 -108.999 54.5
11.5479 -109.033 54.5
13.4278 -109.268 54.5
15.5762 -109.484 54.5
17.7246 -109.738 54.5
19.8731 -109.872 54.5
22.0215 -110.007 54.5
24.17 -110.141 54.5
26.3184 -110.173 54.5
28.4668 -110.208 54.5
30.6153 -110.141 54.5
32.7637 -110.141 54.5
34.9122 -110.074 54.5
37.0606 -109.94 54.5
39.209 -109.805 54.5
41.3575 -109.692 54.5
43.5059 -109.537 54.5
45.6543 -109.335 54.5
47.8028 -109.134 54.5
48.6084 -109.033 54.5
49.9512 -108.86 54.5
52.0997 -108.583 54.5
54.2481 -108.306 54.5
56.3965 -107.959 54.5
58.545 -107.612 54.5
60.6934 -107.266 54.5
62.6628 -106.885 54.5
62.8419 -106.849 54.5
64.9903 -106.365 54.5
67.1387 -105.88 54.5
69.2872 -105.395 54.5
71.4356 -104.84 54.5
71.8384 -104.736 54.5
73.584 -104.271 54.5
75.7325 -103.662 54.5
77.8809 -103.038 54.5
79.4326 -102.588 54.5
80.0294 -102.415 54.5
82.1778 -101.722 54.5
84.3262 -101.029 54.5
85.9864 -100.439 54.5
86.4747 -100.26 54.5
88.6231 -99.401 54.5
90.7715 -98.5417 54.5
91.35 -98.291 54.5
92.92 -97.6107 54.5
95.0684 -96.6081 54.5
95.9994 -96.1426 54.5
97.2169 -95.5129 54.5
99.3653 -94.4016 54.5
100.104 -93.9941 54.5
101.514 -93.2163 54.5
103.662 -92.0309 54.5
103.978 -91.8457 54.5
105.811 -90.7331 54.5
107.517 -89.6973 54.5
107.959 -89.4287 54.5
110.107 -87.9708 54.5
110.729 -87.5488 54.5
112.256 -86.4746 54.5
113.637 -85.4004 54.5
114.404 -84.8036 54.5
116.399 -83.252 54.5
116.553 -83.128 54.5
118.701 -81.3101 54.5
118.945 -81.1035 54.5
120.85 -79.4277 54.5
121.342 -78.9551 54.5
122.998 -77.3652 54.5
123.557 -76.8066 54.5
125.147 -75.0785 54.5
125.518 -74.6582 54.5
127.295 -72.5586 54.5
127.335 -72.5098 54.5
128.926 -70.3613 54.5
129.443 -69.6631 54.5
130.479 -68.2129 54.5
131.592 -66.5733 54.5
131.925 -66.0644 54.5
133.185 -63.916 54.5
133.74 -62.9682 54.5
134.421 -61.7676 54.5
135.555 -59.6191 54.5
135.889 -58.9746 54.5
136.641 -57.4707 54.5
137.643 -55.3223 54.5
138.037 -54.4782 54.5
138.646 -53.1738 54.5
139.597 -51.0254 54.5
140.186 -49.721 54.5
140.58 -48.8769 54.5
141.582 -46.7285 54.5
142.334 -45.1172 54.5
142.585 -44.5801 54.5
143.631 -42.4316 54.5
144.483 -40.8874 54.5
144.828 -40.2832 54.5
146.176 -38.1347 54.5
146.631 -37.5128 54.5
147.839 -35.9863 54.5
148.779 -35.0055 54.5
150.271 -33.8379 54.5
150.928 -33.3834 54.5
153.076 -32.4184 54.5
155.225 -31.8746 54.5
157.373 -31.7241 54.5
159.522 -31.7241 54.5
161.67 -31.9244 54.5
163.818 -32.1258 54.5
165.967 -32.4171 54.5
168.115 -32.7301 54.5
170.264 -33.0658 54.5
172.412 -33.4015 54.5
174.561 -33.7372 54.5
175.205 -33.8379 54.5
176.709 -34.0729 54.5
178.858 -34.4085 54.5
181.006 -34.6771 54.5
183.154 -34.8785 54.5
185.303 -35.0799 54.5
187.451 -35.1725 54.5
189.6 -35.1725 54.5
191.748 -35.1074 54.5
193.897 -34.8785 54.5
196.045 -34.5428 54.5
198.193 -34.0057 54.5
198.731 -33.8379 54.5
200.342 -33.3181 54.5
202.49 -32.4864 54.5
204.137 -31.6894 54.5
204.639 -31.4301 54.5
206.787 -30.2448 54.5
207.861 -29.541 54.5
208.936 -28.7851 54.5
210.816 -27.3926 54.5
211.084 -27.1777 54.5
213.233 -25.2871 54.5
213.277 -25.2441 54.5
215.381 -23.1404 54.5
215.424 -23.0957 54.5
217.24 -20.9472 54.5
217.529 -20.5892 54.5
218.872 -18.7988 54.5
219.678 -17.6115 54.5
220.33 -16.6504 54.5
221.567 -14.5019 54.5
221.826 -14.0006 54.5
222.65 -12.3535 54.5
223.652 -10.205 54.5
223.975 -9.32614 54.5
224.44 -8.05661 54.5
225.188 -5.90817 54.5
225.811 -3.75973 54.5
226.123 -2.55124 54.5
226.366 -1.6113 54.5
226.851 0.537142 54.5
227.231 2.68558 54.5
227.544 4.83402 54.5
227.752 6.98246 54.5
227.96 9.13089 54.5
228.029 11.2793 54.5
228.029 13.4278 54.5
227.96 15.5762 54.5
227.752 17.7246 54.5
227.475 19.8731 54.5
227.128 22.0215 54.5
226.643 24.17 54.5
226.123 25.9603 54.5
226.016 26.3184 54.5
225.228 28.4668 54.5
224.369 30.6153 54.5
223.975 31.403 54.5
223.271 32.7637 54.5
222.018 34.9122 54.5
221.826 35.2105 54.5
220.593 37.0606 54.5
219.678 38.2959 54.5
218.975 39.209 54.5
217.529 40.918 54.5
217.143 41.3575 54.5
215.381 43.1926 54.5
215.068 43.5059 54.5
213.233 45.2676 54.5
212.812 45.6543 54.5
211.084 47.183 54.5
210.317 47.8028 54.5
208.936 48.877 54.5
207.409 49.9512 54.5
206.787 50.3587 54.5
204.639 51.6181 54.5
203.766 52.0997 54.5
202.49 52.78 54.5
200.342 53.711 54.5
198.877 54.2481 54.5
198.193 54.4987 54.5
196.045 55.253 54.5
193.897 55.8259 54.5
191.748 56.3607 54.5
191.533 56.3965 54.5
189.6 56.7084 54.5
187.451 57.0344 54.5
185.303 57.1686 54.5
183.154 57.3029 54.5
181.006 57.2358 54.5
178.858 57.1686 54.5
176.709 56.9856 54.5
174.561 56.7777 54.5
172.412 56.5698 54.5
170.622 56.3965 54.5
170.264 56.3607 54.5
168.115 56.2113 54.5
165.967 56.1372 54.5
163.818 56.2814 54.5
163.013 56.3965 54.5
161.67 56.5955 54.5
159.522 57.4294 54.5
157.588 58.545 54.5
157.373 58.6793 54.5
155.225 60.5469 54.5
155.085 60.6934 54.5
153.211 62.8419 54.5
153.076 63.0115 54.5
151.63 64.9903 54.5
150.928 66.0048 54.5
150.172 67.1387 54.5
148.819 69.2872 54.5
148.779 69.3468 54.5
147.387 71.4356 54.5
146.631 72.5695 54.5
145.929 73.584 54.5
144.483 75.4639 54.5
144.268 75.7325 54.5
142.468 77.8809 54.5
142.334 78.0274 54.5
140.419 80.0294 54.5
140.186 80.2442 54.5
138.037 82.0489 54.5
137.876 82.1778 54.5
135.889 83.6499 54.5
134.874 84.3262 54.5
133.74 85.0552 54.5
131.592 86.2828 54.5
131.208 86.4747 54.5
129.443 87.3266 54.5
127.295 88.2292 54.5
126.386 88.6231 54.5
125.147 89.1429 54.5
122.998 89.9052 54.5
120.85 90.5983 54.5
120.313 90.7715 54.5
118.701 91.2913 54.5
116.553 91.8458 54.5
114.404 92.4002 54.5
112.256 92.8853 54.5
112.102 92.92 54.5
110.107 93.3564 54.5
107.959 93.7863 54.5
105.811 94.2021 54.5
103.662 94.6179 54.5
101.514 95.0338 54.5
101.299 95.0684 54.5
99.3653 95.3705 54.5
97.2169 95.7734 54.5
95.0684 96.1762 54.5
92.92 96.579 54.5
90.7715 96.9819 54.5
89.5183 97.2169 54.5
88.6231 97.3847 54.5
86.4747 97.7204 54.5
84.3262 98.0561 54.5
82.1778 98.4589 54.5
80.0294 98.9148 54.5
78.0344 99.3653 54.5
77.8809 99.3989 54.5
75.7325 99.8017 54.5
73.584 100.179 54.5
71.4356 100.44 54.5
69.2872 100.635 54.5
67.1387 100.765 54.5
64.9903 100.83 54.5
62.8419 100.895 54.5
60.6934 100.895 54.5
58.545 100.913 54.5
56.3965 100.913 54.5
54.2481 100.913 54.5
52.0997 100.895 54.5
49.9512 100.83 54.5
47.8028 100.7 54.5
45.6543 100.57 54.5
43.5059 100.339 54.5
41.3575 100.024 54.5
39.209 99.6079 54.5
37.9558 99.3653 54.5
37.0606 99.1863 54.5
34.9122 98.7566 54.5
32.7637 98.4393 54.5
30.6153 98.1837 54.5
28.4668 98.0404 54.5
26.3184 97.8466 54.5
24.17 97.6243 54.5
22.0215 97.332 54.5
21.377 97.2169 54.5
19.8731 96.9483 54.5
17.7246 96.5647 54.5
15.5762 96.1043 54.5
13.4278 95.6981 54.5
11.2793 95.3191 54.5
9.39945 95.0684 54.5
9.13089 95.0326 54.5
6.98246 94.7462 54.5
4.83402 94.4793 54.5
2.68558 94.2714 54.5
0.537142 94.1016 54.5
-1.6113 94.03 54.5
-3.75973 94.0683 54.5
-5.90817 94.2165 54.5
-8.05661 94.4387 54.5
-10.205 94.661 54.5
-12.3535 94.9573 54.5
-13.1592 95.0684 54.5
-14.5019 95.2536 54.5
-16.6504 95.55 54.5
-18.7988 95.892 54.5
-20.9472 96.2908 54.5
-23.0957 96.6798 54.5
-25.2441 97.1094 54.5
-25.8886 97.2169 54.5
-27.3926 97.4675 54.5
-29.541 97.806 54.5
-31.6894 98.1525 54.5
-33.8379 98.4589 54.5
-35.9863 98.8455 54.5
-38.1347 99.2613 54.5
-38.6719 99.3653 54.5
-40.2832 99.6772 54.5
-42.4316 100.003 54.5
-44.5801 100.244 54.5
-46.7285 100.374 54.5
-48.8769 100.44 54.5
-51.0254 100.44 54.5
-53.1738 100.44 54.5
-55.3223 100.406 54.5
-57.4707 100.374 54.5
-59.6191 100.309 54.5
-61.7676 100.205 54.5
-63.916 100.07 54.5
-66.0644 99.8017 54.5
-68.2129 99.4693 54.5
-68.6733 99.3653 54.5
-70.3613 98.9841 54.5
-72.5098 98.5683 54.5
-74.6582 98.0832 54.5
-76.8066 97.6533 54.5
-78.9551 97.2504 54.5
-79.1341 97.2169 54.5
-81.1035 96.8357 54.5
-83.252 96.4199 54.5
-85.4004 96.004 54.5
-87.5488 95.6391 54.5
-89.6973 95.311 54.5
-91.2012 95.0684 54.5
-91.8457 94.9645 54.5
-93.9941 94.632 54.5
-96.1426 94.2963 54.5
-98.291 93.9249 54.5
-100.439 93.4907 54.5
-102.588 93.0239 54.5
-103.048 92.92 54.5
-104.736 92.5388 54.5
-106.885 91.9844 54.5
-109.033 91.4299 54.5
-111.182 90.8755 54.5
-111.584 90.7715 54.5
-113.33 90.3351 54.5
-115.479 89.7309 54.5
-117.627 89.1267 54.5
-119.238 88.6231 54.5
-119.775 88.4498 54.5
-121.924 87.7167 54.5
-124.072 86.9782 54.5
-125.415 86.4747 54.5
-126.221 86.1524 54.5
-128.369 85.1498 54.5
-130.016 84.3262 54.5
-130.518 84.0577 54.5
-132.666 82.695 54.5
-133.364 82.1778 54.5
-134.814 81.0176 54.5
-135.889 80.0294 54.5
-136.963 78.9063 54.5
-137.865 77.8809 54.5
-139.111 76.3233 54.5
-139.533 75.7325 54.5
-140.838 73.584 54.5
-141.26 72.7963 54.5
-141.964 71.4356 54.5
-143.001 69.2872 54.5
-143.408 68.4431 54.5
-144.017 67.1387 54.5
-144.948 64.9903 54.5
-145.557 63.5855 54.5
-145.879 62.8419 54.5
-146.81 60.6934 54.5
-147.705 58.7752 54.5
-147.816 58.545 54.5
-148.971 56.3965 54.5
-149.854 54.9432 54.5
-150.308 54.2481 54.5
-151.955 52.0997 54.5
-152.002 52.0485 54.5
-154.15 50.1847 54.5
-154.534 49.9512 54.5
-156.299 49.0361 54.5
-158.447 48.3584 54.5
-160.596 48.0534 54.5
-162.744 48.0453 54.5
-164.893 48.1147 54.5
-167.041 48.3735 54.5
-169.189 48.642 54.5
-171.338 48.9106 54.5
-173.486 49.2235 54.5
-175.635 49.5007 54.5
-177.783 49.778 54.5
-179.932 49.9166 54.5
-180.469 49.9512 54.5
-182.08 50.0552 54.5
-184.229 50.1245 54.5
-186.377 50.1245 54.5
-188.525 50.0552 54.5
-190.674 49.9859 54.5
-191.032 49.9512 54.5
-192.822 49.7834 54.5
-194.971 49.5148 54.5
-197.119 49.2463 54.5
-199.268 48.7468 54.5
-201.416 48.2911 54.5
-203.027 47.8028 54.5
-203.564 47.64 54.5
-205.713 46.8588 54.5
-207.861 45.9473 54.5
-208.466 45.6543 54.5
-210.01 44.8573 54.5
-212.158 43.6099 54.5
-212.319 43.5059 54.5
-214.307 42.1354 54.5
-215.332 41.3575 54.5
-216.455 40.4424 54.5
-217.843 39.209 54.5
-218.604 38.5327 54.5
-220.132 37.0606 54.5
-220.752 36.4409 54.5
-222.224 34.9122 54.5
-222.9 34.1512 54.5
-224.049 32.7637 54.5
-225.049 31.4454 54.5
-225.638 30.6153 54.5
-226.962 28.4668 54.5
-227.197 28.0245 54.5
-228.076 26.3184 54.5
-228.988 24.17 54.5
-229.346 22.9883 54.5
-229.63 22.0215 54.5
-230.136 19.8731 54.5
-230.452 17.7246 54.5
-230.745 15.5762 54.5
-231.058 13.4278 54.5
-231.393 11.2793 54.5
-231.494 10.4737 54.5
-231.657 9.13089 54.5
-231.968 6.98246 54.5
-232.139 4.83402 54.5
-232.261 2.68558 54.5
-232.261 0.537142 54.5
-232.18 -1.6113 54.5
-232.016 -3.75973 54.5
-231.709 -5.90817 54.5
-231.494 -7.16143 54.5
-231.336 -8.05661 54.5
-230.894 -10.205 54.5
-230.359 -12.3535 54.5
-229.693 -14.5019 54.5
-229.346 -15.4866 54.5
-228.923 -16.6504 54.5
-227.969 -18.7988 54.5
-227.197 -20.343 54.5
-226.885 -20.9472 54.5
-225.586 -23.0957 54.5
-225.049 -23.9013 54.5
-224.09 -25.2441 54.5
-222.9 -26.692 54.5
-222.304 -27.3926 54.5
-220.752 -29.1382 54.5
-220.365 -29.541 54.5
-218.604 -31.3027 54.5
-218.201 -31.6894 54.5
-216.455 -33.2411 54.5
-215.755 -33.8379 54.5
-214.307 -34.9862 54.5
-212.856 -35.9863 54.5
-212.158 -36.4368 54.5
-210.01 -37.6312 54.5
-209.003 -38.1347 54.5
-207.861 -38.6719 54.5
-205.713 -39.4301 54.5
-203.564 -40.0683 54.5
-202.729 -40.2832 54.5
-201.416 -40.6208 54.5
-199.268 -41.0505 54.5
-197.119 -41.4188 54.5
-194.971 -41.7257 54.5
-192.822 -41.9099 54.5
-190.674 -42.0326 54.5
-188.525 -42.0326 54.5
-186.377 -41.9712 54.5
-184.229 -41.7681 54.5
-182.08 -41.5154 54.5
-179.932 -41.1362 54.5
-177.783 -40.7715 54.5
-175.635 -40.3157 54.5
-175.481 -40.2832 54.5
-173.486 -39.8468 54.5
-171.338 -39.3768 54.5
-169.189 -38.9068 54.5
-167.041 -38.4369 54.5
-165.66 -38.1347 54.5
-164.893 -37.9615 54.5
-162.744 -37.5457 54.5
-160.596 -37.2684 54.5
-158.447 -37.0605 54.5
-156.299 -37.0963 54.5
-154.15 -37.505 54.5
-152.324 -38.1347 54.5
-152.002 -38.2498 54.5
-149.854 -39.4668 54.5
-148.833 -40.2832 54.5
-147.705 -41.264 54.5
-146.631 -42.4316 54.5
-145.557 -43.7744 54.5
-144.96 -44.5801 54.5
-143.523 -46.7285 54.5
-143.408 -46.9075 54.5
-142.186 -48.8769 54.5
-141.26 -50.4567 54.5
-140.914 -51.0254 54.5
-139.667 -53.1738 54.5
-139.111 -54.1217 54.5
-138.408 -55.3223 54.5
-137.155 -57.4707 54.5
-136.963 -57.7866 54.5
-135.889 -59.6191 54.5
-134.814 -61.3498 54.5
-134.555 -61.7676 54.5
-133.242 -63.916 54.5
-132.666 -64.7641 54.5
-131.784 -66.0644 54.5
-130.518 -67.9302 54.5
-130.311 -68.2129 54.5
-128.658 -70.3613 54.5
-128.369 -70.7194 54.5
-126.923 -72.5098 54.5
-126.221 -73.3398 54.5
-125.105 -74.6582 54.5
-124.072 -75.8789 54.5
-123.222 -76.8066 54.5
-121.924 -78.1611 54.5
-121.193 -78.9551 54.5
-119.775 -80.4963 54.5
-119.194 -81.1035 54.5
-117.627 -82.6074 54.5
-116.956 -83.252 54.5
-115.479 -84.6699 54.5
-114.648 -85.4004 54.5
-113.33 -86.5605 54.5
-112.207 -87.5488 54.5
-111.182 -88.3843 54.5
-109.494 -89.6973 54.5
-109.033 -90.0553 54.5
-106.885 -91.6468 54.5
-106.616 -91.8457 54.5
-104.736 -93.2382 54.5
-103.602 -93.9941 54.5
-102.588 -94.6463 54.5
-100.439 -96.0275 54.5
-100.26 -96.1426 54.5
-98.291 -97.365 54.5
-96.6126 -98.291 54.5
-96.1426 -98.5417 54.5
-93.9941 -99.6875 54.5
-92.3828 -100.439 54.5
-91.8457 -100.69 54.5
-89.6973 -101.652 54.5
-87.5488 -102.552 54.5
-87.4593 -102.588 54.5
-85.4004 -103.36 54.5
-83.252 -104.078 54.5
-81.2109 -104.736 54.5
-81.1035 -104.771 54.5
-78.9551 -105.395 54.5
-76.8066 -105.949 54.5
-74.6582 -106.434 54.5
-72.5098 -106.85 54.5
-72.3307 -106.885 54.5
-70.3613 -107.266 54.5
-68.2129 -107.612 54.5
-66.0644 -107.959 54.5
-63.916 -108.306 54.5
-61.7676 -108.583 54.5
-59.6191 -108.791 54.5
-57.7392 -109.033 54.5
