-51.0254 -106.919 62
-48.8769 -107.058 62
-46.7285 -107.127 62
-44.5801 -107.197 62
-42.4316 -107.254 62
-40.2832 -107.254 62
-38.1347 -107.266 62
-35.9863 -107.254 62
-33.8379 -107.254 62
-31.6894 -107.187 62
-29.541 -107.12 62
-27.3926 -107.053 62
-25.2441 -106.918 62
-24.886 -106.885 62
-23.0957 -106.712 62
-20.9472 -106.563 62
-18.7988 -106.348 62
-16.6504 -106.088 62
-14.5019 -105.88 62
-12.3535 -105.672 62
-10.205 -105.441 62
-8.05661 -105.256 62
-5.90817 -105.118 62
-3.75973 -104.979 62
-1.6113 -104.971 62
0.537142 -104.979 62
2.68558 -105.106 62
4.83402 -105.256 62
6.98246 -105.464 62
9.13089 -105.741 62
11.2793 -106.018 62
13.4278 -106.296 62
15.5762 -106.573 62
17.7246 -106.781 62
18.7989 -106.885 62
19.8731 -106.989 62
22.0215 -107.197 62
24.17 -107.321 62
26.3184 -107.405 62
28.4668 -107.523 62
30.6153 -107.523 62
32.7637 -107.523 62
34.9122 -107.474 62
37.0606 -107.405 62
39.209 -107.266 62
41.3575 -107.127 62
43.5059 -106.989 62
45.1172 -106.885 62
45.6543 -106.85 62
47.8028 -106.642 62
49.9512 -106.381 62
52.0997 -106.113 62
54.2481 -105.844 62
56.3965 -105.508 62
58.545 -105.187 62
60.6934 -104.84 62
61.2305 -104.736 62
62.8419 -104.424 62
64.9903 -104.009 62
67.1387 -103.561 62
69.2872 -103.038 62
71.2821 -102.588 62
71.4356 -102.552 62
73.584 -101.93 62
75.7325 -101.375 62
77.8809 -100.682 62
78.6329 -100.439 62
80.0294 -99.989 62
82.1778 -99.2959 62
84.3262 -98.6029 62
85.2051 -98.291 62
86.4747 -97.8255 62
88.6231 -97.0089 62
90.7715 -96.1772 62
90.8542 -96.1426 62
92.92 -95.2763 62
95.0684 -94.3753 62
95.9125 -93.9941 62
97.2169 -93.4051 62
99.3653 -92.4348 62
100.583 -91.8457 62
101.514 -91.3802 62
103.662 -90.306 62
104.88 -89.6973 62
105.811 -89.2157 62
107.959 -88.0304 62
108.832 -87.5488 62
110.107 -86.8199 62
112.256 -85.5155 62
112.435 -85.4004 62
114.404 -84.1343 62
115.705 -83.252 62
116.553 -82.6552 62
118.648 -81.1035 62
118.701 -81.0622 62
120.85 -79.3269 62
121.289 -78.9551 62
122.998 -77.4512 62
123.699 -76.8066 62
125.147 -75.4191 62
125.877 -74.6582 62
127.295 -73.1169 62
127.854 -72.5098 62
129.443 -70.7031 62
129.733 -70.3613 62
131.393 -68.2129 62
131.592 -67.9302 62
132.905 -66.0644 62
133.74 -64.8112 62
134.296 -63.916 62
135.481 -61.7676 62
135.889 -61.029 62
136.641 -59.6191 62
137.715 -57.4707 62
138.037 -56.7801 62
138.718 -55.3223 62
139.72 -53.1738 62
140.186 -52.1763 62
140.723 -51.0254 62
141.725 -48.8769 62
142.334 -47.5725 62
142.742 -46.7285 62
143.853 -44.5801 62
144.483 -43.5058 62
145.135 -42.4316 62
146.512 -40.2832 62
146.631 -40.1221 62
148.221 -38.1347 62
148.779 -37.5 62
150.365 -35.9863 62
150.928 -35.494 62
153.076 -34.0445 62
153.524 -33.8379 62
155.225 -33.1341 62
157.373 -32.6562 62
159.522 -32.4414 62
161.67 -32.4864 62
163.818 -32.625 62
165.967 -32.8644 62
168.115 -33.1329 62
170.264 -33.4567 62
172.412 -33.7372 62
173.057 -33.8379 62
174.561 -34.0729 62
176.709 -34.2883 62
178.858 -34.5428 62
181.006 -34.6771 62
183.154 -34.8114 62
185.303 -34.8114 62
187.451 -34.7819 62
189.6 -34.61 62
191.748 -34.2883 62
193.897 -33.8725 62
194.05 -33.8379 62
196.045 -33.3874 62
198.193 -32.6943 62
200.342 -31.932 62
200.92 -31.6894 62
202.49 -31.0091 62
204.639 -29.9485 62
205.377 -29.541 62
206.787 -28.7353 62
208.766 -27.3926 62
208.936 -27.2732 62
211.084 -25.6986 62
211.621 -25.2441 62
213.233 -23.7671 62
213.933 -23.0957 62
215.381 -21.582 62
215.94 -20.9472 62
217.529 -19.0546 62
217.728 -18.7988 62
219.179 -16.6504 62
219.678 -15.8745 62
220.53 -14.5019 62
221.715 -12.3535 62
221.826 -12.1233 62
222.693 -10.205 62
223.581 -8.05661 62
223.975 -6.98239 62
224.356 -5.90817 62
224.98 -3.75973 62
225.534 -1.6113 62
225.95 0.537142 62
226.123 1.43232 62
226.366 2.68558 62
226.643 4.83402 62
226.851 6.98246 62
226.989 9.13089 62
227.059 11.2793 62
227.097 13.4278 62
227.059 15.5762 62
226.989 17.7246 62
226.782 19.8731 62
226.504 22.0215 62
226.158 24.17 62
226.123 24.3234 62
225.673 26.3184 62
225.085 28.4668 62
224.356 30.6153 62
223.975 31.5242 62
223.419 32.7637 62
222.308 34.9122 62
221.826 35.7336 62
221.021 37.0606 62
219.678 39.0394 62
219.554 39.209 62
217.901 41.3575 62
217.529 41.7969 62
216.083 43.5059 62
215.381 44.2999 62
214.027 45.6543 62
213.233 46.4153 62
211.785 47.8028 62
211.084 48.4225 62
209.097 49.9512 62
208.936 50.0706 62
206.787 51.6009 62
206.011 52.0997 62
204.639 52.9821 62
202.554 54.2481 62
202.49 54.2851 62
200.342 55.3223 62
198.193 56.2891 62
197.9 56.3965 62
196.045 57.0769 62
193.897 57.748 62
191.748 58.3024 62
190.674 58.545 62
189.6 58.78 62
187.451 59.0648 62
185.303 59.3171 62
183.154 59.4806 62
181.006 59.5856 62
178.858 59.5856 62
176.709 59.5856 62
174.561 59.5856 62
172.412 59.5856 62
170.264 59.6528 62
168.115 59.8964 62
165.967 60.2279 62
164.415 60.6934 62
163.818 60.8786 62
161.67 61.8827 62
160.178 62.8419 62
159.522 63.3145 62
157.527 64.9903 62
157.373 65.1304 62
155.525 67.1387 62
155.225 67.4805 62
153.696 69.2872 62
153.076 70.0928 62
152.082 71.4356 62
150.928 72.9932 62
150.49 73.584 62
148.899 75.7325 62
148.779 75.8859 62
147.104 77.8809 62
146.631 78.3947 62
145.064 80.0294 62
144.483 80.588 62
142.676 82.1778 62
142.334 82.467 62
140.186 84.0477 62
139.768 84.3262 62
138.037 85.4005 62
136.09 86.4747 62
135.889 86.5858 62
133.74 87.6563 62
131.669 88.6231 62
131.592 88.6578 62
129.443 89.4201 62
127.295 90.1825 62
125.469 90.7715 62
125.147 90.8755 62
122.998 91.4992 62
120.85 92.0537 62
118.701 92.6081 62
117.32 92.92 62
116.553 93.0878 62
114.404 93.5578 62
112.256 93.9942 62
110.107 94.4597 62
107.959 94.9573 62
107.422 95.0684 62
105.811 95.4018 62
103.662 95.8463 62
101.514 96.2908 62
99.3653 96.7353 62
97.2169 97.1798 62
97.002 97.2169 62
95.0684 97.5391 62
92.92 97.8972 62
90.7715 98.2553 62
88.6231 98.6133 62
86.4747 99.043 62
84.8633 99.3653 62
84.3262 99.4727 62
82.1778 99.9544 62
80.0294 100.339 62
77.8809 100.635 62
75.7325 100.83 62
73.584 100.96 62
71.4356 100.977 62
69.2872 101.025 62
67.1387 101.025 62
64.9903 101.025 62
62.8419 101.025 62
60.6934 101.025 62
58.545 101.025 62
56.3965 101.025 62
54.2481 100.977 62
52.0997 100.96 62
49.9512 100.96 62
47.8028 100.895 62
45.6543 100.83 62
43.5059 100.765 62
41.3575 100.635 62
39.209 100.406 62
37.0606 100.093 62
34.9122 99.6772 62
33.3008 99.3653 62
32.7637 99.2579 62
30.6153 98.8282 62
28.4668 98.5133 62
26.3184 98.217 62
24.17 97.9458 62
22.0215 97.7156 62
19.8731 97.4158 62
18.5303 97.2169 62
17.7246 97.0975 62
15.5762 96.7792 62
13.4278 96.4319 62
11.2793 96.1013 62
9.13089 95.8534 62
6.98246 95.6055 62
4.83402 95.2833 62
2.68558 95.1097 62
2.14847 95.0684 62
0.537142 94.9491 62
-1.6113 94.8695 62
-3.75973 94.9491 62
-5.90817 95.0286 62
-6.98239 95.0684 62
-8.05661 95.1114 62
-10.205 95.3576 62
-12.3535 95.6055 62
-14.5019 95.8534 62
-16.6504 96.1426 62
-18.7988 96.4609 62
-20.9472 96.8716 62
-22.8808 97.2169 62
-23.0957 97.2552 62
-25.2441 97.6243 62
-27.3926 97.9688 62
-29.541 98.3604 62
-31.6894 98.7762 62
-33.8379 99.2613 62
-34.375 99.3653 62
-35.9863 99.6674 62
-38.1347 100.049 62
-40.2832 100.339 62
-42.4316 100.505 62
-44.5801 100.635 62
-46.7285 100.661 62
-48.8769 100.661 62
-51.0254 100.7 62
-53.1738 100.661 62
-55.3223 100.661 62
-57.4707 100.661 62
-59.6191 100.635 62
-61.7676 100.635 62
-63.916 100.57 62
-66.0644 100.44 62
-68.2129 100.272 62
-70.3613 99.936 62
-72.5098 99.6003 62
-73.4497 99.3653 62
-74.6582 99.0534 62
-76.8066 98.5683 62
-78.9551 98.0561 62
-81.1035 97.5861 62
-82.7916 97.2169 62
-83.252 97.1129 62
-85.4004 96.6971 62
-87.5488 96.2813 62
-89.6973 95.8654 62
-91.8457 95.5048 62
-93.9941 95.1031 62
-94.1732 95.0684 62
-96.1426 94.6873 62
-98.291 94.3407 62
-100.439 93.9249 62
-102.588 93.4907 62
-104.736 93.0207 62
-105.197 92.92 62
-106.885 92.5388 62
-109.033 91.9844 62
-111.182 91.4992 62
-113.33 90.9448 62
-114.001 90.7715 62
-115.479 90.3904 62
-117.627 89.798 62
-119.775 89.2122 62
-121.602 88.6231 62
-121.924 88.5192 62
-124.072 87.8261 62
-126.221 87.1331 62
-127.922 86.4747 62
-128.369 86.2956 62
-130.518 85.3646 62
-132.666 84.362 62
-132.729 84.3262 62
-134.814 83.0602 62
-136.115 82.1778 62
-136.963 81.5333 62
-138.598 80.0294 62
-139.111 79.4922 62
-140.529 77.8809 62
-141.26 76.9198 62
-142.095 75.7325 62
-143.408 73.7631 62
-143.519 73.584 62
-144.705 71.4356 62
-145.557 69.8914 62
-145.879 69.2872 62
-146.976 67.1387 62
-147.705 65.778 62
-148.113 64.9903 62
-149.201 62.8419 62
-149.854 61.7676 62
-150.506 60.6934 62
-151.878 58.545 62
-152.002 58.3754 62
-153.637 56.3965 62
-154.15 55.8338 62
-155.903 54.2481 62
-156.299 53.9348 62
-158.447 52.7194 62
-160.059 52.0997 62
-160.596 51.9007 62
-162.744 51.4699 62
-164.893 51.2761 62
-167.041 51.2761 62
-169.189 51.3477 62
-171.338 51.544 62
-173.486 51.7058 62
-175.635 51.9206 62
-177.783 52.0639 62
-178.32 52.0997 62
-179.932 52.2036 62
-182.08 52.2675 62
-184.229 52.2675 62
-186.377 52.1343 62
-186.914 52.0997 62
-188.525 51.9957 62
-190.674 51.7185 62
-192.822 51.3276 62
-194.971 50.8868 62
-197.119 50.3324 62
-198.301 49.9512 62
-199.268 49.6394 62
-201.416 48.9463 62
-203.564 48.125 62
-204.308 47.8028 62
-205.713 47.1731 62
-207.861 46.1198 62
-208.734 45.6543 62
-210.01 44.9254 62
-212.158 43.5443 62
-212.212 43.5059 62
-214.307 41.9543 62
-215.074 41.3575 62
-216.455 40.1973 62
-217.529 39.209 62
-218.604 38.1796 62
-219.678 37.0606 62
-220.752 35.893 62
-221.62 34.9122 62
-222.9 33.2471 62
-223.259 32.7637 62
-224.77 30.6153 62
-225.049 30.173 62
-226.049 28.4668 62
-227.162 26.3184 62
-227.197 26.2417 62
-228.133 24.17 62
-228.965 22.0215 62
-229.346 20.9473 62
-229.727 19.8731 62
-230.351 17.7246 62
-230.905 15.5762 62
-231.321 13.4278 62
-231.494 12.5326 62
-231.729 11.2793 62
-231.998 9.13089 62
-232.199 6.98246 62
-232.333 4.83402 62
-232.401 2.68558 62
-232.401 0.537142 62
-232.333 -1.6113 62
-232.153 -3.75973 62
-231.931 -5.90817 62
-231.598 -8.05661 62
-231.494 -8.59372 62
-231.182 -10.205 62
-230.628 -12.3535 62
-229.954 -14.5019 62
-229.346 -16.1621 62
-229.167 -16.6504 62
-228.236 -18.7988 62
-227.197 -20.7458 62
-227.082 -20.9472 62
-225.725 -23.0957 62
-225.049 -24.0088 62
-224.134 -25.2441 62
-222.9 -26.7578 62
-222.319 -27.3926 62
-220.752 -28.9591 62
-220.145 -29.541 62
-218.604 -30.959 62
-217.773 -31.6894 62
-216.455 -32.805 62
-215.042 -33.8379 62
-214.307 -34.3366 62
-212.158 -35.7178 62
-211.688 -35.9863 62
-210.01 -36.9124 62
-207.861 -38.0236 62
-207.593 -38.1347 62
-205.713 -38.8624 62
-203.564 -39.6248 62
-201.523 -40.2832 62
-201.416 -40.3178 62
-199.268 -40.8539 62
-197.119 -41.3238 62
-194.971 -41.7267 62
-192.822 -41.9952 62
-190.674 -42.1966 62
-188.525 -42.3277 62
-186.377 -42.397 62
-184.229 -42.3277 62
-182.08 -42.1891 62
-179.932 -41.9811 62
-177.783 -41.7039 62
-175.635 -41.391 62
-173.486 -41.0553 62
-171.338 -40.6644 62
-169.189 -40.3168 62
-169.01 -40.2832 62
-167.041 -39.902 62
-164.893 -39.5555 62
-162.744 -39.2425 62
-160.596 -39.0011 62
-158.447 -38.9068 62
-156.299 -38.9317 62
-154.15 -39.2448 62
-152.002 -39.8757 62
-151.093 -40.2832 62
-149.854 -40.88 62
-147.759 -42.4316 62
-147.705 -42.4764 62
-145.601 -44.5801 62
-145.557 -44.6312 62
-143.925 -46.7285 62
-143.408 -47.4635 62
-142.449 -48.8769 62
-141.26 -50.6296 62
-140.991 -51.0254 62
-139.667 -53.1738 62
-139.111 -54.069 62
-138.306 -55.3223 62
-136.963 -57.411 62
-136.925 -57.4707 62
-135.543 -59.6191 62
-134.814 -60.753 62
-134.162 -61.7676 62
-132.781 -63.916 62
-132.666 -64.0856 62
-131.274 -66.0644 62
-130.518 -67.1387 62
-129.762 -68.2129 62
-128.369 -70.0928 62
-128.163 -70.3613 62
-126.499 -72.5098 62
-126.221 -72.8516 62
-124.692 -74.6582 62
-124.072 -75.3588 62
-122.685 -76.8066 62
-121.924 -77.6006 62
-120.626 -78.9551 62
-119.775 -79.8055 62
-118.477 -81.1035 62
-117.627 -81.9199 62
-116.179 -83.252 62
-115.479 -83.8717 62
-113.672 -85.4004 62
-113.33 -85.6896 62
-111.182 -87.3499 62
-110.913 -87.5488 62
-109.033 -88.9413 62
-107.959 -89.6973 62
-106.885 -90.4532 62
-104.796 -91.8457 62
-104.736 -91.8841 62
-102.588 -93.2652 62
-101.387 -93.9941 62
-100.439 -94.5498 62
-98.291 -95.7206 62
-97.5525 -96.1426 62
-96.1426 -96.8945 62
-93.9941 -97.9576 62
-93.2505 -98.291 62
-91.8457 -98.8997 62
-89.6973 -99.7591 62
-87.8418 -100.439 62
-87.5488 -100.547 62
-85.4004 -101.306 62
-83.252 -101.979 62
-81.2229 -102.588 62
-81.1035 -102.623 62
-78.9551 -103.177 62
-76.8066 -103.662 62
-74.6582 -104.147 62
-72.5098 -104.563 62
-71.6146 -104.736 62
-70.3613 -104.971 62
-68.2129 -105.256 62
-66.0644 -105.533 62
-63.916 -105.811 62
-61.7676 -106.061 62
-59.6191 -106.276 62
-57.4707 -106.491 62
-55.3223 -106.642 62
-53.1738 -106.781 62
-51.5625 -106.885 62
