4.83402 -117.728 -53
6.98246 -117.87 -53
9.13089 -118.131 -53
11.2793 -118.332 -53
13.4278 -118.533 -53
15.5762 -118.766 -53
17.7246 -118.962 -53
19.8731 -119.092 -53
22.0215 -119.222 -53
24.17 -119.287 -53
26.3184 -119.352 -53
28.4668 -119.365 -53
30.6153 -119.365 -53
32.7637 -119.352 -53
34.9122 -119.301 -53
37.0606 -119.238 -53
39.209 -119.175 -53
41.3575 -119.027 -53
43.5059 -118.896 -53
45.6543 -118.668 -53
47.8028 -118.441 -53
49.9512 -118.131 -53
52.0997 -117.862 -53
53.6036 -117.627 -53
54.2481 -117.526 -53
56.3965 -117.191 -53
58.545 -116.83 -53
60.6934 -116.452 -53
62.8419 -115.982 -53
64.9903 -115.579 -53
65.4507 -115.479 -53
67.1387 -115.109 -53
69.2872 -114.639 -53
71.4356 -114.102 -53
73.584 -113.565 -53
74.4195 -113.33 -53
75.7325 -112.949 -53
77.8809 -112.289 -53
80.0294 -111.618 -53
81.2989 -111.182 -53
82.1778 -110.87 -53
84.3262 -110.038 -53
86.4747 -109.206 -53
86.8583 -109.033 -53
88.6231 -108.21 -53
90.7715 -107.207 -53
91.4621 -106.885 -53
92.92 -106.181 -53
95.0684 -105.07 -53
95.6727 -104.736 -53
97.2169 -103.884 -53
99.3653 -102.699 -53
99.5549 -102.588 -53
101.514 -101.399 -53
103.093 -100.439 -53
103.662 -100.081 -53
105.811 -98.6363 -53
106.294 -98.291 -53
107.959 -97.0577 -53
109.194 -96.1426 -53
110.107 -95.4662 -53
112.095 -93.9941 -53
112.256 -93.8702 -53
114.404 -92.1349 -53
114.762 -91.8457 -53
116.553 -90.3996 -53
117.383 -89.6973 -53
118.701 -88.5371 -53
119.731 -87.5488 -53
120.85 -86.4298 -53
121.879 -85.4004 -53
122.998 -84.2328 -53
123.9 -83.252 -53
125.147 -81.8359 -53
125.766 -81.1035 -53
127.295 -79.1162 -53
127.414 -78.9551 -53
129.006 -76.8066 -53
129.443 -76.1502 -53
130.403 -74.6582 -53
131.592 -72.8082 -53
131.777 -72.5098 -53
132.962 -70.3613 -53
133.74 -68.9514 -53
134.134 -68.2129 -53
135.137 -66.0644 -53
135.889 -64.4531 -53
136.131 -63.916 -53
136.997 -61.7676 -53
137.795 -59.6191 -53
138.037 -58.9925 -53
138.608 -57.4707 -53
139.319 -55.3223 -53
140.012 -53.1738 -53
140.186 -52.6367 -53
140.689 -51.0254 -53
141.293 -48.8769 -53
141.831 -46.7285 -53
142.334 -44.7143 -53
142.368 -44.5801 -53
142.77 -42.4316 -53
143.148 -40.2832 -53
143.473 -38.1347 -53
143.693 -35.9863 -53
143.882 -33.8379 -53
143.994 -31.6894 -53
144.059 -29.541 -53
144.072 -27.3926 -53
144.059 -25.2441 -53
143.994 -23.0957 -53
143.882 -20.9472 -53
143.799 -18.7988 -53
143.604 -16.6504 -53
143.375 -14.5019 -53
143.173 -12.3535 -53
142.905 -10.205 -53
142.636 -8.05661 -53
142.368 -5.90817 -53
142.334 -5.69333 -53
142.022 -3.75973 -53
141.696 -1.6113 -53
141.329 0.537142 -53
140.891 2.68558 -53
140.421 4.83402 -53
140.186 5.77396 -53
139.874 6.98246 -53
139.319 9.13089 -53
138.696 11.2793 -53
138.072 13.4278 -53
138.037 13.5352 -53
137.379 15.5762 -53
136.686 17.7246 -53
135.993 19.8731 -53
135.889 20.1954 -53
135.28 22.0215 -53
134.537 24.17 -53
133.776 26.3184 -53
133.74 26.4161 -53
133.013 28.4668 -53
132.25 30.6153 -53
131.592 32.4707 -53
131.484 32.7637 -53
130.625 34.9122 -53
129.755 37.0606 -53
129.443 37.7512 -53
128.785 39.209 -53
127.832 41.3575 -53
127.295 42.5084 -53
126.813 43.5059 -53
125.702 45.6543 -53
125.147 46.7286 -53
124.591 47.8028 -53
123.406 49.9512 -53
122.998 50.6897 -53
122.22 52.0997 -53
120.965 54.2481 -53
120.85 54.4377 -53
119.701 56.3965 -53
118.701 58.0079 -53
118.356 58.545 -53
116.975 60.6934 -53
116.553 61.3153 -53
115.479 62.8419 -53
114.404 64.3684 -53
113.95 64.9903 -53
112.296 67.1387 -53
112.256 67.1899 -53
110.562 69.2872 -53
110.107 69.8243 -53
108.69 71.4356 -53
107.959 72.1965 -53
106.572 73.584 -53
105.811 74.3145 -53
104.199 75.7325 -53
103.662 76.187 -53
101.514 77.8411 -53
101.46 77.8809 -53
99.3653 79.3772 -53
98.2911 80.0294 -53
97.2169 80.6591 -53
95.0684 81.7839 -53
94.2807 82.1778 -53
92.92 82.8581 -53
90.7715 83.7891 -53
89.4288 84.3262 -53
88.6231 84.6485 -53
86.4747 85.5079 -53
84.3262 86.2956 -53
83.838 86.4747 -53
82.1778 87.0638 -53
80.0294 87.7568 -53
77.8809 88.4441 -53
77.2841 88.6231 -53
75.7325 89.0595 -53
73.584 89.628 -53
71.4356 90.1825 -53
69.2872 90.6676 -53
68.8268 90.7715 -53
67.1387 91.1408 -53
64.9903 91.5436 -53
62.8419 91.9465 -53
60.6934 92.2822 -53
58.545 92.6179 -53
56.3965 92.8853 -53
56.128 92.92 -53
54.2481 93.1626 -53
52.0997 93.3012 -53
49.9512 93.4398 -53
47.8028 93.5091 -53
45.6543 93.5091 -53
43.5059 93.3705 -53
41.3575 93.2319 -53
39.209 93.0932 -53
37.8663 92.92 -53
37.0606 92.816 -53
34.9122 92.5388 -53
32.7637 92.1923 -53
30.6153 91.8458 -53
28.4668 91.4765 -53
26.3184 91.0737 -53
24.7071 90.7715 -53
24.17 90.6676 -53
22.0215 90.268 -53
19.8731 89.9052 -53
17.7246 89.5295 -53
15.5762 89.1938 -53
13.4278 88.8657 -53
11.9239 88.6231 -53
11.2793 88.5224 -53
9.13089 88.2538 -53
6.98246 88.0524 -53
4.83402 87.851 -53
2.68558 87.7839 -53
0.537142 87.7167 -53
-1.6113 87.8093 -53
-3.75973 87.9853 -53
-5.90817 88.1867 -53
-8.05661 88.4553 -53
-9.13083 88.6231 -53
-10.205 88.791 -53
-12.3535 89.1267 -53
-14.5019 89.4894 -53
-16.6504 89.9052 -53
-18.7988 90.3351 -53
-20.7938 90.7715 -53
-20.9472 90.8051 -53
-23.0957 91.2751 -53
-25.2441 91.6779 -53
-27.3926 92.123 -53
-29.541 92.5388 -53
-31.6894 92.8853 -53
-31.9043 92.92 -53
-33.8379 93.2221 -53
-35.9863 93.5091 -53
-38.1347 93.7592 -53
-40.2832 93.9606 -53
-42.4316 94.1244 -53
-44.5801 94.2546 -53
-46.7285 94.2963 -53
-48.8769 94.3197 -53
-51.0254 94.2546 -53
-53.1738 94.1244 -53
-55.3223 93.9942 -53
-57.4707 93.8264 -53
-59.6191 93.6249 -53
-61.7676 93.4235 -53
-63.916 93.1626 -53
-65.7959 92.92 -53
-66.0644 92.8853 -53
-68.2129 92.6081 -53
-70.3613 92.1923 -53
-72.5098 91.7765 -53
-74.6582 91.2751 -53
-76.4486 90.7715 -53
-76.8066 90.6676 -53
-78.9551 90.0439 -53
-81.1035 89.3508 -53
-82.9834 88.6231 -53
-83.252 88.5157 -53
-85.4004 87.5847 -53
-87.5488 86.5117 -53
-87.6204 86.4747 -53
-89.6973 85.3621 -53
-91.4034 84.3262 -53
-91.8457 84.0577 -53
-93.9941 82.6765 -53
-94.7291 82.1778 -53
-96.1426 81.1831 -53
-97.626 80.0294 -53
-98.291 79.5121 -53
-100.388 77.8809 -53
-100.439 77.8379 -53
-102.588 75.9391 -53
-102.821 75.7325 -53
-104.736 73.9708 -53
-105.139 73.584 -53
-106.885 71.8384 -53
-107.271 71.4356 -53
-109.033 69.6005 -53
-109.322 69.2872 -53
-111.182 67.1854 -53
-111.223 67.1387 -53
-113.115 64.9903 -53
-113.33 64.7345 -53
-114.859 62.8419 -53
-115.479 62.0746 -53
-116.594 60.6934 -53
-117.627 59.3506 -53
-118.224 58.545 -53
-119.736 56.3965 -53
-119.775 56.3369 -53
-121.118 54.2481 -53
-121.924 52.9948 -53
-122.479 52.0997 -53
-123.665 49.9512 -53
-124.072 49.2127 -53
-124.824 47.8028 -53
-125.898 45.6543 -53
-126.221 44.9638 -53
-126.901 43.5059 -53
-127.849 41.3575 -53
-128.369 40.118 -53
-128.75 39.209 -53
-129.582 37.0606 -53
-130.41 34.9122 -53
-130.518 34.6192 -53
-131.176 32.7637 -53
-131.938 30.6153 -53
-132.666 28.5645 -53
-132.701 28.4668 -53
-133.438 26.3184 -53
-134.156 24.17 -53
-134.814 22.1289 -53
-134.849 22.0215 -53
-135.519 19.8731 -53
-136.166 17.7246 -53
-136.79 15.5762 -53
-136.963 14.9794 -53
-137.413 13.4278 -53
-137.968 11.2793 -53
-138.522 9.13089 -53
-139.077 6.98246 -53
-139.111 6.829 -53
-139.562 4.83402 -53
-140.085 2.68558 -53
-140.555 0.537142 -53
-141.017 -1.6113 -53
-141.26 -2.68552 -53
-141.495 -3.75973 -53
-141.965 -5.90817 -53
-142.368 -8.05661 -53
-142.75 -10.205 -53
-143.096 -12.3535 -53
-143.374 -14.5019 -53
-143.408 -14.7705 -53
-143.651 -16.6504 -53
-143.928 -18.7988 -53
-144.136 -20.9472 -53
-144.315 -23.0957 -53
-144.449 -25.2441 -53
-144.548 -27.3926 -53
-144.548 -29.541 -53
-144.482 -31.6894 -53
-144.382 -33.8379 -53
-144.18 -35.9863 -53
-143.979 -38.1347 -53
-143.72 -40.2832 -53
-143.442 -42.4316 -53
-143.408 -42.6107 -53
-143.039 -44.5801 -53
-142.636 -46.7285 -53
-142.099 -48.8769 -53
-141.502 -51.0254 -53
-141.26 -51.7773 -53
-140.809 -53.1738 -53
-140.078 -55.3223 -53
-139.219 -57.4707 -53
-139.111 -57.7392 -53
-138.359 -59.6191 -53
-137.357 -61.7676 -53
-136.963 -62.6116 -53
-136.333 -63.916 -53
-135.222 -66.0644 -53
-134.814 -66.8522 -53
-134.086 -68.2129 -53
-132.851 -70.3613 -53
-132.666 -70.6773 -53
-131.553 -72.5098 -53
-130.518 -74.0363 -53
-130.096 -74.6582 -53
-128.568 -76.8066 -53
-128.369 -77.0752 -53
-126.923 -78.9551 -53
-126.221 -79.7852 -53
-125.061 -81.1035 -53
-124.072 -82.1777 -53
-123.084 -83.252 -53
-121.924 -84.4604 -53
-120.984 -85.4004 -53
-119.775 -86.5605 -53
-118.746 -87.5488 -53
-117.627 -88.5817 -53
-116.366 -89.6973 -53
-115.479 -90.4823 -53
-113.79 -91.8457 -53
-113.33 -92.2038 -53
-111.182 -93.7156 -53
-110.806 -93.9941 -53
-109.033 -95.3071 -53
-107.78 -96.1426 -53
-106.885 -96.7181 -53
-104.736 -98.0921 -53
-104.42 -98.291 -53
-102.588 -99.4036 -53
-100.775 -100.439 -53
-100.439 -100.631 -53
-98.291 -101.81 -53
-96.7871 -102.588 -53
-96.1426 -102.921 -53
-93.9941 -104.033 -53
-92.5363 -104.736 -53
-91.8457 -105.059 -53
-89.6973 -105.99 -53
-87.6315 -106.885 -53
-87.5488 -106.919 -53
-85.4004 -107.708 -53
-83.252 -108.496 -53
-81.7871 -109.033 -53
-81.1035 -109.276 -53
-78.9551 -109.9 -53
-76.8066 -110.593 -53
-74.7776 -111.182 -53
-74.6582 -111.216 -53
-72.5098 -111.819 -53
-70.3613 -112.357 -53
-68.2129 -112.827 -53
-66.1987 -113.33 -53
-66.0644 -113.364 -53
-63.916 -113.766 -53
-61.7676 -114.169 -53
-59.6191 -114.572 -53
-57.4707 -114.889 -53
-55.3223 -115.176 -53
-53.1738 -115.444 -53
-52.9053 -115.479 -53
-51.0254 -115.714 -53
-48.8769 -115.929 -53
-46.7285 -116.183 -53
-44.5801 -116.452 -53
-42.4316 -116.683 -53
-40.2832 -116.878 -53
-38.1347 -116.943 -53
-35.9863 -117.074 -53
-33.8379 -117.139 -53
-31.6894 -117.139 -53
-29.541 -117.153 -53
-27.3926 -117.153 -53
-25.2441 -117.153 -53
-23.0957 -117.139 -53
-20.9472 -117.139 -53
-18.7988 -117.139 -53
-16.6504 -117.09 -53
-14.5019 -117.09 -53
-12.3535 -117.074 -53
-10.205 -117.074 -53
-8.05661 -117.09 -53
-5.90817 -117.139 -53
-3.75973 -117.204 -53
-1.6113 -117.269 -53
0.537142 -117.399 -53
2.68558 -117.526 -53
3.7598 -117.627 -53
