2.68558 -119.809 2
4.83402 -119.949 2
6.98246 -120.087 2
9.13089 -120.226 2
11.2793 -120.434 2
13.4278 -120.682 2
15.5762 -120.95 2
17.7246 -121.152 2
19.8731 -121.42 2
22.0215 -121.555 2
24.17 -121.689 2
26.3184 -121.751 2
28.4668 -121.681 2
30.6153 -121.473 2
32.7637 -121.196 2
34.9122 -120.85 2
37.0606 -120.503 2
39.209 -120.145 2
41.1784 -119.775 2
41.3575 -119.741 2
43.5059 -119.325 2
45.6543 -118.909 2
47.8028 -118.466 2
49.9512 -117.996 2
51.6393 -117.627 2
52.0997 -117.52 2
54.2481 -116.969 2
56.3965 -116.414 2
58.545 -115.86 2
60.022 -115.479 2
60.6934 -115.305 2
62.8419 -114.682 2
64.9903 -114.102 2
67.1387 -113.503 2
67.7355 -113.33 2
69.2872 -112.88 2
71.4356 -112.256 2
73.584 -111.632 2
74.9805 -111.182 2
75.7325 -110.939 2
77.8809 -110.275 2
80.0294 -109.553 2
81.6407 -109.033 2
82.1778 -108.854 2
84.3262 -108.028 2
86.4747 -107.197 2
87.2184 -106.885 2
88.6231 -106.276 2
90.7715 -105.325 2
91.989 -104.736 2
92.92 -104.255 2
95.0684 -103.144 2
96.0755 -102.588 2
97.2169 -101.936 2
99.3653 -100.699 2
99.7831 -100.439 2
101.514 -99.3269 2
103.125 -98.291 2
103.662 -97.9329 2
105.811 -96.4211 2
106.187 -96.1426 2
107.959 -94.7791 2
108.931 -93.9941 2
110.107 -93.0439 2
111.462 -91.8457 2
112.256 -91.1152 2
113.733 -89.6973 2
114.404 -89.0527 2
115.971 -87.5488 2
116.553 -86.9417 2
117.971 -85.4004 2
118.701 -84.6064 2
119.899 -83.252 2
120.85 -82.1289 2
121.717 -81.1035 2
122.998 -79.5178 2
123.436 -78.9551 2
124.948 -76.8066 2
125.147 -76.5239 2
126.413 -74.6582 2
127.295 -73.2048 2
127.717 -72.5098 2
128.962 -70.3613 2
129.443 -69.4885 2
130.147 -68.2129 2
131.258 -66.0644 2
131.592 -65.3739 2
132.272 -63.916 2
133.203 -61.7676 2
133.74 -60.5281 2
134.121 -59.6191 2
134.953 -57.4707 2
135.71 -55.3223 2
135.889 -54.7851 2
136.409 -53.1738 2
137.032 -51.0254 2
137.587 -48.8769 2
138.037 -47.1313 2
138.138 -46.7285 2
138.608 -44.5801 2
139.011 -42.4316 2
139.346 -40.2832 2
139.615 -38.1347 2
139.884 -35.9863 2
140.082 -33.8379 2
140.186 -32.2265 2
140.22 -31.6894 2
140.293 -29.541 2
140.365 -27.3926 2
140.365 -25.2441 2
140.371 -23.0957 2
140.436 -20.9472 2
140.365 -18.7988 2
140.365 -16.6504 2
140.365 -14.5019 2
140.297 -12.3535 2
140.297 -10.205 2
140.365 -8.05661 2
140.365 -5.90817 2
140.365 -3.75973 2
140.365 -1.6113 2
140.353 0.537142 2
140.219 2.68558 2
140.186 3.04365 2
140.018 4.83402 2
139.816 6.98246 2
139.615 9.13089 2
139.346 11.2793 2
139.078 13.4278 2
138.834 15.5762 2
138.608 17.7246 2
138.339 19.8731 2
138.072 22.0215 2
138.037 22.2901 2
137.795 24.17 2
137.467 26.3184 2
137.131 28.4668 2
136.795 30.6153 2
136.392 32.7637 2
135.923 34.9122 2
135.889 35.0912 2
135.508 37.0606 2
135.022 39.209 2
134.512 41.3575 2
133.983 43.5059 2
133.74 44.4458 2
133.428 45.6543 2
132.805 47.8028 2
132.181 49.9512 2
131.592 51.7774 2
131.488 52.0997 2
130.795 54.2481 2
130.033 56.3965 2
129.443 58.0567 2
129.264 58.545 2
128.439 60.6934 2
127.538 62.8419 2
127.295 63.379 2
126.543 64.9903 2
125.469 67.1387 2
125.147 67.743 2
124.264 69.2872 2
122.998 71.2566 2
122.883 71.4356 2
121.425 73.584 2
120.85 74.3513 2
119.734 75.7325 2
118.701 76.9001 2
117.761 77.8809 2
116.553 79.0894 2
115.527 80.0294 2
114.404 81.0176 2
112.954 82.1778 2
112.256 82.695 2
110.107 84.1344 2
109.772 84.3262 2
107.959 85.3264 2
105.811 86.4389 2
105.734 86.4747 2
103.662 87.4103 2
101.514 88.3008 2
100.635 88.6231 2
99.3653 89.0736 2
97.2169 89.7666 2
95.0684 90.4597 2
93.8599 90.7715 2
92.92 91.0141 2
90.7715 91.5436 2
88.6231 92.0136 2
86.4747 92.4695 2
84.3262 92.8853 2
84.1114 92.92 2
82.1778 93.2221 2
80.0294 93.5578 2
77.8809 93.8935 2
75.7325 94.1621 2
73.584 94.4977 2
71.4356 94.7663 2
69.2872 95.0338 2
68.9291 95.0684 2
67.1387 95.2363 2
64.9903 95.4496 2
62.8419 95.7268 2
60.6934 95.9748 2
58.545 96.2434 2
56.3965 96.5119 2
54.2481 96.7286 2
52.0997 96.8588 2
49.9512 96.989 2
47.8028 97.0589 2
45.6543 97.1192 2
43.5059 97.1221 2
41.3575 97.1192 2
39.209 97.1192 2
37.0606 96.989 2
34.9122 96.9147 2
32.7637 96.7133 2
30.6153 96.4892 2
28.4668 96.2119 2
26.3184 95.9347 2
24.17 95.6771 2
22.0215 95.4623 2
19.8731 95.2417 2
17.7246 95.1031 2
17.4561 95.0684 2
15.5762 94.8259 2
13.4278 94.6179 2
11.2793 94.3881 2
9.13089 94.1732 2
6.98246 93.9201 2
4.83402 93.7257 2
2.68558 93.5963 2
0.537142 93.5168 2
-1.6113 93.4955 2
-3.75973 93.5722 2
-5.90817 93.6979 2
-8.05661 93.9558 2
-10.205 94.2165 2
-12.3535 94.6029 2
-14.5019 94.961 2
-15.1465 95.0684 2
-16.6504 95.3277 2
-18.7988 95.6771 2
-20.9472 96.004 2
-23.0957 96.3506 2
-25.2441 96.7133 2
-27.3926 97.1129 2
-28.1982 97.2169 2
-29.541 97.3847 2
-31.6894 97.7204 2
-33.8379 98.0561 2
-35.9863 98.3918 2
-38.1347 98.7069 2
-40.2832 99.0632 2
-41.8945 99.3653 2
-42.4316 99.466 2
-44.5801 99.7346 2
-46.7285 99.8688 2
-48.8769 99.8688 2
-51.0254 99.6772 2
-53.1738 99.4 2
-53.3887 99.3653 2
-55.3223 99.0534 2
-57.4707 98.6376 2
-59.6191 98.2911 2
-61.7676 97.989 2
-63.916 97.7204 2
-66.0644 97.4518 2
-67.5684 97.2169 2
-68.2129 97.1162 2
-70.3613 96.7805 2
-72.5098 96.3776 2
-74.6582 96.004 2
-76.8066 95.6391 2
-78.9551 95.3034 2
-80.2083 95.0684 2
-81.1035 94.8952 2
-83.252 94.5486 2
-85.4004 94.0949 2
-87.5488 93.6477 2
-89.6973 93.1626 2
-90.6372 92.92 2
-91.8457 92.6081 2
-93.9941 92.0537 2
-96.1426 91.4299 2
-98.291 90.8062 2
-98.3887 90.7715 2
-100.439 90.0439 2
-102.588 89.2318 2
-103.993 88.6231 2
-104.736 88.3008 2
-106.885 87.2526 2
-108.295 86.4747 2
-109.033 86.037 2
-111.182 84.5328 2
-111.45 84.3262 2
-113.33 82.8223 2
-114.031 82.1778 2
-115.479 80.7903 2
-116.239 80.0294 2
-117.627 78.5157 2
-118.164 77.8809 2
-119.775 75.8859 2
-119.89 75.7325 2
-121.348 73.584 2
-121.924 72.6362 2
-122.628 71.4356 2
-123.739 69.2872 2
-124.072 68.6426 2
-124.8 67.1387 2
-125.755 64.9903 2
-126.221 63.8266 2
-126.602 62.8419 2
-127.434 60.6934 2
-128.19 58.545 2
-128.369 58.0079 2
-128.873 56.3965 2
-129.513 54.2481 2
-130.081 52.0997 2
-130.518 50.548 2
-130.691 49.9512 2
-131.245 47.8028 2
-131.73 45.6543 2
-132.285 43.5059 2
-132.666 41.8178 2
-132.77 41.3575 2
-133.255 39.209 2
-133.707 37.0606 2
-134.156 34.9122 2
-134.572 32.7637 2
-134.814 31.5105 2
-134.988 30.6153 2
-135.404 28.4668 2
-135.75 26.3184 2
-136.139 24.17 2
-136.481 22.0215 2
-136.771 19.8731 2
-136.963 18.7989 2
-137.148 17.7246 2
-137.519 15.5762 2
-137.922 13.4278 2
-138.382 11.2793 2
-138.843 9.13089 2
-139.111 7.87764 2
-139.29 6.98246 2
-139.648 4.83402 2
-140.078 2.68558 2
-140.436 0.537142 2
-140.778 -1.6113 2
-141 -3.75973 2
-141.149 -5.90817 2
-141.22 -8.05661 2
-141.136 -10.205 2
-140.971 -12.3535 2
-140.873 -14.5019 2
-140.959 -16.6504 2
-141.215 -18.7988 2
-141.26 -19.1569 2
-141.466 -20.9472 2
-141.618 -23.0957 2
-141.618 -25.2441 2
-141.379 -27.3926 2
-141.26 -28.1982 2
-141.036 -29.541 2
-140.767 -31.6894 2
-140.701 -33.8379 2
-140.787 -35.9863 2
-140.888 -38.1347 2
-140.902 -40.2832 2
-140.743 -42.4316 2
-140.454 -44.5801 2
-140.07 -46.7285 2
-139.593 -48.8769 2
-139.111 -50.8719 2
-139.068 -51.0254 2
-138.355 -53.1738 2
-137.615 -55.3223 2
-136.963 -56.9824 2
-136.739 -57.4707 2
-135.754 -59.6191 2
-134.814 -61.6699 2
-134.763 -61.7676 2
-133.695 -63.916 2
-132.709 -66.0644 2
-132.666 -66.1621 2
-131.726 -68.2129 2
-130.724 -70.3613 2
-130.518 -70.7745 2
-129.65 -72.5098 2
-128.409 -74.6582 2
-128.369 -74.7253 2
-127.037 -76.8066 2
-126.221 -77.9405 2
-125.49 -78.9551 2
-124.072 -80.8208 2
-123.828 -81.1035 2
-121.971 -83.252 2
-121.924 -83.3031 2
-119.827 -85.4004 2
-119.775 -85.4515 2
-117.627 -87.2661 2
-117.269 -87.5488 2
-115.479 -88.9623 2
-114.548 -89.6973 2
-113.33 -90.6584 2
-111.826 -91.8457 2
-111.182 -92.3545 2
-109.235 -93.9941 2
-109.033 -94.1553 2
-106.885 -95.953 2
-106.655 -96.1426 2
-104.736 -97.556 2
-103.805 -98.291 2
-102.588 -99.1606 2
-100.798 -100.439 2
-100.439 -100.673 2
-98.291 -102.051 2
-97.5033 -102.588 2
-96.1426 -103.373 2
-93.9941 -104.513 2
-93.5059 -104.736 2
-91.8457 -105.413 2
-89.6973 -106.182 2
-87.5488 -106.84 2
-87.3698 -106.885 2
-85.4004 -107.377 2
-83.252 -108.052 2
-81.1035 -108.88 2
-80.7812 -109.033 2
-78.9551 -109.794 2
-76.8066 -110.668 2
-75.4937 -111.182 2
-74.6582 -111.482 2
-72.5098 -112.084 2
-70.3613 -112.63 2
-68.2129 -113.184 2
-67.5684 -113.33 2
-66.0644 -113.631 2
-63.916 -114.181 2
-61.7676 -114.628 2
-59.6191 -115.152 2
-57.7392 -115.479 2
-57.4707 -115.52 2
-55.3223 -115.933 2
-53.1738 -116.209 2
-51.0254 -116.508 2
-48.8769 -116.777 2
-46.7285 -117.045 2
-44.5801 -117.3 2
-42.4316 -117.58 2
-41.8945 -117.627 2
-40.2832 -117.746 2
-38.1347 -117.985 2
-35.9863 -118.202 2
-33.8379 -118.356 2
-31.6894 -118.509 2
-29.541 -118.586 2
-27.3926 -118.586 2
-25.2441 -118.586 2
-23.0957 -118.509 2
-20.9472 -118.509 2
-18.7988 -118.586 2
-16.6504 -118.701 2
-14.5019 -118.84 2
-12.3535 -118.978 2
-10.205 -119.138 2
-8.05661 -119.222 2
-5.90817 -119.352 2
-3.75973 -119.417 2
-1.6113 -119.54 2
0.537142 -119.675 2
2.14847 -119.775 2
