19.8731 -119.81 -38
22.0215 -119.883 -38
24.17 -120.018 -38
26.3184 -120.098 -38
28.4668 -120.169 -38
30.6153 -120.241 -38
32.7637 -120.295 -38
34.9122 -120.313 -38
37.0606 -120.295 -38
39.209 -120.226 -38
41.3575 -120.157 -38
43.5059 -120.018 -38
45.6543 -119.876 -38
46.7286 -119.775 -38
47.8028 -119.671 -38
49.9512 -119.394 -38
52.0997 -119.07 -38
54.2481 -118.735 -38
56.3965 -118.355 -38
58.545 -117.939 -38
60.1563 -117.627 -38
60.6934 -117.523 -38
62.8419 -117.107 -38
64.9903 -116.622 -38
67.1387 -116.137 -38
69.2872 -115.582 -38
69.69 -115.479 -38
71.4356 -115.028 -38
73.584 -114.404 -38
75.7325 -113.766 -38
77.002 -113.33 -38
77.8809 -113.008 -38
80.0294 -112.187 -38
82.1778 -111.289 -38
82.4257 -111.182 -38
84.3262 -110.358 -38
86.4747 -109.427 -38
87.3187 -109.033 -38
88.6231 -108.403 -38
90.7715 -107.366 -38
91.7025 -106.885 -38
92.92 -106.255 -38
95.0684 -105.144 -38
95.807 -104.736 -38
97.2169 -103.958 -38
99.3653 -102.703 -38
99.5549 -102.588 -38
101.514 -101.399 -38
103.006 -100.439 -38
103.662 -100.002 -38
105.811 -98.5596 -38
106.187 -98.291 -38
107.959 -96.9781 -38
109.087 -96.1426 -38
110.107 -95.3576 -38
111.796 -93.9941 -38
112.256 -93.6361 -38
114.404 -91.9651 -38
114.544 -91.8457 -38
116.553 -90.0691 -38
116.973 -89.6973 -38
118.701 -88.1074 -38
119.26 -87.5488 -38
120.85 -85.8927 -38
121.322 -85.4004 -38
122.998 -83.4961 -38
123.205 -83.252 -38
124.948 -81.1035 -38
125.147 -80.8477 -38
126.619 -78.9551 -38
127.295 -78.042 -38
128.21 -76.8066 -38
129.443 -75.054 -38
129.712 -74.6582 -38
131.036 -72.5098 -38
131.592 -71.5619 -38
132.296 -70.3613 -38
133.481 -68.2129 -38
133.74 -67.6758 -38
134.492 -66.0644 -38
135.495 -63.916 -38
135.889 -63.0071 -38
136.426 -61.7676 -38
137.309 -59.6191 -38
138.037 -57.7392 -38
138.141 -57.4707 -38
138.861 -55.3223 -38
139.527 -53.1738 -38
140.151 -51.0254 -38
140.186 -50.8911 -38
140.705 -48.8769 -38
141.191 -46.7285 -38
141.629 -44.5801 -38
142.022 -42.4316 -38
142.299 -40.2832 -38
142.334 -40.0146 -38
142.577 -38.1347 -38
142.785 -35.9863 -38
142.923 -33.8379 -38
143.062 -31.6894 -38
143.173 -29.541 -38
143.173 -27.3926 -38
143.173 -25.2441 -38
143.131 -23.0957 -38
143.014 -20.9472 -38
142.923 -18.7988 -38
142.785 -16.6504 -38
142.646 -14.5019 -38
142.513 -12.3535 -38
142.438 -10.205 -38
142.334 -8.59372 -38
142.299 -8.05661 -38
142.161 -5.90817 -38
141.965 -3.75973 -38
141.716 -1.6113 -38
141.455 0.537142 -38
141.159 2.68558 -38
140.823 4.83402 -38
140.421 6.98246 -38
140.186 8.23571 -38
140.012 9.13089 -38
139.548 11.2793 -38
139.078 13.4278 -38
138.541 15.5762 -38
138.037 17.5904 -38
138.001 17.7246 -38
137.379 19.8731 -38
136.686 22.0215 -38
136.062 24.17 -38
135.889 24.7071 -38
135.352 26.3184 -38
134.607 28.4668 -38
133.914 30.6153 -38
133.74 31.1036 -38
133.151 32.7637 -38
132.389 34.9122 -38
131.592 36.9711 -38
131.557 37.0606 -38
130.726 39.209 -38
129.894 41.3575 -38
129.443 42.4317 -38
128.978 43.5059 -38
128.023 45.6543 -38
127.295 47.2657 -38
127.044 47.8028 -38
126.042 49.9512 -38
125.147 51.7416 -38
124.961 52.0997 -38
123.893 54.2481 -38
122.998 55.9266 -38
122.73 56.3965 -38
121.553 58.545 -38
120.85 59.7456 -38
120.274 60.6934 -38
118.97 62.8419 -38
118.701 63.2596 -38
117.589 64.9903 -38
116.553 66.5168 -38
116.115 67.1387 -38
114.524 69.2872 -38
114.404 69.4406 -38
112.793 71.4356 -38
112.256 72.0428 -38
110.838 73.584 -38
110.107 74.3449 -38
108.72 75.7325 -38
107.959 76.4629 -38
106.348 77.8809 -38
105.811 78.3354 -38
103.713 80.0294 -38
103.662 80.0677 -38
101.514 81.581 -38
100.566 82.1778 -38
99.3653 82.9067 -38
97.2169 84.0669 -38
96.7156 84.3262 -38
95.0684 85.1498 -38
92.92 86.1524 -38
92.1763 86.4747 -38
90.7715 87.0834 -38
88.6231 87.8712 -38
86.5723 88.6231 -38
86.4747 88.6589 -38
84.3262 89.4201 -38
82.1778 90.0439 -38
80.0294 90.6676 -38
79.6713 90.7715 -38
77.8809 91.2751 -38
75.7325 91.8122 -38
73.584 92.2822 -38
71.4356 92.7467 -38
70.3614 92.92 -38
69.2872 93.0932 -38
67.1387 93.4907 -38
64.9903 93.8264 -38
62.8419 94.1621 -38
60.6934 94.4793 -38
58.545 94.7566 -38
56.3965 94.9645 -38
55.3223 95.0684 -38
54.2481 95.1724 -38
52.0997 95.2417 -38
49.9512 95.2475 -38
47.8028 95.311 -38
45.6543 95.311 -38
43.5059 95.2417 -38
41.3575 95.1724 -38
39.7461 95.0684 -38
39.209 95.0338 -38
37.0606 94.8259 -38
34.9122 94.5486 -38
32.7637 94.2292 -38
30.6153 93.8556 -38
28.4668 93.5091 -38
26.3184 93.1626 -38
24.8145 92.92 -38
24.17 92.816 -38
22.0215 92.4164 -38
19.8731 92.0808 -38
17.7246 91.7765 -38
15.5762 91.4992 -38
13.4278 91.2751 -38
11.2793 91.0737 -38
9.13089 90.9394 -38
6.98246 90.8051 -38
6.44535 90.7715 -38
4.83402 90.6708 -38
2.68558 90.6037 -38
0.537142 90.5366 -38
-1.6113 90.4786 -38
-3.75973 90.5366 -38
-5.90817 90.6037 -38
-8.05661 90.738 -38
-8.59372 90.7715 -38
-10.205 90.8723 -38
-12.3535 91.0834 -38
-14.5019 91.3606 -38
-16.6504 91.6379 -38
-18.7988 92.0136 -38
-20.9472 92.4164 -38
-23.0957 92.816 -38
-23.6328 92.92 -38
-25.2441 93.2221 -38
-27.3926 93.6249 -38
-29.541 93.9606 -38
-31.6894 94.3407 -38
-33.8379 94.6179 -38
-35.9863 94.8259 -38
-38.1347 94.9645 -38
-40.2832 95.0326 -38
-41.3574 95.0684 -38
-42.4316 95.1031 -38
-44.5801 95.1042 -38
-46.7285 95.1042 -38
-48.8769 95.1042 -38
-51.0254 95.1042 -38
-53.1738 95.1031 -38
-54.248 95.0684 -38
-55.3223 95.0338 -38
-57.4707 94.9645 -38
-59.6191 94.8334 -38
-61.7676 94.6992 -38
-63.916 94.4499 -38
-66.0644 94.1895 -38
-68.2129 93.8935 -38
-70.3613 93.5578 -38
-72.5098 93.155 -38
-73.763 92.92 -38
-74.6582 92.7467 -38
-76.8066 92.2616 -38
-78.9551 91.7072 -38
-81.1035 91.1527 -38
-82.2852 90.7715 -38
-83.252 90.4597 -38
-85.4004 89.7666 -38
-87.5488 89.0736 -38
-88.623 88.6231 -38
-89.6973 88.1726 -38
-91.8457 87.2266 -38
-93.457 86.4747 -38
-93.9941 86.2154 -38
-96.1426 85.03 -38
-97.2765 84.3262 -38
-98.291 83.674 -38
-100.439 82.2176 -38
-100.491 82.1778 -38
-102.588 80.5466 -38
-103.223 80.0294 -38
-104.736 78.6973 -38
-105.624 77.8809 -38
-106.885 76.7208 -38
-107.914 75.7325 -38
-109.033 74.6135 -38
-110.063 73.584 -38
-111.182 72.4164 -38
-112.049 71.4356 -38
-113.33 69.9219 -38
-113.867 69.2872 -38
-115.479 67.2922 -38
-115.598 67.1387 -38
-117.189 64.9903 -38
-117.627 64.3995 -38
-118.74 62.8419 -38
-119.775 61.3153 -38
-120.197 60.6934 -38
-121.579 58.545 -38
-121.924 57.9763 -38
-122.85 56.3965 -38
-124.035 54.2481 -38
-124.072 54.181 -38
-125.182 52.0997 -38
-126.221 50.0228 -38
-126.257 49.9512 -38
-127.226 47.8028 -38
-128.119 45.6543 -38
-128.369 45.0759 -38
-129.028 43.5059 -38
-129.837 41.3575 -38
-130.518 39.502 -38
-130.622 39.209 -38
-131.341 37.0606 -38
-132.057 34.9122 -38
-132.666 33.086 -38
-132.77 32.7637 -38
-133.394 30.6153 -38
-134.042 28.4668 -38
-134.641 26.3184 -38
-134.814 25.7216 -38
-135.265 24.17 -38
-135.889 22.0215 -38
-136.443 19.8731 -38
-136.963 17.8589 -38
-136.998 17.7246 -38
-137.534 15.5762 -38
-138.071 13.4278 -38
-138.592 11.2793 -38
-139.077 9.13089 -38
-139.111 8.99662 -38
-139.615 6.98246 -38
-140.085 4.83402 -38
-140.532 2.68558 -38
-141.017 0.537142 -38
-141.26 -0.716114 -38
-141.433 -1.6113 -38
-141.898 -3.75973 -38
-142.3 -5.90817 -38
-142.681 -8.05661 -38
-143.027 -10.205 -38
-143.304 -12.3535 -38
-143.408 -13.1592 -38
-143.581 -14.5019 -38
-143.789 -16.6504 -38
-143.997 -18.7988 -38
-144.205 -20.9472 -38
-144.315 -23.0957 -38
-144.382 -25.2441 -38
-144.449 -27.3926 -38
-144.382 -29.541 -38
-144.315 -31.6894 -38
-144.18 -33.8379 -38
-143.997 -35.9863 -38
-143.789 -38.1347 -38
-143.643 -40.2832 -38
-143.408 -42.1631 -38
-143.374 -42.4316 -38
-143.096 -44.5801 -38
-142.703 -46.7285 -38
-142.233 -48.8769 -38
-141.696 -51.0254 -38
-141.26 -52.4219 -38
-141.017 -53.1738 -38
-140.324 -55.3223 -38
-139.615 -57.4707 -38
-139.111 -58.8135 -38
-138.799 -59.6191 -38
-137.968 -61.7676 -38
-137.067 -63.916 -38
-136.963 -64.1639 -38
-136.139 -66.0644 -38
-135.065 -68.2129 -38
-134.814 -68.6829 -38
-133.919 -70.3613 -38
-132.703 -72.5098 -38
-132.666 -72.5694 -38
-131.323 -74.6582 -38
-130.518 -75.7861 -38
-129.762 -76.8066 -38
-128.369 -78.6865 -38
-128.163 -78.9551 -38
-126.427 -81.1035 -38
-126.221 -81.3593 -38
-124.631 -83.252 -38
-124.072 -83.8591 -38
-122.654 -85.4004 -38
-121.924 -86.1613 -38
-120.476 -87.5488 -38
-119.775 -88.1934 -38
-118.066 -89.6973 -38
-117.627 -90.0691 -38
-115.479 -91.8044 -38
-115.427 -91.8457 -38
-113.33 -93.4769 -38
-112.632 -93.9941 -38
-111.182 -95.0684 -38
-109.655 -96.1426 -38
-109.033 -96.5802 -38
-106.885 -98.0225 -38
-106.489 -98.291 -38
-104.736 -99.4393 -38
-103.125 -100.439 -38
-102.588 -100.773 -38
-100.439 -102.012 -38
-99.4324 -102.588 -38
-98.291 -103.197 -38
-96.1426 -104.271 -38
-95.2116 -104.736 -38
-93.9941 -105.345 -38
-91.8457 -106.276 -38
-90.441 -106.885 -38
-89.6973 -107.207 -38
-87.5488 -108.098 -38
-85.4004 -108.926 -38
-85.1074 -109.033 -38
-83.252 -109.692 -38
-81.1035 -110.385 -38
-78.9551 -111.078 -38
-78.597 -111.182 -38
-76.8066 -111.701 -38
-74.6582 -112.325 -38
-72.5098 -112.88 -38
-70.5148 -113.33 -38
-70.3613 -113.365 -38
-68.2129 -113.834 -38
-66.0644 -114.236 -38
-63.916 -114.612 -38
-61.7676 -114.959 -38
-59.6191 -115.244 -38
-57.7392 -115.479 -38
-57.4707 -115.513 -38
-55.3223 -115.79 -38
-53.1738 -115.998 -38
-51.0254 -116.251 -38
-48.8769 -116.519 -38
-46.7285 -116.721 -38
-44.5801 -116.922 -38
-42.4316 -117.123 -38
-40.2832 -117.269 -38
-38.1347 -117.459 -38
-35.9863 -117.526 -38
-33.8379 -117.593 -38
-32.7637 -117.627 -38
-31.6894 -117.661 -38
-29.541 -117.725 -38
-27.3926 -117.728 -38
-25.2441 -117.728 -38
-23.0957 -117.728 -38
-20.9472 -117.728 -38
-18.7988 -117.728 -38
-16.6504 -117.731 -38
-14.5019 -117.795 -38
-12.3535 -117.731 -38
-10.205 -117.731 -38
-8.05661 -117.731 -38
-5.90817 -117.734 -38
-3.75973 -117.8 -38
-1.6113 -117.806 -38
0.537142 -118.008 -38
2.68558 -118.216 -38
4.83402 -118.424 -38
6.98246 -118.668 -38
9.13089 -118.936 -38
11.2793 -119.138 -38
13.4278 -119.352 -38
15.5762 -119.54 -38
17.7246 -119.671 -38
19.336 -119.775 -38
