13.4278 -119.809 -28
15.5762 -119.949 -28
17.7246 -120.145 -28
19.8731 -120.346 -28
22.0215 -120.547 -28
24.17 -120.749 -28
26.3184 -120.915 -28
28.4668 -121.045 -28
30.6153 -121.134 -28
32.7637 -121.175 -28
34.9122 -121.197 -28
37.0606 -121.175 -28
39.209 -121.11 -28
41.3575 -120.98 -28
43.5059 -120.785 -28
45.6543 -120.547 -28
47.8028 -120.279 -28
49.9512 -120.01 -28
51.4551 -119.775 -28
52.0997 -119.671 -28
54.2481 -119.272 -28
56.3965 -118.869 -28
58.545 -118.399 -28
60.6934 -117.929 -28
61.9019 -117.627 -28
62.8419 -117.384 -28
64.9903 -116.83 -28
67.1387 -116.206 -28
69.2872 -115.646 -28
69.8243 -115.479 -28
71.4356 -114.959 -28
73.584 -114.304 -28
75.7325 -113.573 -28
76.4161 -113.33 -28
77.8809 -112.81 -28
80.0294 -112.048 -28
82.1778 -111.216 -28
82.2604 -111.182 -28
84.3262 -110.315 -28
86.4747 -109.345 -28
87.1652 -109.033 -28
88.6231 -108.353 -28
90.7715 -107.279 -28
91.5593 -106.885 -28
92.92 -106.181 -28
95.0684 -104.996 -28
95.5384 -104.736 -28
97.2169 -103.81 -28
99.3021 -102.588 -28
99.3653 -102.55 -28
101.514 -101.217 -28
102.767 -100.439 -28
103.662 -99.8427 -28
105.811 -98.3308 -28
105.867 -98.291 -28
107.959 -96.7623 -28
108.726 -96.1426 -28
110.107 -95.027 -28
111.386 -93.9941 -28
112.256 -93.2637 -28
113.797 -91.8457 -28
114.404 -91.2871 -28
116.132 -89.6973 -28
116.553 -89.2944 -28
118.298 -87.5488 -28
118.701 -87.1285 -28
120.291 -85.4004 -28
120.85 -84.7932 -28
122.268 -83.252 -28
122.998 -82.4219 -28
124.114 -81.1035 -28
125.147 -79.8247 -28
125.849 -78.9551 -28
127.295 -77.0752 -28
127.494 -76.8066 -28
129.006 -74.6582 -28
129.443 -74.0017 -28
130.403 -72.5098 -28
131.592 -70.4285 -28
131.63 -70.3613 -28
132.814 -68.2129 -28
133.74 -66.4225 -28
133.919 -66.0644 -28
134.922 -63.916 -28
135.889 -61.8443 -28
135.925 -61.7676 -28
136.824 -59.6191 -28
137.656 -57.4707 -28
138.037 -56.3965 -28
138.406 -55.3223 -28
139.042 -53.1738 -28
139.615 -51.0254 -28
140.151 -48.8769 -28
140.186 -48.7235 -28
140.622 -46.7285 -28
141.092 -44.5801 -28
141.428 -42.4316 -28
141.763 -40.2832 -28
142.022 -38.1347 -28
142.23 -35.9863 -28
142.299 -33.8379 -28
142.334 -32.7637 -28
142.37 -31.6894 -28
142.441 -29.541 -28
142.441 -27.3926 -28
142.371 -25.2441 -28
142.37 -23.0957 -28
142.37 -20.9472 -28
142.37 -18.7988 -28
142.334 -17.7246 -28
142.298 -16.6504 -28
142.299 -14.5019 -28
142.23 -12.3535 -28
142.166 -10.205 -28
142.099 -8.05661 -28
141.976 -5.90817 -28
141.846 -3.75973 -28
141.65 -1.6113 -28
141.455 0.537142 -28
141.226 2.68558 -28
140.958 4.83402 -28
140.689 6.98246 -28
140.353 9.13089 -28
140.186 10.2051 -28
140.012 11.2793 -28
139.615 13.4278 -28
139.25 15.5762 -28
138.809 17.7246 -28
138.339 19.8731 -28
138.037 21.2542 -28
137.864 22.0215 -28
137.309 24.17 -28
136.728 26.3184 -28
136.062 28.4668 -28
135.889 29.0039 -28
135.369 30.6153 -28
134.676 32.7637 -28
133.914 34.9122 -28
133.74 35.3597 -28
133.082 37.0606 -28
132.32 39.209 -28
131.592 41.0889 -28
131.484 41.3575 -28
130.587 43.5059 -28
129.694 45.6543 -28
129.443 46.2328 -28
128.763 47.8028 -28
127.815 49.9512 -28
127.295 51.0254 -28
126.758 52.0997 -28
125.755 54.2481 -28
125.147 55.4655 -28
124.665 56.3965 -28
123.554 58.545 -28
122.998 59.5521 -28
122.368 60.6934 -28
121.118 62.8419 -28
120.85 63.2842 -28
119.814 64.9903 -28
118.701 66.721 -28
118.423 67.1387 -28
116.911 69.2872 -28
116.553 69.7706 -28
115.272 71.4356 -28
114.404 72.5098 -28
113.502 73.584 -28
112.256 74.9385 -28
111.525 75.7325 -28
110.107 77.2095 -28
109.407 77.8809 -28
107.959 79.1617 -28
106.934 80.0294 -28
105.811 80.9444 -28
104.146 82.1778 -28
103.662 82.5231 -28
101.514 83.9042 -28
100.819 84.3262 -28
99.3653 85.1782 -28
97.2169 86.3635 -28
96.9867 86.4747 -28
95.0684 87.3699 -28
92.92 88.3008 -28
92.1143 88.6231 -28
90.7715 89.1429 -28
88.6231 89.9052 -28
86.4747 90.5925 -28
85.8779 90.7715 -28
84.3262 91.222 -28
82.1778 91.7765 -28
80.0294 92.3309 -28
77.8809 92.816 -28
77.4205 92.92 -28
75.7325 93.2892 -28
73.584 93.6921 -28
71.4356 94.0635 -28
69.2872 94.4306 -28
67.1387 94.7566 -28
64.9903 95.0338 -28
64.7217 95.0684 -28
62.8419 95.3034 -28
60.6934 95.5189 -28
58.545 95.7734 -28
56.3965 95.9748 -28
54.2481 96.1762 -28
52.0997 96.3105 -28
49.9512 96.4031 -28
47.8028 96.4682 -28
45.6543 96.4682 -28
43.5059 96.338 -28
41.3575 96.2077 -28
39.209 96.0124 -28
37.0606 95.7734 -28
34.9122 95.5048 -28
32.7637 95.1724 -28
31.9581 95.0684 -28
30.6153 94.8952 -28
28.4668 94.5486 -28
26.3184 94.2021 -28
24.17 93.8556 -28
22.0215 93.5578 -28
19.8731 93.2892 -28
17.7246 93.0207 -28
16.6504 92.92 -28
15.5762 92.8193 -28
13.4278 92.6179 -28
11.2793 92.3493 -28
9.13089 92.1479 -28
6.98246 91.9465 -28
4.83402 91.8122 -28
2.68558 91.6779 -28
0.537142 91.6108 -28
-1.6113 91.5685 -28
-3.75973 91.5685 -28
-5.90817 91.7072 -28
-8.05661 91.8122 -28
-10.205 92.0136 -28
-12.3535 92.2616 -28
-14.5019 92.5388 -28
-16.6504 92.816 -28
-17.2949 92.92 -28
-18.7988 93.155 -28
-20.9472 93.4398 -28
-23.0957 93.8264 -28
-25.2441 94.1328 -28
-27.3926 94.4793 -28
-29.541 94.7566 -28
-31.6894 95.0326 -28
-32.2265 95.0684 -28
-33.8379 95.1724 -28
-35.9863 95.3803 -28
-38.1347 95.4623 -28
-40.2832 95.6055 -28
-42.4316 95.7268 -28
-44.5801 95.8654 -28
-46.7285 95.9077 -28
-48.8769 95.9347 -28
-51.0254 95.9077 -28
-53.1738 95.8405 -28
-55.3223 95.7268 -28
-57.4707 95.5882 -28
-59.6191 95.4496 -28
-61.7676 95.2417 -28
-63.916 95.102 -28
-64.1846 95.0684 -28
-66.0644 94.8334 -28
-68.2129 94.6179 -28
-70.3613 94.2963 -28
-72.5098 93.9606 -28
-74.6582 93.5578 -28
-76.8066 93.155 -28
-77.8809 92.92 -28
-78.9551 92.6774 -28
-81.1035 92.1479 -28
-83.252 91.6108 -28
-85.4004 91.0065 -28
-86.1523 90.7715 -28
-87.5488 90.3211 -28
-89.6973 89.5587 -28
-91.8457 88.7305 -28
-92.1143 88.6231 -28
-93.9941 87.8712 -28
-96.1426 86.8686 -28
-96.8811 86.4747 -28
-98.291 85.6968 -28
-100.439 84.4374 -28
-100.609 84.3262 -28
-102.588 82.9835 -28
-103.662 82.1778 -28
-104.736 81.3102 -28
-106.25 80.0294 -28
-106.885 79.4708 -28
-108.613 77.8809 -28
-109.033 77.4781 -28
-110.779 75.7325 -28
-111.182 75.3121 -28
-112.771 73.584 -28
-113.33 72.9493 -28
-114.662 71.4356 -28
-115.479 70.4637 -28
-116.394 69.2872 -28
-117.627 67.6221 -28
-117.972 67.1387 -28
-119.43 64.9903 -28
-119.775 64.4814 -28
-120.85 62.8419 -28
-121.924 61.0094 -28
-122.109 60.6934 -28
-123.32 58.545 -28
-124.072 57.1351 -28
-124.466 56.3965 -28
-125.517 54.2481 -28
-126.221 52.7902 -28
-126.533 52.0997 -28
-127.364 49.9512 -28
-128.262 47.8028 -28
-128.369 47.5098 -28
-129.028 45.6543 -28
-129.79 43.5059 -28
-130.518 41.4551 -28
-130.551 41.3575 -28
-131.176 39.209 -28
-131.827 37.0606 -28
-132.423 34.9122 -28
-132.666 34.0766 -28
-133.047 32.7637 -28
-133.602 30.6153 -28
-134.177 28.4668 -28
-134.779 26.3184 -28
-134.814 26.1841 -28
-135.318 24.17 -28
-135.855 22.0215 -28
-136.374 19.8731 -28
-136.928 17.7246 -28
-136.963 17.5712 -28
-137.413 15.5762 -28
-137.936 13.4278 -28
-138.453 11.2793 -28
-138.938 9.13089 -28
-139.111 8.3636 -28
-139.413 6.98246 -28
-139.883 4.83402 -28
-140.353 2.68558 -28
-140.809 0.537142 -28
-141.26 -1.45784 -28
-141.294 -1.6113 -28
-141.71 -3.75973 -28
-142.166 -5.90817 -28
-142.542 -8.05661 -28
-142.888 -10.205 -28
-143.173 -12.3535 -28
-143.408 -14.2334 -28
-143.443 -14.5019 -28
-143.651 -16.6504 -28
-143.789 -18.7988 -28
-143.874 -20.9472 -28
-143.945 -23.0957 -28
-143.997 -25.2441 -28
-143.945 -27.3926 -28
-143.928 -29.541 -28
-143.802 -31.6894 -28
-143.73 -33.8379 -28
-143.587 -35.9863 -28
-143.444 -38.1347 -28
-143.408 -38.6719 -28
-143.304 -40.2832 -28
-143.039 -42.4316 -28
-142.75 -44.5801 -28
-142.368 -46.7285 -28
-141.898 -48.8769 -28
-141.364 -51.0254 -28
-141.26 -51.3834 -28
-140.756 -53.1738 -28
-140.116 -55.3223 -28
-139.413 -57.4707 -28
-139.111 -58.3496 -28
-138.661 -59.6191 -28
-137.829 -61.7676 -28
-136.963 -63.8334 -28
-136.927 -63.916 -28
-135.924 -66.0644 -28
-134.918 -68.2129 -28
-134.814 -68.4143 -28
-133.776 -70.3613 -28
-132.666 -72.3202 -28
-132.555 -72.5098 -28
-131.247 -74.6582 -28
-130.518 -75.7324 -28
-129.789 -76.8066 -28
-128.369 -78.7939 -28
-128.245 -78.9551 -28
-126.51 -81.1035 -28
-126.221 -81.4616 -28
-124.717 -83.252 -28
-124.072 -83.9525 -28
-122.685 -85.4004 -28
-121.924 -86.1944 -28
-120.569 -87.5488 -28
-119.775 -88.3097 -28
-118.388 -89.6973 -28
-117.627 -90.4277 -28
-116.016 -91.8457 -28
-115.479 -92.3002 -28
-113.381 -93.9941 -28
-113.33 -94.0339 -28
-111.182 -95.6254 -28
-110.483 -96.1426 -28
-109.033 -97.2168 -28
-107.507 -98.291 -28
-106.885 -98.713 -28
-104.736 -100.171 -28
-104.319 -100.439 -28
-102.588 -101.514 -28
-100.755 -102.588 -28
-100.439 -102.767 -28
-98.291 -103.913 -28
-96.6439 -104.736 -28
-96.1426 -104.987 -28
-93.9941 -105.99 -28
-91.9283 -106.885 -28
-91.8457 -106.921 -28
-89.6973 -107.82 -28
-87.5488 -108.639 -28
-86.4746 -109.033 -28
-85.4004 -109.427 -28
-83.252 -110.177 -28
-81.1035 -110.922 -28
-80.268 -111.182 -28
-78.9551 -111.576 -28
-76.8066 -112.22 -28
-74.6582 -112.865 -28
-72.9126 -113.33 -28
-72.5098 -113.438 -28
-70.3613 -113.988 -28
-68.2129 -114.44 -28
-66.0644 -114.889 -28
-63.916 -115.236 -28
-62.6628 -115.479 -28
-61.7676 -115.646 -28
-59.6191 -115.929 -28
-57.4707 -116.251 -28
-55.3223 -116.519 -28
-53.1738 -116.788 -28
-51.0254 -117.056 -28
-48.8769 -117.258 -28
-46.7285 -117.392 -28
-44.5801 -117.523 -28
-42.4316 -117.592 -28
-41.3574 -117.627 -28
-40.2832 -117.662 -28
-38.1347 -117.731 -28
-35.9863 -117.734 -28
-33.8379 -117.734 -28
-31.6894 -117.734 -28
-29.541 -117.806 -28
-27.3926 -117.738 -28
-25.2441 -117.734 -28
-23.0957 -117.734 -28
-20.9472 -117.734 -28
-18.7988 -117.734 -28
-16.6504 -117.734 -28
-14.5019 -117.734 -28
-12.3535 -117.806 -28
-10.205 -117.878 -28
-8.05661 -118.021 -28
-5.90817 -118.147 -28
-3.75973 -118.285 -28
-1.6113 -118.533 -28
0.537142 -118.735 -28
2.68558 -118.936 -28
4.83402 -119.092 -28
6.98246 -119.287 -28
9.13089 -119.473 -28
11.2793 -119.608 -28
13.0697 -119.775 -28
