11.2793 -117.661 -78
13.4278 -117.731 -78
15.5762 -117.87 -78
17.7246 -118.021 -78
19.8731 -118.216 -78
22.0215 -118.332 -78
24.17 -118.424 -78
26.3184 -118.466 -78
28.4668 -118.466 -78
30.6153 -118.355 -78
32.7637 -118.216 -78
34.9122 -118.077 -78
37.0606 -117.939 -78
39.209 -117.8 -78
40.9994 -117.627 -78
41.3575 -117.592 -78
43.5059 -117.392 -78
45.6543 -117.123 -78
47.8028 -116.855 -78
49.9512 -116.519 -78
52.0997 -116.183 -78
54.2481 -115.781 -78
55.8594 -115.479 -78
56.3965 -115.375 -78
58.545 -114.908 -78
60.6934 -114.438 -78
62.8419 -113.968 -78
64.9903 -113.431 -78
65.3484 -113.33 -78
67.1387 -112.827 -78
69.2872 -112.256 -78
71.4356 -111.632 -78
72.8321 -111.182 -78
73.584 -110.939 -78
75.7325 -110.246 -78
77.8809 -109.553 -78
79.3458 -109.033 -78
80.0294 -108.791 -78
82.1778 -108.028 -78
84.3262 -107.266 -78
85.3109 -106.885 -78
86.4747 -106.419 -78
88.6231 -105.533 -78
90.3879 -104.736 -78
90.7715 -104.557 -78
92.92 -103.514 -78
94.7104 -102.588 -78
95.0684 -102.396 -78
97.2169 -101.143 -78
98.4175 -100.439 -78
99.3653 -99.864 -78
101.514 -98.4828 -78
101.796 -98.291 -78
103.662 -97.025 -78
104.963 -96.1426 -78
105.811 -95.5458 -78
107.905 -93.9941 -78
107.959 -93.9528 -78
110.107 -92.3002 -78
110.67 -91.8457 -78
112.256 -90.5649 -78
113.281 -89.6973 -78
114.404 -88.709 -78
115.665 -87.5488 -78
116.553 -86.7324 -78
117.94 -85.4004 -78
118.701 -84.6395 -78
120.089 -83.252 -78
120.85 -82.491 -78
122.182 -81.1035 -78
122.998 -80.1758 -78
124.072 -78.9551 -78
125.147 -77.6762 -78
125.849 -76.8066 -78
127.295 -74.9268 -78
127.494 -74.6582 -78
129.006 -72.5098 -78
129.443 -71.8533 -78
130.403 -70.3613 -78
131.592 -68.4025 -78
131.703 -68.2129 -78
132.888 -66.0644 -78
133.74 -64.4173 -78
133.991 -63.916 -78
135.022 -61.7676 -78
135.889 -59.8493 -78
135.996 -59.6191 -78
136.963 -57.4707 -78
137.858 -55.3223 -78
138.037 -54.834 -78
138.626 -53.1738 -78
139.389 -51.0254 -78
140.082 -48.8769 -78
140.186 -48.5189 -78
140.705 -46.7285 -78
141.293 -44.5801 -78
141.814 -42.4316 -78
142.299 -40.2832 -78
142.334 -40.1041 -78
142.703 -38.1347 -78
143.039 -35.9863 -78
143.308 -33.8379 -78
143.473 -31.6894 -78
143.604 -29.541 -78
143.669 -27.3926 -78
143.604 -25.2441 -78
143.473 -23.0957 -78
143.308 -20.9472 -78
143.106 -18.7988 -78
142.838 -16.6504 -78
142.569 -14.5019 -78
142.334 -12.622 -78
142.299 -12.3535 -78
141.965 -10.205 -78
141.629 -8.05661 -78
141.226 -5.90817 -78
140.823 -3.75973 -78
140.353 -1.6113 -78
140.186 -0.843997 -78
139.874 0.537142 -78
139.389 2.68558 -78
138.809 4.83402 -78
138.21 6.98246 -78
138.037 7.57924 -78
137.587 9.13089 -78
136.894 11.2793 -78
136.201 13.4278 -78
135.889 14.3946 -78
135.495 15.5762 -78
134.745 17.7246 -78
133.914 19.8731 -78
133.74 20.3207 -78
133.082 22.0215 -78
132.181 24.17 -78
131.592 25.5747 -78
131.28 26.3184 -78
130.379 28.4668 -78
129.478 30.6153 -78
129.443 30.692 -78
128.477 32.7637 -78
127.474 34.9122 -78
127.295 35.2958 -78
126.471 37.0606 -78
125.458 39.209 -78
125.147 39.8133 -78
124.323 41.3575 -78
123.183 43.5059 -78
122.998 43.8416 -78
121.998 45.6543 -78
120.85 47.7356 -78
120.811 47.8028 -78
119.507 49.9512 -78
118.701 51.2782 -78
118.203 52.0997 -78
116.812 54.2481 -78
116.553 54.6439 -78
115.319 56.3965 -78
114.404 57.6319 -78
113.728 58.545 -78
112.256 60.4376 -78
112.049 60.6934 -78
110.314 62.8419 -78
110.107 63.086 -78
108.496 64.9903 -78
107.959 65.5975 -78
106.541 67.1387 -78
105.811 67.8996 -78
104.479 69.2872 -78
103.662 70.1036 -78
102.214 71.4356 -78
101.514 72.0553 -78
99.7071 73.584 -78
99.3653 73.8625 -78
97.2169 75.454 -78
96.8211 75.7325 -78
95.0684 76.8808 -78
93.3623 77.8809 -78
92.92 78.1402 -78
90.7715 79.2774 -78
89.1602 80.0294 -78
88.6231 80.28 -78
86.4747 81.211 -78
84.3262 82.0704 -78
84.0333 82.1778 -78
82.1778 82.8362 -78
80.0294 83.5985 -78
77.9786 84.3262 -78
77.8809 84.3609 -78
75.7325 85.0539 -78
73.584 85.7227 -78
71.4356 86.3672 -78
71.0775 86.4747 -78
69.2872 86.9782 -78
67.1387 87.5489 -78
64.9903 88.0524 -78
62.8419 88.5885 -78
62.6884 88.6231 -78
60.6934 89.0595 -78
58.545 89.4623 -78
56.3965 89.8652 -78
54.2481 90.2009 -78
52.0997 90.4597 -78
49.9512 90.6037 -78
47.8028 90.6708 -78
45.6543 90.6676 -78
43.5059 90.529 -78
41.3575 90.3211 -78
39.209 89.9745 -78
37.0606 89.5966 -78
34.9122 89.1429 -78
32.7637 88.6567 -78
32.6294 88.6231 -78
30.6153 88.1196 -78
28.4668 87.6182 -78
26.3184 87.0638 -78
24.17 86.5754 -78
23.7671 86.4747 -78
22.0215 86.0242 -78
19.8731 85.5012 -78
17.7246 85.0312 -78
15.5762 84.5688 -78
14.323 84.3262 -78
13.4278 84.153 -78
11.2793 83.7371 -78
9.13089 83.3906 -78
6.98246 83.1134 -78
4.83402 82.9499 -78
2.68558 82.8362 -78
0.537142 82.8362 -78
-1.6113 82.9748 -78
-3.75973 83.2184 -78
-5.90817 83.5541 -78
-8.05661 84.0144 -78
-9.43775 84.3262 -78
-10.205 84.4995 -78
-12.3535 85.0312 -78
-14.5019 85.6084 -78
-16.6504 86.1628 -78
-17.8589 86.4747 -78
-18.7988 86.7172 -78
-20.9472 87.2468 -78
-23.0957 87.7167 -78
-25.2441 88.1726 -78
-27.3926 88.5873 -78
-27.6074 88.6231 -78
-29.541 88.935 -78
-31.6894 89.2122 -78
-33.8379 89.5295 -78
-35.9863 89.7309 -78
-38.1347 89.9577 -78
-40.2832 90.1337 -78
-42.4316 90.2833 -78
-44.5801 90.3484 -78
-46.7285 90.4694 -78
-48.8769 90.4135 -78
-51.0254 90.4135 -78
-53.1738 90.3484 -78
-55.3223 90.2182 -78
-57.4707 90.088 -78
-59.6191 89.8926 -78
-61.7676 89.6638 -78
-63.916 89.3952 -78
-66.0644 89.0736 -78
-68.2129 88.7238 -78
-68.75 88.6231 -78
-70.3613 88.3112 -78
-72.5098 87.8261 -78
-74.6582 87.2717 -78
-76.8066 86.6479 -78
-77.2949 86.4747 -78
-78.9551 85.8856 -78
-81.1035 85.0782 -78
-82.8388 84.3262 -78
-83.252 84.141 -78
-85.4004 83.1038 -78
-87.0789 82.1778 -78
-87.5488 81.9185 -78
-89.6973 80.6816 -78
-90.7118 80.0294 -78
-91.8457 79.3004 -78
-93.9376 77.8809 -78
-93.9941 77.8396 -78
-96.1426 76.2497 -78
-96.7773 75.7325 -78
-98.291 74.4517 -78
-99.3164 73.584 -78
-100.439 72.5958 -78
-101.7 71.4356 -78
-102.588 70.5852 -78
-103.942 69.2872 -78
-104.736 68.5263 -78
-106.068 67.1387 -78
-106.885 66.2883 -78
-108.183 64.9903 -78
-109.033 64.1029 -78
-110.193 62.8419 -78
-111.182 61.7676 -78
-112.17 60.6934 -78
-113.33 59.3751 -78
-114.032 58.545 -78
-115.479 56.7546 -78
-115.757 56.3965 -78
-117.338 54.2481 -78
-117.627 53.8523 -78
-118.816 52.0997 -78
-119.775 50.6077 -78
-120.183 49.9512 -78
-121.442 47.8028 -78
-121.924 46.9813 -78
-122.702 45.6543 -78
-123.887 43.5059 -78
-124.072 43.1702 -78
-125.039 41.3575 -78
-126.042 39.209 -78
-126.221 38.8254 -78
-127.044 37.0606 -78
-127.988 34.9122 -78
-128.369 34.0032 -78
-128.889 32.7637 -78
-129.721 30.6153 -78
-130.518 28.5564 -78
-130.552 28.4668 -78
-131.315 26.3184 -78
-132.057 24.17 -78
-132.666 22.3438 -78
-132.773 22.0215 -78
-133.532 19.8731 -78
-134.277 17.7246 -78
-134.814 16.1133 -78
-134.988 15.5762 -78
-135.681 13.4278 -78
-136.325 11.2793 -78
-136.963 9.23832 -78
-136.996 9.13089 -78
-137.581 6.98246 -78
-138.102 4.83402 -78
-138.661 2.68558 -78
-139.111 0.690601 -78
-139.145 0.537142 -78
-139.682 -1.6113 -78
-140.152 -3.75973 -78
-140.622 -5.90817 -78
-141.087 -8.05661 -78
-141.26 -8.82391 -78
-141.562 -10.205 -78
-142.032 -12.3535 -78
-142.435 -14.5019 -78
-142.77 -16.6504 -78
-143.096 -18.7988 -78
-143.304 -20.9472 -78
-143.408 -22.0215 -78
-143.512 -23.0957 -78
-143.587 -25.2441 -78
-143.659 -27.3926 -78
-143.72 -29.541 -78
-143.72 -31.6894 -78
-143.651 -33.8379 -78
-143.512 -35.9863 -78
-143.408 -37.5976 -78
-143.374 -38.1347 -78
-143.096 -40.2832 -78
-142.75 -42.4316 -78
-142.3 -44.5801 -78
-141.78 -46.7285 -78
-141.26 -48.5189 -78
-141.156 -48.8769 -78
-140.463 -51.0254 -78
-139.72 -53.1738 -78
-139.111 -54.6956 -78
-138.861 -55.3223 -78
-137.93 -57.4707 -78
-136.963 -59.5424 -78
-136.926 -59.6191 -78
-135.815 -61.7676 -78
-134.814 -63.5803 -78
-134.629 -63.916 -78
-133.444 -66.0644 -78
-132.666 -67.3177 -78
-132.091 -68.2129 -78
-130.709 -70.3613 -78
-130.518 -70.644 -78
-129.205 -72.5098 -78
-128.369 -73.6377 -78
-127.613 -74.6582 -78
-126.221 -76.5381 -78
-126.014 -76.8066 -78
-124.196 -78.9551 -78
-124.072 -79.1016 -78
-122.378 -81.1035 -78
-121.924 -81.6173 -78
-120.357 -83.252 -78
-119.775 -83.8338 -78
-118.141 -85.4004 -78
-117.627 -85.873 -78
-115.805 -87.5488 -78
-115.479 -87.838 -78
-113.33 -89.5733 -78
-113.177 -89.6973 -78
-111.182 -91.3086 -78
-110.517 -91.8457 -78
-109.033 -92.9995 -78
-107.69 -93.9941 -78
-106.885 -94.5909 -78
-104.736 -96.1028 -78
-104.677 -96.1426 -78
-102.588 -97.4854 -78
-101.335 -98.291 -78
-100.439 -98.8466 -78
-98.291 -100.094 -78
-97.6465 -100.439 -78
-96.1426 -101.217 -78
-93.9941 -102.329 -78
-93.457 -102.588 -78
-91.8457 -103.34 -78
-89.6973 -104.342 -78
-88.8532 -104.736 -78
-87.5488 -105.325 -78
-85.4004 -106.204 -78
-83.8304 -106.885 -78
-83.252 -107.127 -78
-81.1035 -107.959 -78
-78.9551 -108.791 -78
-78.3284 -109.033 -78
-76.8066 -109.604 -78
-74.6582 -110.342 -78
-72.5098 -111.014 -78
-71.9726 -111.182 -78
-70.3613 -111.685 -78
-68.2129 -112.289 -78
-66.0644 -112.88 -78
-64.3188 -113.33 -78
-63.916 -113.431 -78
-61.7676 -113.901 -78
-59.6191 -114.371 -78
-57.4707 -114.841 -78
-55.3223 -115.244 -78
-54.069 -115.479 -78
-53.1738 -115.646 -78
-51.0254 -115.982 -78
-48.8769 -116.318 -78
-46.7285 -116.586 -78
-44.5801 -116.813 -78
-42.4316 -117.056 -78
-40.2832 -117.204 -78
-38.1347 -117.334 -78
-35.9863 -117.459 -78
-33.8379 -117.523 -78
-31.6894 -117.592 -78
-29.541 -117.592 -78
-27.3926 -117.526 -78
-25.2441 -117.526 -78
-23.0957 -117.459 -78
-20.9472 -117.399 -78
-18.7988 -117.334 -78
-16.6504 -117.269 -78
-14.5019 -117.204 -78
-12.3535 -117.153 -78
-10.205 -117.139 -78
-8.05661 -117.09 -78
-5.90817 -117.074 -78
-3.75973 -117.09 -78
-1.6113 -117.139 -78
0.537142 -117.153 -78
2.68558 -117.269 -78
4.83402 -117.334 -78
6.98246 -117.399 -78
9.13089 -117.526 -78
10.7422 -117.627 -78
