-53.1738 -98.3257 82
-51.0254 -98.526 82
-48.8769 -98.6603 82
-46.7285 -98.8108 82
-44.5801 -98.996 82
-42.4316 -99.1303 82
-40.2832 -99.2266 82
-38.1347 -99.3317 82
-35.9863 -99.3652 82
-33.8379 -99.4345 82
-31.6894 -99.4727 82
-29.541 -99.4727 82
-27.3926 -99.4727 82
-25.2441 -99.4345 82
-23.0957 -99.3317 82
-20.9472 -99.1974 82
-18.7988 -99.0187 82
-16.6504 -98.8108 82
-14.5019 -98.6029 82
-12.3535 -98.395 82
-11.2793 -98.291 82
-10.205 -98.1836 82
-8.05661 -97.9688 82
-5.90817 -97.8255 82
-3.75973 -97.6823 82
-1.6113 -97.6107 82
0.537142 -97.6823 82
2.68558 -97.7539 82
4.83402 -97.8405 82
6.98246 -98.0404 82
9.13089 -98.2552 82
9.668 -98.291 82
11.2793 -98.395 82
13.4278 -98.6603 82
15.5762 -98.8108 82
17.7246 -99.0187 82
19.8731 -99.1573 82
22.0215 -99.3294 82
24.17 -99.4727 82
26.3184 -99.5038 82
28.4668 -99.5732 82
30.6153 -99.6159 82
32.7637 -99.5732 82
34.9122 -99.5443 82
37.0606 -99.4727 82
39.209 -99.3652 82
41.3575 -99.2266 82
43.5059 -99.088 82
45.6543 -98.8801 82
47.8028 -98.6722 82
49.9512 -98.4589 82
51.294 -98.291 82
52.0997 -98.1836 82
54.2481 -97.8405 82
56.3965 -97.5633 82
58.545 -97.2861 82
60.6934 -96.9396 82
62.8419 -96.6624 82
64.9903 -96.3158 82
66.0645 -96.1426 82
67.1387 -95.9635 82
69.2872 -95.5535 82
71.4356 -95.1377 82
73.584 -94.7218 82
75.7325 -94.2963 82
76.941 -93.9941 82
77.8809 -93.7516 82
80.0294 -93.2664 82
82.1778 -92.712 82
84.3262 -92.0883 82
85.1617 -91.8457 82
86.4747 -91.4645 82
88.6231 -90.8408 82
90.7715 -90.0784 82
91.8458 -89.6973 82
92.92 -89.3161 82
95.0684 -88.5156 82
97.2169 -87.6528 82
97.4648 -87.5488 82
99.3653 -86.7253 82
101.514 -85.7943 82
102.358 -85.4004 82
103.662 -84.7917 82
105.811 -83.7891 82
106.962 -83.252 82
107.959 -82.7704 82
110.107 -81.7122 82
111.249 -81.1035 82
112.256 -80.5664 82
114.404 -79.4922 82
115.411 -78.9551 82
116.553 -78.3254 82
118.701 -77.0659 82
119.119 -76.8066 82
120.85 -75.6941 82
122.376 -74.6582 82
122.998 -74.2206 82
125.147 -72.5511 82
125.195 -72.5098 82
127.295 -70.7332 82
127.715 -70.3613 82
129.443 -68.7715 82
130.025 -68.2129 82
131.592 -66.6463 82
132.15 -66.0644 82
133.74 -64.2578 82
134.03 -63.916 82
135.69 -61.7676 82
135.889 -61.499 82
137.281 -59.6191 82
138.037 -58.5449 82
138.766 -57.4707 82
140.147 -55.3223 82
140.186 -55.2591 82
141.452 -53.1738 82
142.334 -51.8012 82
142.833 -51.0254 82
144.204 -48.8769 82
144.483 -48.4592 82
145.595 -46.7285 82
146.631 -45.2783 82
147.148 -44.5801 82
148.779 -42.4828 82
148.822 -42.4316 82
150.788 -40.2832 82
150.928 -40.1543 82
153.076 -38.4928 82
153.681 -38.1347 82
155.225 -37.3112 82
157.373 -36.5061 82
159.522 -36.0199 82
159.79 -35.9863 82
161.67 -35.7584 82
163.818 -35.6282 82
165.967 -35.5631 82
168.115 -35.5756 82
170.264 -35.5756 82
172.412 -35.5756 82
174.561 -35.5756 82
176.709 -35.5631 82
178.858 -35.4329 82
181.006 -35.3027 82
183.154 -35.1074 82
185.303 -34.7819 82
187.451 -34.4085 82
189.6 -33.9386 82
189.958 -33.8379 82
191.748 -33.3181 82
193.897 -32.625 82
196.045 -31.7252 82
196.128 -31.6894 82
198.193 -30.7634 82
200.342 -29.578 82
200.402 -29.541 82
202.49 -28.1982 82
203.618 -27.3926 82
204.639 -26.6366 82
206.348 -25.2441 82
206.787 -24.8574 82
208.702 -23.0957 82
208.936 -22.8622 82
210.771 -20.9472 82
211.084 -20.5892 82
212.53 -18.7988 82
213.233 -17.8857 82
214.148 -16.6504 82
215.381 -14.8003 82
215.566 -14.5019 82
216.752 -12.3535 82
217.529 -10.7422 82
217.78 -10.205 82
218.673 -8.05661 82
219.435 -5.90817 82
219.678 -5.15622 82
220.114 -3.75973 82
220.651 -1.6113 82
221.121 0.537142 82
221.514 2.68558 82
221.826 4.61917 82
221.86 4.83402 82
222.128 6.98246 82
222.277 9.13089 82
222.415 11.2793 82
222.531 13.4278 82
222.531 15.5762 82
222.485 17.7246 82
222.397 19.8731 82
222.207 22.0215 82
221.93 24.17 82
221.826 24.8145 82
221.584 26.3184 82
221.099 28.4668 82
220.475 30.6153 82
219.714 32.7637 82
219.678 32.8463 82
218.783 34.9122 82
217.715 37.0606 82
217.529 37.3963 82
216.529 39.209 82
215.381 40.9617 82
215.102 41.3575 82
213.522 43.5059 82
213.233 43.864 82
211.786 45.6543 82
211.084 46.4844 82
209.876 47.8028 82
208.936 48.7836 82
207.768 49.9512 82
206.787 50.8536 82
205.371 52.0997 82
204.639 52.6964 82
202.544 54.2481 82
202.49 54.2879 82
200.342 55.7443 82
199.268 56.3965 82
198.193 57.0263 82
196.045 58.2116 82
195.354 58.545 82
193.897 59.2253 82
191.748 60.1736 82
190.405 60.6934 82
189.6 61.0053 82
187.451 61.6983 82
185.303 62.3914 82
183.557 62.8419 82
183.154 62.9458 82
181.006 63.4797 82
178.858 63.9854 82
176.709 64.5398 82
174.963 64.9903 82
174.561 65.0942 82
172.412 65.7873 82
170.264 66.6016 82
169.19 67.1387 82
168.115 67.6944 82
165.967 69.0087 82
165.591 69.2872 82
163.818 70.6506 82
162.891 71.4356 82
161.67 72.5098 82
160.502 73.584 82
159.522 74.4864 82
158.167 75.7325 82
157.373 76.4629 82
155.685 77.8809 82
155.225 78.239 82
153.076 79.8304 82
152.794 80.0294 82
150.928 81.2954 82
149.474 82.1778 82
148.779 82.5853 82
146.631 83.7706 82
145.557 84.3262 82
144.483 84.8633 82
142.334 85.8659 82
140.929 86.4747 82
140.186 86.7865 82
138.037 87.6182 82
135.889 88.3881 82
135.205 88.6231 82
133.74 89.1267 82
131.592 89.7309 82
129.443 90.3351 82
127.892 90.7715 82
127.295 90.9394 82
125.147 91.4765 82
122.998 91.9844 82
120.85 92.4836 82
118.855 92.92 82
118.701 92.9536 82
116.553 93.4235 82
114.404 93.8264 82
112.256 94.2714 82
110.107 94.7566 82
108.496 95.0684 82
107.959 95.1724 82
105.811 95.5882 82
103.662 96.0419 82
101.514 96.4892 82
99.3653 96.9147 82
97.754 97.2169 82
97.2169 97.3176 82
95.0684 97.7204 82
92.92 98.1232 82
90.7715 98.5932 82
88.6231 98.996 82
87.1461 99.3653 82
86.4747 99.5281 82
84.3262 99.936 82
82.1778 100.309 82
80.0294 100.57 82
77.8809 100.765 82
75.7325 100.83 82
73.584 100.895 82
71.4356 100.913 82
69.2872 100.913 82
67.1387 100.913 82
64.9903 100.913 82
62.8419 100.913 82
60.6934 100.913 82
58.545 100.895 82
56.3965 100.85 82
54.2481 100.83 82
52.0997 100.7 82
49.9512 100.54 82
47.8028 100.272 82
45.6543 99.9544 82
43.5059 99.5386 82
42.6107 99.3653 82
41.3575 99.106 82
39.209 98.7356 82
37.0606 98.3652 82
34.9122 98.1429 82
32.7637 97.9207 82
30.6153 97.6984 82
28.4668 97.4087 82
27.1241 97.2169 82
26.3184 97.0975 82
24.17 96.6996 82
22.0215 96.3018 82
19.8731 95.9039 82
17.7246 95.4551 82
15.7911 95.0684 82
15.5762 95.0286 82
13.4278 94.6139 82
11.2793 94.0738 82
9.13089 93.5963 82
6.98246 93.1118 82
6.08727 92.92 82
4.83402 92.6607 82
2.68558 92.3113 82
0.537142 91.9844 82
-1.6113 91.7765 82
-3.75973 91.7072 82
-5.90817 91.7072 82
-8.05661 91.7765 82
-10.205 91.9844 82
-12.3535 92.2616 82
-14.5019 92.6693 82
-15.7552 92.92 82
-16.6504 93.0932 82
-18.7988 93.5784 82
-20.9472 94.1328 82
-23.0957 94.6873 82
-24.5727 95.0684 82
-25.2441 95.2417 82
-27.3926 95.8654 82
-29.541 96.4892 82
-31.6894 97.0378 82
-32.3608 97.2169 82
-33.8379 97.598 82
-35.9863 98.0832 82
-38.1347 98.5683 82
-40.2832 99.043 82
-41.8945 99.3653 82
-42.4316 99.4693 82
-44.5801 99.7592 82
-46.7285 99.974 82
-48.8769 100.093 82
-51.0254 100.162 82
-53.1738 100.162 82
-55.3223 100.162 82
-57.4707 100.093 82
-59.6191 99.9544 82
-61.7676 99.7592 82
-63.916 99.4693 82
-64.5605 99.3653 82
-66.0644 99.1146 82
-68.2129 98.685 82
-70.3613 98.2218 82
-72.5098 97.806 82
-74.6582 97.4594 82
-75.9115 97.2169 82
-76.8066 97.0436 82
-78.9551 96.6971 82
-81.1035 96.3506 82
-83.252 96.004 82
-85.4004 95.6391 82
-87.5488 95.311 82
-89.4287 95.0684 82
-89.6973 95.0338 82
-91.8457 94.6992 82
-93.9941 94.3635 82
-96.1426 94.0278 82
-98.291 93.6249 82
-100.439 93.2892 82
-102.409 92.92 82
-102.588 92.8864 82
-104.736 92.4836 82
-106.885 92.123 82
-109.033 91.6779 82
-111.182 91.222 82
-113.33 90.8051 82
-113.464 90.7715 82
-115.479 90.268 82
-117.627 89.798 82
-119.775 89.2815 82
-121.924 88.7271 82
-122.327 88.6231 82
-124.072 88.1726 82
-126.221 87.5825 82
-128.369 86.9252 82
-129.766 86.4747 82
-130.518 86.2321 82
-132.666 85.5391 82
-134.814 84.7767 82
-135.978 84.3262 82
-136.963 83.9324 82
-139.111 83.0441 82
-140.902 82.1778 82
-141.26 81.9926 82
-143.408 80.8072 82
-144.661 80.0294 82
-145.557 79.4539 82
-147.705 77.9207 82
-147.756 77.8809 82
-149.854 76.187 82
-150.367 75.7325 82
-152.002 74.1659 82
-152.561 73.584 82
-154.15 71.7774 82
-154.451 71.4356 82
-156.256 69.2872 82
-156.299 69.236 82
-158.134 67.1387 82
-158.447 66.7969 82
-160.175 64.9903 82
-160.596 64.5875 82
-162.69 62.8419 82
-162.744 62.8005 82
-164.893 61.4223 82
-166.35 60.6934 82
-167.041 60.36 82
-169.189 59.4402 82
-171.338 58.7875 82
-172.278 58.545 82
-173.486 58.2227 82
-175.635 57.6787 82
-177.783 57.1935 82
-179.932 56.7084 82
-181.14 56.3965 82
-182.08 56.154 82
-184.229 55.6688 82
-186.377 55.0717 82
-188.525 54.4214 82
-189.014 54.2481 82
-190.674 53.6394 82
-192.822 52.8274 82
-194.434 52.0997 82
-194.971 51.849 82
-197.119 50.8032 82
-198.663 49.9512 82
-199.268 49.6178 82
-201.416 48.3584 82
-202.264 47.8028 82
-203.564 46.9204 82
-205.337 45.6543 82
-205.713 45.3758 82
-207.861 43.7844 82
-208.219 43.5059 82
-210.01 42.0598 82
-210.804 41.3575 82
-212.158 40.1114 82
-213.098 39.209 82
-214.307 37.948 82
-215.123 37.0606 82
-216.455 35.5469 82
-216.992 34.9122 82
-218.604 32.8174 82
-218.642 32.7637 82
-220.023 30.6153 82
-220.752 29.4147 82
-221.327 28.4668 82
-222.493 26.3184 82
-222.9 25.5306 82
-223.581 24.17 82
-224.512 22.0215 82
-225.049 20.6788 82
-225.371 19.8731 82
-226.123 17.7246 82
-226.747 15.5762 82
-227.197 13.8306 82
-227.301 13.4278 82
-227.717 11.2793 82
-228.104 9.13089 82
-228.372 6.98246 82
-228.618 4.83402 82
-228.809 2.68558 82
-228.895 0.537142 82
-228.895 -1.6113 82
-228.826 -3.75973 82
-228.618 -5.90817 82
-228.307 -8.05661 82
-227.856 -10.205 82
-227.233 -12.3535 82
-227.197 -12.4511 82
-226.445 -14.5019 82
-225.514 -16.6504 82
-225.049 -17.5814 82
-224.397 -18.7988 82
-223.092 -20.9472 82
-222.9 -21.2299 82
-221.537 -23.0957 82
-220.752 -24.0676 82
-219.764 -25.2441 82
-218.604 -26.5052 82
-217.753 -27.3926 82
-216.455 -28.6386 82
-215.474 -29.541 82
-214.307 -30.5739 82
-212.926 -31.6894 82
-212.158 -32.2862 82
-210.01 -33.7981 82
-209.95 -33.8379 82
-207.861 -35.1343 82
-206.317 -35.9863 82
-205.713 -36.3197 82
-203.564 -37.3828 82
-201.953 -38.1347 82
-201.416 -38.3773 82
-199.268 -39.1732 82
-197.119 -39.8893 82
-195.806 -40.2832 82
-194.971 -40.5182 82
-192.822 -40.9881 82
-190.674 -41.391 82
-188.525 -41.7938 82
-186.377 -42.0504 82
-184.229 -42.2584 82
-182.08 -42.397 82
-181.006 -42.4316 82
-179.932 -42.4663 82
-177.783 -42.5356 82
-175.635 -42.4674 82
-173.486 -42.4674 82
-171.338 -42.4663 82
-170.264 -42.4316 82
-169.189 -42.3958 82
-167.041 -42.3277 82
-164.893 -42.1966 82
-162.744 -42.0624 82
-160.596 -41.9952 82
-158.447 -41.9952 82
-156.299 -42.1891 82
-155.046 -42.4316 82
-154.15 -42.6049 82
-152.002 -43.2552 82
-149.854 -44.2348 82
-149.316 -44.5801 82
-147.705 -45.7402 82
-146.582 -46.7285 82
-145.557 -47.7093 82
-144.482 -48.8769 82
-143.408 -50.1558 82
-142.706 -51.0254 82
-141.26 -52.9053 82
-141.061 -53.1738 82
-139.469 -55.3223 82
-139.111 -55.8057 82
-137.878 -57.4707 82
-136.963 -58.706 82
-136.287 -59.6191 82
-134.814 -61.6064 82
-134.691 -61.7676 82
-133.024 -63.916 82
-132.666 -64.3764 82
-131.303 -66.0644 82
-130.518 -66.9518 82
-129.402 -68.2129 82
-128.369 -69.3805 82
-127.467 -70.3613 82
-126.221 -71.6593 82
-125.37 -72.5098 82
-124.072 -73.7559 82
-123.091 -74.6582 82
-121.924 -75.6911 82
-120.605 -76.8066 82
-119.775 -77.483 82
-117.883 -78.9551 82
-117.627 -79.1469 82
-115.479 -80.6048 82
-114.703 -81.1035 82
-113.33 -81.9859 82
-111.245 -83.252 82
-111.182 -83.289 82
-109.033 -84.4743 82
-107.243 -85.4004 82
-106.885 -85.5856 82
-104.736 -86.6228 82
-102.818 -87.5488 82
-102.588 -87.6562 82
-100.439 -88.5872 82
-98.291 -89.5182 82
-97.8434 -89.6973 82
-96.1426 -90.3557 82
-93.9941 -91.1654 82
-92.1387 -91.8457 82
-91.8457 -91.9497 82
-89.6973 -92.6427 82
-87.5488 -93.3357 82
-85.4004 -93.9595 82
-85.281 -93.9941 82
-83.252 -94.5648 82
-81.1035 -95.0684 82
-78.9551 -95.5535 82
-76.8066 -95.9635 82
-75.7324 -96.1426 82
-74.6582 -96.3104 82
-72.5098 -96.5931 82
-70.3613 -96.8475 82
-68.2129 -97.0782 82
-66.0644 -97.2861 82
-63.916 -97.3958 82
-61.7676 -97.6107 82
-59.6191 -97.8095 82
-57.4707 -97.9576 82
-55.3223 -98.1799 82
-53.7109 -98.291 82
