-61.7676 -102.623 72
-59.6191 -102.823 72
-57.4707 -102.957 72
-55.3223 -103.091 72
-53.1738 -103.177 72
-51.0254 -103.316 72
-48.8769 -103.427 72
-46.7285 -103.494 72
-44.5801 -103.561 72
-42.4316 -103.629 72
-40.2832 -103.696 72
-38.1347 -103.696 72
-35.9863 -103.763 72
-33.8379 -103.696 72
-31.6894 -103.696 72
-29.541 -103.629 72
-27.3926 -103.561 72
-25.2441 -103.494 72
-23.0957 -103.36 72
-20.9472 -103.226 72
-18.7988 -103.038 72
-16.6504 -102.89 72
-14.5019 -102.692 72
-13.4277 -102.588 72
-12.3535 -102.484 72
-10.205 -102.276 72
-8.05661 -102.137 72
-5.90817 -101.95 72
-3.75973 -101.86 72
-1.6113 -101.86 72
0.537142 -101.883 72
2.68558 -101.999 72
4.83402 -102.207 72
6.98246 -102.415 72
8.77282 -102.588 72
9.13089 -102.623 72
11.2793 -102.89 72
13.4278 -103.091 72
15.5762 -103.36 72
17.7246 -103.561 72
19.8731 -103.763 72
22.0215 -103.939 72
24.17 -104.128 72
26.3184 -104.271 72
28.4668 -104.342 72
30.6153 -104.414 72
32.7637 -104.414 72
34.9122 -104.342 72
37.0606 -104.286 72
39.209 -104.199 72
41.3575 -104.078 72
43.5059 -103.939 72
45.6543 -103.763 72
47.8028 -103.561 72
49.9512 -103.36 72
52.0997 -103.091 72
54.2481 -102.823 72
56.128 -102.588 72
56.3965 -102.552 72
58.545 -102.207 72
60.6934 -101.86 72
62.8419 -101.514 72
64.9903 -101.098 72
67.1387 -100.682 72
68.392 -100.439 72
69.2872 -100.26 72
71.4356 -99.7118 72
73.584 -99.2266 72
75.7325 -98.6722 72
77.2095 -98.291 72
77.8809 -98.1178 72
80.0294 -97.5633 72
82.1778 -96.9818 72
84.3262 -96.3851 72
85.0098 -96.1426 72
86.4747 -95.6228 72
88.6231 -94.8604 72
90.7715 -94.0981 72
91.0401 -93.9941 72
92.92 -93.2422 72
95.0684 -92.3828 72
96.4112 -91.8457 72
97.2169 -91.5234 72
99.3653 -90.6641 72
101.514 -89.7319 72
101.59 -89.6973 72
103.662 -88.7305 72
105.811 -87.7279 72
106.169 -87.5488 72
107.959 -86.6228 72
110.107 -85.5115 72
110.297 -85.4004 72
112.256 -84.2521 72
113.962 -83.252 72
114.404 -82.9834 72
116.553 -81.679 72
117.401 -81.1035 72
118.701 -80.2211 72
120.474 -78.9551 72
120.85 -78.6766 72
122.998 -77.0958 72
123.356 -76.8066 72
125.147 -75.3606 72
125.977 -74.6582 72
127.295 -73.4497 72
128.235 -72.5098 72
129.443 -71.2487 72
130.26 -70.3613 72
131.592 -68.8476 72
132.129 -68.2129 72
133.74 -66.1182 72
133.78 -66.0644 72
135.292 -63.916 72
135.889 -63.0208 72
136.667 -61.7676 72
137.922 -59.6191 72
138.037 -59.4177 72
139.076 -57.4707 72
140.186 -55.3894 72
140.221 -55.3223 72
141.296 -53.1738 72
142.334 -51.2268 72
142.441 -51.0254 72
143.556 -48.8769 72
144.483 -47.1985 72
144.751 -46.7285 72
146.055 -44.5801 72
146.631 -43.732 72
147.546 -42.4316 72
148.779 -40.7666 72
149.182 -40.2832 72
150.928 -38.4617 72
151.304 -38.1347 72
153.076 -36.7713 72
154.534 -35.9863 72
155.225 -35.641 72
157.373 -34.9479 72
159.522 -34.5656 72
161.67 -34.4085 72
163.818 -34.427 72
165.967 -34.5428 72
168.115 -34.7442 72
170.264 -34.9121 72
172.412 -35.1074 72
174.561 -35.3027 72
176.709 -35.4329 72
178.858 -35.498 72
181.006 -35.498 72
183.154 -35.4329 72
185.303 -35.3027 72
187.451 -35.0799 72
189.6 -34.7442 72
191.748 -34.2743 72
193.494 -33.8379 72
193.897 -33.7304 72
196.045 -33.0143 72
198.193 -32.2092 72
199.433 -31.6894 72
200.342 -31.2956 72
202.49 -30.2213 72
203.766 -29.541 72
204.639 -29.0422 72
206.787 -27.5844 72
207.056 -27.3926 72
208.936 -25.9465 72
209.766 -25.2441 72
211.084 -24.0356 72
212.024 -23.0957 72
213.233 -21.8346 72
214.049 -20.9472 72
215.381 -19.3615 72
215.819 -18.7988 72
217.261 -16.6504 72
217.529 -16.2326 72
218.568 -14.5019 72
219.678 -12.4206 72
219.714 -12.3535 72
220.645 -10.205 72
221.504 -8.05661 72
221.826 -7.1777 72
222.277 -5.90817 72
222.901 -3.75973 72
223.386 -1.6113 72
223.871 0.537142 72
223.975 1.07425 72
224.277 2.68558 72
224.545 4.83402 72
224.814 6.98246 72
224.948 9.13089 72
225.083 11.2793 72
225.15 13.4278 72
225.15 15.5762 72
225.083 17.7246 72
224.948 19.8731 72
224.747 22.0215 72
224.478 24.17 72
224.079 26.3184 72
223.975 26.7212 72
223.524 28.4668 72
222.865 30.6153 72
222.077 32.7637 72
221.826 33.3008 72
221.048 34.9122 72
219.937 37.0606 72
219.678 37.5029 72
218.642 39.209 72
217.529 40.8486 72
217.158 41.3575 72
215.505 43.5059 72
215.381 43.6594 72
213.705 45.6543 72
213.233 46.1681 72
211.598 47.8028 72
211.084 48.2951 72
209.277 49.9512 72
208.936 50.2404 72
206.787 51.9757 72
206.626 52.0997 72
204.639 53.5192 72
203.565 54.2481 72
202.49 54.9519 72
200.342 56.2113 72
199.984 56.3965 72
198.193 57.2917 72
196.045 58.2943 72
195.418 58.545 72
193.897 59.1341 72
191.748 59.8698 72
189.6 60.4508 72
188.66 60.6934 72
187.451 61.0053 72
185.303 61.4655 72
183.154 61.8369 72
181.006 62.1835 72
178.858 62.4607 72
176.709 62.7379 72
175.903 62.8419 72
174.561 63.0097 72
172.412 63.2923 72
170.264 63.6389 72
168.115 64.2383 72
166.065 64.9903 72
165.967 65.0273 72
163.818 66.1441 72
162.405 67.1387 72
161.67 67.7206 72
159.961 69.2872 72
159.522 69.7075 72
157.932 71.4356 72
157.373 72.0704 72
156.041 73.584 72
155.225 74.556 72
154.195 75.7325 72
153.076 76.9532 72
152.226 77.8809 72
150.928 79.1789 72
150 80.0294 72
148.779 81.0623 72
147.398 82.1778 72
146.631 82.7533 72
144.483 84.1344 72
144.167 84.3262 72
142.334 85.4005 72
140.257 86.4747 72
140.186 86.5105 72
138.037 87.4103 72
135.889 88.3008 72
135.01 88.6231 72
133.74 89.0595 72
131.592 89.7309 72
129.443 90.3904 72
127.966 90.7715 72
127.295 90.9448 72
125.147 91.5436 72
122.998 92.0537 72
120.85 92.5388 72
119.162 92.92 72
118.701 93.0207 72
116.553 93.4398 72
114.404 93.8556 72
112.256 94.2714 72
110.107 94.6873 72
108.138 95.0684 72
107.959 95.102 72
105.811 95.4377 72
103.662 95.8405 72
101.514 96.2434 72
99.3653 96.6462 72
97.2169 97.049 72
96.3217 97.2169 72
95.0684 97.4518 72
92.92 97.8547 72
90.7715 98.2575 72
88.6231 98.7762 72
86.4747 99.2613 72
86.0143 99.3653 72
84.3262 99.7465 72
82.1778 100.137 72
80.0294 100.473 72
77.8809 100.7 72
75.7325 100.83 72
73.584 100.895 72
71.4356 100.96 72
69.2872 100.96 72
67.1387 100.977 72
64.9903 100.977 72
62.8419 100.96 72
60.6934 100.96 72
58.545 100.913 72
56.3965 100.895 72
54.2481 100.85 72
52.0997 100.83 72
49.9512 100.765 72
47.8028 100.635 72
45.6543 100.473 72
43.5059 100.205 72
41.3575 99.8851 72
39.209 99.4011 72
39.03 99.3653 72
37.0606 98.9578 72
34.9122 98.5874 72
32.7637 98.3269 72
30.6153 98.1429 72
28.4668 97.9207 72
26.3184 97.7156 72
24.17 97.4158 72
22.8272 97.2169 72
22.0215 97.1018 72
19.8731 96.6996 72
17.7246 96.2666 72
15.5762 95.8534 72
13.4278 95.4265 72
11.4942 95.0684 72
11.2793 95.0286 72
9.13089 94.6308 72
6.98246 94.2329 72
4.83402 93.9558 72
2.68558 93.7257 72
0.537142 93.5497 72
-1.6113 93.4187 72
-3.75973 93.4187 72
-5.90817 93.4187 72
-8.05661 93.5722 72
-10.205 93.7555 72
-12.3535 93.9942 72
-14.5019 94.3125 72
-16.6504 94.6308 72
-18.6198 95.0684 72
-18.7988 95.1082 72
-20.9472 95.5061 72
-23.0957 95.9945 72
-25.2441 96.5131 72
-27.3926 97.0378 72
-28.0639 97.2169 72
-29.541 97.6107 72
-31.6894 98.2218 72
-33.8379 98.7762 72
-35.9863 99.2613 72
-36.4467 99.3653 72
-38.1347 99.7346 72
-40.2832 100.003 72
-42.4316 100.205 72
-44.5801 100.339 72
-46.7285 100.406 72
-48.8769 100.406 72
-51.0254 100.406 72
-53.1738 100.406 72
-55.3223 100.37 72
-57.4707 100.37 72
-59.6191 100.301 72
-61.7676 100.301 72
-63.916 100.189 72
-66.0644 100.024 72
-68.2129 99.7465 72
-70.3613 99.4 72
-70.5148 99.3653 72
-72.5098 98.9148 72
-74.6582 98.4297 72
-76.8066 97.989 72
-78.9551 97.5287 72
-80.5664 97.2169 72
-81.1035 97.1129 72
-83.252 96.6971 72
-85.4004 96.2813 72
-87.5488 95.8654 72
-89.6973 95.5189 72
-91.8457 95.1031 72
-92.0605 95.0684 72
-93.9941 94.7566 72
-96.1426 94.41 72
-98.291 93.9942 72
-100.439 93.5784 72
-102.588 93.155 72
-103.841 92.92 72
-104.736 92.7467 72
-106.885 92.2616 72
-109.033 91.7765 72
-111.182 91.3606 72
-113.33 90.8755 72
-113.733 90.7715 72
-115.479 90.3351 72
-117.627 89.8359 72
-119.775 89.2815 72
-121.924 88.7271 72
-122.327 88.6231 72
-124.072 88.1726 72
-126.221 87.5489 72
-128.369 86.8558 72
-129.551 86.4747 72
-130.518 86.1628 72
-132.666 85.3311 72
-134.814 84.4302 72
-135.045 84.3262 72
-136.963 83.4311 72
-139.111 82.2148 72
-139.171 82.1778 72
-141.26 80.835 72
-142.334 80.0294 72
-143.408 79.127 72
-144.763 77.8809 72
-145.557 77.0508 72
-146.717 75.7325 72
-147.705 74.556 72
-148.461 73.584 72
-149.854 71.6052 72
-149.969 71.4356 72
-151.35 69.2872 72
-152.002 68.2726 72
-152.758 67.1387 72
-154.15 65.1599 72
-154.274 64.9903 72
-155.986 62.8419 72
-156.299 62.4838 72
-158.008 60.6934 72
-158.447 60.3067 72
-160.596 58.8235 72
-161.097 58.545 72
-162.744 57.693 72
-164.893 56.9336 72
-167.041 56.4312 72
-167.22 56.3965 72
-169.189 56.0154 72
-171.338 55.7381 72
-173.486 55.5302 72
-175.635 55.3223 72
-177.783 55.1144 72
-179.932 54.8859 72
-182.08 54.6293 72
-184.229 54.3488 72
-184.873 54.2481 72
-186.377 54.0055 72
-188.525 53.5431 72
-190.674 53.0732 72
-192.822 52.4689 72
-194.004 52.0997 72
-194.971 51.7878 72
-197.119 50.9919 72
-199.268 50.0552 72
-199.498 49.9512 72
-201.416 49.0849 72
-203.564 47.9818 72
-203.9 47.8028 72
-205.713 46.8026 72
-207.563 45.6543 72
-207.861 45.4625 72
-210.01 44.0047 72
-210.675 43.5059 72
-212.158 42.3077 72
-213.281 41.3575 72
-214.307 40.4551 72
-215.605 39.209 72
-216.455 38.3586 72
-217.701 37.0606 72
-218.604 36.0352 72
-219.554 34.9122 72
-220.752 33.4287 72
-221.269 32.7637 72
-222.709 30.6153 72
-222.9 30.3169 72
-224.09 28.4668 72
-225.049 26.7884 72
-225.3 26.3184 72
-226.302 24.17 72
-227.197 22.1042 72
-227.233 22.0215 72
-227.994 19.8731 72
-228.665 17.7246 72
-229.238 15.5762 72
-229.346 15.0391 72
-229.658 13.4278 72
-230.118 11.2793 72
-230.454 9.13089 72
-230.789 6.98246 72
-231.058 4.83402 72
-231.321 2.68558 72
-231.46 0.537142 72
-231.46 -1.6113 72
-231.39 -3.75973 72
-231.192 -5.90817 72
-230.905 -8.05661 72
-230.42 -10.205 72
-229.796 -12.3535 72
-229.346 -13.5172 72
-228.965 -14.5019 72
-228.021 -16.6504 72
-227.197 -18.2975 72
-226.929 -18.7988 72
-225.624 -20.9472 72
-225.049 -21.7953 72
-224.099 -23.0957 72
-222.9 -24.5791 72
-222.363 -25.2441 72
-220.752 -27.0656 72
-220.439 -27.3926 72
-218.604 -29.1543 72
-218.183 -29.541 72
-216.455 -31.0697 72
-215.688 -31.6894 72
-214.307 -32.805 72
-212.893 -33.8379 72
-212.158 -34.3366 72
-210.01 -35.7178 72
-209.54 -35.9863 72
-207.861 -36.9454 72
-205.713 -38.0236 72
-205.465 -38.1347 72
-203.564 -38.9583 72
-201.416 -39.6941 72
-199.59 -40.2832 72
-199.268 -40.3871 72
-197.119 -40.9416 72
-194.971 -41.391 72
-192.822 -41.7938 72
-190.674 -42.0504 72
-188.525 -42.2584 72
-186.377 -42.3277 72
-184.229 -42.397 72
-183.154 -42.4316 72
-182.08 -42.4663 72
-179.932 -42.4663 72
-178.857 -42.4316 72
-177.783 -42.397 72
-175.635 -42.3958 72
-173.486 -42.2584 72
-171.338 -42.1198 72
-169.189 -41.8609 72
-167.041 -41.6346 72
-164.893 -41.3238 72
-162.744 -41.0802 72
-160.596 -40.921 72
-158.447 -40.8723 72
-156.299 -40.9416 72
-154.15 -41.3216 72
-152.002 -41.9501 72
-150.928 -42.4316 72
-149.854 -42.9488 72
-147.705 -44.4512 72
-147.552 -44.5801 72
-145.557 -46.4844 72
-145.333 -46.7285 72
-143.532 -48.8769 72
-143.408 -49.0466 72
-142.016 -51.0254 72
-141.26 -52.0996 72
-140.531 -53.1738 72
-139.15 -55.3223 72
-139.111 -55.3819 72
-137.719 -57.4707 72
-136.963 -58.6046 72
-136.287 -59.6191 72
-134.814 -61.711 72
-134.775 -61.7676 72
-133.263 -63.916 72
-132.666 -64.7217 72
-131.633 -66.0644 72
-130.518 -67.5146 72
-129.98 -68.2129 72
-128.369 -70.2079 72
-128.24 -70.3613 72
-126.35 -72.5098 72
-126.221 -72.6562 72
-124.459 -74.6582 72
-124.072 -75.061 72
-122.327 -76.8066 72
-121.924 -77.1934 72
-120.009 -78.9551 72
-119.775 -79.1699 72
-117.627 -81.0622 72
-117.578 -81.1035 72
-115.479 -82.8143 72
-114.916 -83.252 72
-113.33 -84.4853 72
-112.095 -85.4004 72
-111.182 -86.0767 72
-109.09 -87.5488 72
-109.033 -87.5872 72
-106.885 -88.9683 72
-105.684 -89.6973 72
-104.736 -90.2529 72
-102.588 -91.4382 72
-101.849 -91.8457 72
-100.439 -92.5977 72
-98.291 -93.6608 72
-97.6004 -93.9941 72
-96.1426 -94.6745 72
-93.9941 -95.6228 72
-92.7547 -96.1426 72
-91.8457 -96.5238 72
-89.6973 -97.2861 72
-87.5488 -98.0485 72
-86.7133 -98.291 72
-85.4004 -98.6722 72
-83.252 -99.2959 72
-81.1035 -99.8504 72
-78.9551 -100.335 72
-78.418 -100.439 72
-76.8066 -100.751 72
-74.6582 -101.167 72
-72.5098 -101.48 72
-70.3613 -101.791 72
-68.2129 -101.999 72
-66.0644 -102.276 72
-63.916 -102.48 72
-62.3047 -102.588 72
