-44.5801 -115.582 -95.5
-42.4316 -115.86 -95.5
-40.2832 -116.116 -95.5
-38.1347 -116.318 -95.5
-35.9863 -116.452 -95.5
-33.8379 -116.618 -95.5
-31.6894 -116.683 -95.5
-29.541 -116.748 -95.5
-27.3926 -116.748 -95.5
-25.2441 -116.748 -95.5
-23.0957 -116.683 -95.5
-20.9472 -116.586 -95.5
-18.7988 -116.452 -95.5
-16.6504 -116.318 -95.5
-14.5019 -116.206 -95.5
-12.3535 -116.068 -95.5
-10.205 -115.929 -95.5
-8.05661 -115.872 -95.5
-5.90817 -115.872 -95.5
-3.75973 -115.944 -95.5
-1.6113 -116.087 -95.5
0.537142 -116.276 -95.5
2.68558 -116.452 -95.5
4.83402 -116.653 -95.5
6.98246 -116.878 -95.5
9.13089 -117.074 -95.5
11.2793 -117.204 -95.5
13.4278 -117.325 -95.5
15.5762 -117.459 -95.5
17.7246 -117.523 -95.5
19.8731 -117.523 -95.5
22.0215 -117.591 -95.5
24.17 -117.591 -95.5
26.3184 -117.591 -95.5
28.4668 -117.591 -95.5
30.6153 -117.526 -95.5
32.7637 -117.523 -95.5
34.9122 -117.392 -95.5
37.0606 -117.258 -95.5
39.209 -117.056 -95.5
41.3575 -116.813 -95.5
43.5059 -116.553 -95.5
45.6543 -116.251 -95.5
47.8028 -115.915 -95.5
49.9512 -115.512 -95.5
50.1047 -115.479 -95.5
52.0997 -115.028 -95.5
54.2481 -114.572 -95.5
56.3965 -114.058 -95.5
58.545 -113.503 -95.5
59.2164 -113.33 -95.5
60.6934 -112.961 -95.5
62.8419 -112.357 -95.5
64.9903 -111.819 -95.5
67.0313 -111.182 -95.5
67.1387 -111.148 -95.5
69.2872 -110.477 -95.5
71.4356 -109.805 -95.5
73.584 -109.067 -95.5
73.6736 -109.033 -95.5
75.7325 -108.236 -95.5
77.8809 -107.35 -95.5
79.0447 -106.885 -95.5
80.0294 -106.491 -95.5
82.1778 -105.533 -95.5
83.9426 -104.736 -95.5
84.3262 -104.557 -95.5
86.4747 -103.626 -95.5
88.6231 -102.624 -95.5
88.6947 -102.588 -95.5
90.7715 -101.549 -95.5
92.92 -100.475 -95.5
92.9871 -100.439 -95.5
95.0684 -99.2912 -95.5
96.7745 -98.291 -95.5
97.2169 -98.0225 -95.5
99.3653 -96.7181 -95.5
100.213 -96.1426 -95.5
101.514 -95.2602 -95.5
103.379 -93.9941 -95.5
103.662 -93.7876 -95.5
105.811 -92.2038 -95.5
106.271 -91.8457 -95.5
107.959 -90.4823 -95.5
108.931 -89.6973 -95.5
110.107 -88.709 -95.5
111.426 -87.5488 -95.5
112.256 -86.8184 -95.5
113.797 -85.4004 -95.5
114.404 -84.8185 -95.5
115.971 -83.252 -95.5
116.553 -82.6701 -95.5
118.119 -81.1035 -95.5
118.701 -80.4963 -95.5
120.119 -78.9551 -95.5
120.85 -78.125 -95.5
122.01 -76.8066 -95.5
122.998 -75.6301 -95.5
123.754 -74.6582 -95.5
125.147 -72.8678 -95.5
125.415 -72.5098 -95.5
126.873 -70.3613 -95.5
127.295 -69.7394 -95.5
128.295 -68.2129 -95.5
129.443 -66.3628 -95.5
129.629 -66.0644 -95.5
130.814 -63.916 -95.5
131.592 -62.5061 -95.5
131.986 -61.7676 -95.5
133.037 -59.6191 -95.5
133.74 -58.1613 -95.5
134.063 -57.4707 -95.5
134.922 -55.3223 -95.5
135.781 -53.1738 -95.5
135.889 -52.8808 -95.5
136.569 -51.0254 -95.5
137.357 -48.8769 -95.5
138.001 -46.7285 -95.5
138.037 -46.6091 -95.5
138.626 -44.5801 -95.5
139.181 -42.4316 -95.5
139.666 -40.2832 -95.5
140.151 -38.1347 -95.5
140.186 -37.9199 -95.5
140.497 -35.9863 -95.5
140.775 -33.8379 -95.5
141.025 -31.6894 -95.5
141.159 -29.541 -95.5
141.226 -27.3926 -95.5
141.226 -25.2441 -95.5
141.159 -23.0957 -95.5
141.025 -20.9472 -95.5
140.891 -18.7988 -95.5
140.705 -16.6504 -95.5
140.497 -14.5019 -95.5
140.29 -12.3535 -95.5
140.186 -11.2793 -95.5
140.082 -10.205 -95.5
139.804 -8.05661 -95.5
139.481 -5.90817 -95.5
139.078 -3.75973 -95.5
138.675 -1.6113 -95.5
138.272 0.537142 -95.5
138.037 1.47708 -95.5
137.725 2.68558 -95.5
137.198 4.83402 -95.5
136.616 6.98246 -95.5
135.993 9.13089 -95.5
135.889 9.45316 -95.5
135.3 11.2793 -95.5
134.564 13.4278 -95.5
133.776 15.5762 -95.5
133.74 15.6657 -95.5
132.943 17.7246 -95.5
132.057 19.8731 -95.5
131.592 21.0368 -95.5
131.184 22.0215 -95.5
130.195 24.17 -95.5
129.443 25.7813 -95.5
129.193 26.3184 -95.5
128.19 28.4668 -95.5
127.295 30.2572 -95.5
127.11 30.6153 -95.5
125.999 32.7637 -95.5
125.147 34.3079 -95.5
124.813 34.9122 -95.5
123.702 37.0606 -95.5
122.998 38.3362 -95.5
122.499 39.209 -95.5
121.257 41.3575 -95.5
120.85 42.0526 -95.5
119.967 43.5059 -95.5
118.701 45.5912 -95.5
118.663 45.6543 -95.5
117.282 47.8028 -95.5
116.553 48.9367 -95.5
115.876 49.9512 -95.5
114.443 52.0997 -95.5
114.404 52.1534 -95.5
112.853 54.2481 -95.5
112.256 55.0154 -95.5
111.14 56.3965 -95.5
110.107 57.6172 -95.5
109.322 58.545 -95.5
107.959 60.0862 -95.5
107.377 60.6934 -95.5
105.811 62.3281 -95.5
105.318 62.8419 -95.5
103.662 64.4979 -95.5
103.148 64.9903 -95.5
101.514 66.5569 -95.5
100.849 67.1387 -95.5
99.3653 68.4932 -95.5
98.4522 69.2872 -95.5
97.2169 70.3614 -95.5
95.9165 71.4356 -95.5
95.0684 72.1362 -95.5
93.3158 73.584 -95.5
92.92 73.8848 -95.5
90.7715 75.4317 -95.5
90.3292 75.7325 -95.5
88.6231 76.848 -95.5
86.9446 77.8809 -95.5
86.4747 78.1402 -95.5
84.3262 79.2515 -95.5
82.7149 80.0294 -95.5
82.1778 80.28 -95.5
80.0294 81.1729 -95.5
77.8809 81.9988 -95.5
77.3926 82.1778 -95.5
75.7325 82.7669 -95.5
73.584 83.4599 -95.5
71.4356 84.153 -95.5
70.8388 84.3262 -95.5
69.2872 84.7767 -95.5
67.1387 85.4005 -95.5
64.9903 85.8856 -95.5
62.8419 86.3707 -95.5
62.3047 86.4747 -95.5
60.6934 86.7768 -95.5
58.545 87.1796 -95.5
56.3965 87.4482 -95.5
54.2481 87.7167 -95.5
52.0997 87.9395 -95.5
49.9512 88.0697 -95.5
47.8028 88.1348 -95.5
45.6543 88.1348 -95.5
43.5059 88.0697 -95.5
41.3575 87.8744 -95.5
39.209 87.614 -95.5
37.0606 87.3139 -95.5
34.9122 86.9111 -95.5
33.1665 86.4747 -95.5
32.7637 86.374 -95.5
30.6153 85.8856 -95.5
28.4668 85.3311 -95.5
26.3184 84.7626 -95.5
24.7668 84.3262 -95.5
24.17 84.153 -95.5
22.0215 83.5985 -95.5
19.8731 83.017 -95.5
17.7246 82.4799 -95.5
16.5162 82.1778 -95.5
15.5762 81.9352 -95.5
13.4278 81.4057 -95.5
11.2793 80.9357 -95.5
9.13089 80.5329 -95.5
6.98246 80.1301 -95.5
5.90824 80.0294 -95.5
4.83402 79.9286 -95.5
2.68558 79.9254 -95.5
0.537142 79.9958 -95.5
0.268587 80.0294 -95.5
-1.6113 80.2643 -95.5
-3.75973 80.6672 -95.5
-5.90817 81.1371 -95.5
-8.05661 81.7273 -95.5
-9.60826 82.1778 -95.5
-10.205 82.3511 -95.5
-12.3535 83.017 -95.5
-14.5019 83.6678 -95.5
-16.6504 84.2916 -95.5
-16.7697 84.3262 -95.5
-18.7988 84.9153 -95.5
-20.9472 85.5012 -95.5
-23.0957 86.0242 -95.5
-25.0907 86.4747 -95.5
-25.2441 86.5082 -95.5
-27.3926 86.9111 -95.5
-29.541 87.2468 -95.5
-31.6894 87.5153 -95.5
-33.8379 87.851 -95.5
-35.9863 88.0697 -95.5
-38.1347 88.321 -95.5
-40.2832 88.5192 -95.5
-41.8945 88.6231 -95.5
-42.4316 88.6567 -95.5
-44.5801 88.791 -95.5
-46.7285 88.8581 -95.5
-48.8769 88.8657 -95.5
-51.0254 88.8657 -95.5
-53.1738 88.8657 -95.5
-55.3223 88.8581 -95.5
-57.4707 88.7271 -95.5
-59.082 88.6231 -95.5
-59.6191 88.5885 -95.5
-61.7676 88.3881 -95.5
-63.916 88.1196 -95.5
-66.0644 87.7839 -95.5
-68.2129 87.4103 -95.5
-70.3613 86.9252 -95.5
-72.1069 86.4747 -95.5
-72.5098 86.3707 -95.5
-74.6582 85.747 -95.5
-76.8066 85.0066 -95.5
-78.5075 84.3262 -95.5
-78.9551 84.1472 -95.5
-81.1035 83.2162 -95.5
-83.1803 82.1778 -95.5
-83.252 82.1394 -95.5
-85.4004 80.9118 -95.5
-86.8537 80.0294 -95.5
-87.5488 79.6073 -95.5
-89.6973 78.2262 -95.5
-90.2061 77.8809 -95.5
-91.8457 76.7271 -95.5
-93.2591 75.7325 -95.5
-93.9941 75.1954 -95.5
-96.0889 73.584 -95.5
-96.1426 73.5427 -95.5
-98.291 71.8732 -95.5
-98.8281 71.4356 -95.5
-100.439 70.0722 -95.5
-101.327 69.2872 -95.5
-102.588 68.127 -95.5
-103.662 67.1387 -95.5
-104.736 66.1093 -95.5
-105.855 64.9903 -95.5
-106.885 64.002 -95.5
-108.093 62.8419 -95.5
-109.033 61.9019 -95.5
-110.193 60.6934 -95.5
-111.182 59.6192 -95.5
-112.17 58.545 -95.5
-113.33 57.2266 -95.5
-114.006 56.3965 -95.5
-115.479 54.5039 -95.5
-115.67 54.2481 -95.5
-117.189 52.0997 -95.5
-117.627 51.4432 -95.5
-118.586 49.9512 -95.5
-119.775 48.1012 -95.5
-119.961 47.8028 -95.5
-121.22 45.6543 -95.5
-121.924 44.3787 -95.5
-122.389 43.5059 -95.5
-123.464 41.3575 -95.5
-124.072 40.14 -95.5
-124.523 39.209 -95.5
-125.469 37.0606 -95.5
-126.221 35.1807 -95.5
-126.328 34.9122 -95.5
-127.259 32.7637 -95.5
-128.119 30.6153 -95.5
-128.369 29.9886 -95.5
-128.978 28.4668 -95.5
-129.837 26.3184 -95.5
-130.518 24.6176 -95.5
-130.697 24.17 -95.5
-131.523 22.0215 -95.5
-132.272 19.8731 -95.5
-132.666 18.6914 -95.5
-132.978 17.7246 -95.5
-133.707 15.5762 -95.5
-134.364 13.4278 -95.5
-134.814 12.0313 -95.5
-135.057 11.2793 -95.5
-135.681 9.13089 -95.5
-136.305 6.98246 -95.5
-136.927 4.83402 -95.5
-136.963 4.71466 -95.5
-137.534 2.68558 -95.5
-138.106 0.537142 -95.5
-138.661 -1.6113 -95.5
-139.111 -3.3569 -95.5
-139.215 -3.75973 -95.5
-139.749 -5.90817 -95.5
-140.219 -8.05661 -95.5
-140.622 -10.205 -95.5
-141.025 -12.3535 -95.5
-141.26 -13.6067 -95.5
-141.428 -14.5019 -95.5
-141.748 -16.6504 -95.5
-142.008 -18.7988 -95.5
-142.204 -20.9472 -95.5
-142.368 -23.0957 -95.5
-142.464 -25.2441 -95.5
-142.464 -27.3926 -95.5
-142.399 -29.541 -95.5
-142.233 -31.6894 -95.5
-142.032 -33.8379 -95.5
-141.78 -35.9863 -95.5
-141.495 -38.1347 -95.5
-141.26 -39.388 -95.5
-141.087 -40.2832 -95.5
-140.601 -42.4316 -95.5
-140.018 -44.5801 -95.5
-139.354 -46.7285 -95.5
-139.111 -47.4121 -95.5
-138.592 -48.8769 -95.5
-137.76 -51.0254 -95.5
-136.963 -52.9259 -95.5
-136.855 -53.1738 -95.5
-135.853 -55.3223 -95.5
-134.814 -57.3991 -95.5
-134.777 -57.4707 -95.5
-133.592 -59.6191 -95.5
-132.666 -61.1989 -95.5
-132.321 -61.7676 -95.5
-130.999 -63.916 -95.5
-130.518 -64.651 -95.5
-129.558 -66.0644 -95.5
-128.369 -67.8171 -95.5
-128.091 -68.2129 -95.5
-126.579 -70.3613 -95.5
-126.221 -70.8217 -95.5
-124.908 -72.5098 -95.5
-124.072 -73.584 -95.5
-123.205 -74.6582 -95.5
-121.924 -76.1719 -95.5
-121.365 -76.8066 -95.5
-119.775 -78.5347 -95.5
-119.389 -78.9551 -95.5
-117.627 -80.87 -95.5
-117.403 -81.1035 -95.5
-115.479 -82.9512 -95.5
-115.165 -83.252 -95.5
-113.33 -84.9459 -95.5
-112.816 -85.4004 -95.5
-111.182 -86.8465 -95.5
-110.352 -87.5488 -95.5
-109.033 -88.6644 -95.5
-107.754 -89.6973 -95.5
-106.885 -90.3736 -95.5
-104.897 -91.8457 -95.5
-104.736 -91.9608 -95.5
-102.588 -93.4187 -95.5
-101.74 -93.9941 -95.5
-100.439 -94.8765 -95.5
-98.4701 -96.1426 -95.5
-98.291 -96.2577 -95.5
-96.1426 -97.5872 -95.5
-94.942 -98.291 -95.5
-93.9941 -98.8665 -95.5
-91.8457 -100.106 -95.5
-91.2012 -100.439 -95.5
-89.6973 -101.217 -95.5
-87.5488 -102.329 -95.5
-87.0475 -102.588 -95.5
-85.4004 -103.385 -95.5
-83.252 -104.414 -95.5
-82.5614 -104.736 -95.5
-81.1035 -105.395 -95.5
-78.9551 -106.296 -95.5
-77.5503 -106.885 -95.5
-76.8066 -107.197 -95.5
-74.6582 -108.06 -95.5
-72.5098 -108.86 -95.5
-72.0215 -109.033 -95.5
-70.3613 -109.604 -95.5
-68.2129 -110.342 -95.5
-66.0644 -111.008 -95.5
-65.5273 -111.182 -95.5
-63.916 -111.685 -95.5
-61.7676 -112.222 -95.5
-59.6191 -112.81 -95.5
-57.4707 -113.295 -95.5
-57.3172 -113.33 -95.5
-55.3223 -113.781 -95.5
-53.1738 -114.236 -95.5
-51.0254 -114.639 -95.5
-48.8769 -114.975 -95.5
-46.7285 -115.311 -95.5
-45.3857 -115.479 -95.5
