13.4278 -117.83 -110.5
15.5762 -118.004 -110.5
17.7246 -118.121 -110.5
19.8731 -118.194 -110.5
22.0215 -118.254 -110.5
24.17 -118.237 -110.5
26.3184 -118.179 -110.5
28.4668 -118.062 -110.5
30.6153 -117.946 -110.5
32.7637 -117.83 -110.5
34.9122 -117.656 -110.5
35.1807 -117.627 -110.5
37.0606 -117.424 -110.5
39.209 -117.179 -110.5
41.3575 -116.941 -110.5
43.5059 -116.642 -110.5
45.6543 -116.307 -110.5
47.8028 -115.986 -110.5
49.9512 -115.571 -110.5
50.4116 -115.479 -110.5
52.0997 -115.141 -110.5
54.2481 -114.65 -110.5
56.3965 -114.097 -110.5
58.545 -113.545 -110.5
59.2969 -113.33 -110.5
60.6934 -112.931 -110.5
62.8419 -112.256 -110.5
64.9903 -111.529 -110.5
65.975 -111.182 -110.5
67.1387 -110.783 -110.5
69.2872 -110.013 -110.5
71.4356 -109.191 -110.5
71.8488 -109.033 -110.5
73.584 -108.37 -110.5
75.7325 -107.422 -110.5
76.9499 -106.885 -110.5
77.8809 -106.474 -110.5
80.0294 -105.526 -110.5
81.7078 -104.736 -110.5
82.1778 -104.508 -110.5
84.3262 -103.504 -110.5
86.1587 -102.588 -110.5
86.4747 -102.425 -110.5
88.6231 -101.318 -110.5
90.3292 -100.439 -110.5
90.7715 -100.212 -110.5
92.92 -99.1048 -110.5
94.412 -98.291 -110.5
95.0684 -97.9218 -110.5
97.2169 -96.7133 -110.5
98.1299 -96.1426 -110.5
99.3653 -95.3705 -110.5
101.514 -94.0288 -110.5
101.565 -93.9941 -110.5
103.662 -92.5734 -110.5
104.688 -91.8457 -110.5
105.811 -91.0487 -110.5
107.632 -89.6973 -110.5
107.959 -89.438 -110.5
110.107 -87.66 -110.5
110.236 -87.5488 -110.5
112.256 -85.7457 -110.5
112.614 -85.4004 -110.5
114.404 -83.61 -110.5
114.75 -83.252 -110.5
116.553 -81.3101 -110.5
116.745 -81.1035 -110.5
118.59 -78.9551 -110.5
118.701 -78.8262 -110.5
120.384 -76.8066 -110.5
120.85 -76.1995 -110.5
122.031 -74.6582 -110.5
122.998 -73.3398 -110.5
123.587 -72.5098 -110.5
125.043 -70.3613 -110.5
125.147 -70.2002 -110.5
126.389 -68.2129 -110.5
127.295 -66.6864 -110.5
127.664 -66.0644 -110.5
128.89 -63.916 -110.5
129.443 -62.8418 -110.5
129.981 -61.7676 -110.5
130.992 -59.6191 -110.5
131.592 -58.2585 -110.5
131.939 -57.4707 -110.5
132.824 -55.3223 -110.5
133.646 -53.1738 -110.5
133.74 -52.9053 -110.5
134.404 -51.0254 -110.5
135.099 -48.8769 -110.5
135.726 -46.7285 -110.5
135.889 -46.1317 -110.5
136.299 -44.5801 -110.5
136.833 -42.4316 -110.5
137.354 -40.2832 -110.5
137.874 -38.1347 -110.5
138.037 -37.3674 -110.5
138.33 -35.9863 -110.5
138.701 -33.8379 -110.5
139.017 -31.6894 -110.5
139.242 -29.541 -110.5
139.396 -27.3926 -110.5
139.48 -25.2441 -110.5
139.522 -23.0957 -110.5
139.522 -20.9472 -110.5
139.459 -18.7988 -110.5
139.396 -16.6504 -110.5
139.269 -14.5019 -110.5
139.143 -12.3535 -110.5
138.953 -10.205 -110.5
138.701 -8.05661 -110.5
138.436 -5.90817 -110.5
138.069 -3.75973 -110.5
138.037 -3.5807 -110.5
137.69 -1.6113 -110.5
137.311 0.537142 -110.5
136.868 2.68558 -110.5
136.363 4.83402 -110.5
135.889 6.62438 -110.5
135.791 6.98246 -110.5
135.162 9.13089 -110.5
134.53 11.2793 -110.5
133.773 13.4278 -110.5
133.74 13.5173 -110.5
132.992 15.5762 -110.5
132.145 17.7246 -110.5
131.592 19.0291 -110.5
131.223 19.8731 -110.5
130.257 22.0215 -110.5
129.443 23.7 -110.5
129.208 24.17 -110.5
128.201 26.3184 -110.5
127.295 28.1311 -110.5
127.122 28.4668 -110.5
126.013 30.6153 -110.5
125.147 32.2937 -110.5
124.904 32.7637 -110.5
123.726 34.9122 -110.5
122.998 36.2391 -110.5
122.548 37.0606 -110.5
121.369 39.209 -110.5
120.85 40.1042 -110.5
120.098 41.3575 -110.5
118.737 43.5059 -110.5
118.701 43.5624 -110.5
117.376 45.6543 -110.5
116.553 46.8897 -110.5
115.901 47.8028 -110.5
114.404 49.7978 -110.5
114.293 49.9512 -110.5
112.678 52.0997 -110.5
112.256 52.6134 -110.5
110.863 54.2481 -110.5
110.107 55.1355 -110.5
108.992 56.3965 -110.5
107.959 57.5155 -110.5
106.971 58.545 -110.5
105.811 59.7535 -110.5
104.871 60.6934 -110.5
103.662 61.9019 -110.5
102.76 62.8419 -110.5
101.514 64.0879 -110.5
100.574 64.9903 -110.5
99.3653 66.1988 -110.5
98.3845 67.1387 -110.5
97.2169 68.1716 -110.5
95.8985 69.2872 -110.5
95.0684 69.9895 -110.5
93.2781 71.4356 -110.5
92.92 71.7248 -110.5
90.7715 73.3055 -110.5
90.3758 73.584 -110.5
88.6231 74.7734 -110.5
87.1311 75.7325 -110.5
86.4747 76.1399 -110.5
84.3262 77.3253 -110.5
83.252 77.8809 -110.5
82.1778 78.418 -110.5
80.0294 79.4206 -110.5
78.5075 80.0294 -110.5
77.8809 80.2719 -110.5
75.7325 81.1036 -110.5
73.584 81.8555 -110.5
72.6172 82.1778 -110.5
71.4356 82.5471 -110.5
69.2872 83.1513 -110.5
67.1387 83.6884 -110.5
64.9903 84.2223 -110.5
64.5299 84.3262 -110.5
62.8419 84.6955 -110.5
60.6934 85.0983 -110.5
58.545 85.434 -110.5
56.3965 85.7697 -110.5
54.2481 86.0383 -110.5
52.0997 86.1817 -110.5
49.9512 86.3068 -110.5
47.8028 86.374 -110.5
45.6543 86.3068 -110.5
43.5059 86.1725 -110.5
41.3575 85.9711 -110.5
39.209 85.7026 -110.5
37.0606 85.3311 -110.5
34.9122 84.8969 -110.5
32.7637 84.4302 -110.5
32.3033 84.3262 -110.5
30.6153 83.9451 -110.5
28.4668 83.3906 -110.5
26.3184 82.8362 -110.5
24.17 82.2818 -110.5
23.7671 82.1778 -110.5
22.0215 81.7273 -110.5
19.8731 81.1371 -110.5
17.7246 80.5491 -110.5
15.7105 80.0294 -110.5
15.5762 79.9947 -110.5
13.4278 79.4403 -110.5
11.2793 78.9551 -110.5
9.13089 78.5187 -110.5
6.98246 78.183 -110.5
4.83402 77.9145 -110.5
3.7598 77.8809 -110.5
2.68558 77.8473 -110.5
1.61136 77.8809 -110.5
0.537142 77.9135 -110.5
-1.6113 78.0488 -110.5
-3.75973 78.3845 -110.5
-5.90817 78.8165 -110.5
-8.05661 79.371 -110.5
-10.205 79.9935 -110.5
-10.3244 80.0294 -110.5
-12.3535 80.6184 -110.5
-14.5019 81.2422 -110.5
-16.6504 81.8659 -110.5
-17.7246 82.1778 -110.5
-18.7988 82.4897 -110.5
-20.9472 83.017 -110.5
-23.0957 83.5292 -110.5
-25.2441 83.9451 -110.5
-27.2135 84.3262 -110.5
-27.3926 84.3609 -110.5
-29.541 84.7626 -110.5
-31.6894 85.0983 -110.5
-33.8379 85.434 -110.5
-35.9863 85.7026 -110.5
-38.1347 85.9711 -110.5
-40.2832 86.2321 -110.5
-42.4316 86.374 -110.5
-44.043 86.4747 -110.5
-44.5801 86.5093 -110.5
-46.7285 86.6425 -110.5
-48.8769 86.7097 -110.5
-51.0254 86.7172 -110.5
-53.1738 86.7172 -110.5
-55.3223 86.6479 -110.5
-57.4707 86.5754 -110.5
-58.5449 86.4747 -110.5
-59.6191 86.374 -110.5
-61.7676 86.1628 -110.5
-63.916 85.904 -110.5
-66.0644 85.5012 -110.5
-68.2129 85.1232 -110.5
-70.3613 84.6381 -110.5
-71.5698 84.3262 -110.5
-72.5098 84.0837 -110.5
-74.6582 83.4599 -110.5
-76.8066 82.6976 -110.5
-78.1494 82.1778 -110.5
-78.9551 81.8555 -110.5
-81.1035 80.8529 -110.5
-82.7506 80.0294 -110.5
-83.252 79.7701 -110.5
-85.4004 78.5847 -110.5
-86.5343 77.8809 -110.5
-87.5488 77.2287 -110.5
-89.6973 75.8476 -110.5
-89.8584 75.7325 -110.5
-91.8457 74.2604 -110.5
-92.7588 73.584 -110.5
-93.9941 72.669 -110.5
-95.5799 71.4356 -110.5
-96.1426 70.998 -110.5
-98.291 69.327 -110.5
-98.3398 69.2872 -110.5
-100.439 67.5106 -110.5
-100.879 67.1387 -110.5
-102.588 65.6927 -110.5
-103.382 64.9903 -110.5
-104.736 63.7442 -110.5
-105.717 62.8419 -110.5
-106.885 61.7229 -110.5
-107.914 60.6934 -110.5
-109.033 59.5258 -110.5
-109.936 58.545 -110.5
-111.182 57.1905 -110.5
-111.884 56.3965 -110.5
-113.33 54.6876 -110.5
-113.688 54.2481 -110.5
-115.355 52.0997 -110.5
-115.479 51.9385 -110.5
-116.951 49.9512 -110.5
-117.627 48.9901 -110.5
-118.433 47.8028 -110.5
-119.775 45.824 -110.5
-119.89 45.6543 -110.5
-121.22 43.5059 -110.5
-121.924 42.3053 -110.5
-122.499 41.3575 -110.5
-123.727 39.209 -110.5
-124.072 38.5645 -110.5
-124.824 37.0606 -110.5
-125.887 34.9122 -110.5
-126.221 34.2216 -110.5
-126.901 32.7637 -110.5
-127.832 30.6153 -110.5
-128.369 29.3758 -110.5
-128.75 28.4668 -110.5
-129.622 26.3184 -110.5
-130.414 24.17 -110.5
-130.518 23.9014 -110.5
-131.223 22.0215 -110.5
-131.938 19.8731 -110.5
-132.631 17.7246 -110.5
-132.666 17.6172 -110.5
-133.324 15.5762 -110.5
-134.017 13.4278 -110.5
-134.641 11.2793 -110.5
-134.814 10.6825 -110.5
-135.265 9.13089 -110.5
-135.855 6.98246 -110.5
-136.443 4.83402 -110.5
-136.963 2.81986 -110.5
-136.996 2.68558 -110.5
-137.466 0.537142 -110.5
-137.936 -1.6113 -110.5
-138.406 -3.75973 -110.5
-138.809 -5.90817 -110.5
-139.111 -7.5195 -110.5
-139.215 -8.05661 -110.5
-139.615 -10.205 -110.5
-139.978 -12.3535 -110.5
-140.353 -14.5019 -110.5
-140.671 -16.6504 -110.5
-140.948 -18.7988 -110.5
-141.156 -20.9472 -110.5
-141.225 -23.0957 -110.5
-141.26 -24.1699 -110.5
-141.296 -25.2441 -110.5
-141.364 -27.3926 -110.5
-141.296 -29.541 -110.5
-141.26 -30.6152 -110.5
-141.225 -31.6894 -110.5
-141.087 -33.8379 -110.5
-140.879 -35.9863 -110.5
-140.532 -38.1347 -110.5
-140.085 -40.2832 -110.5
-139.548 -42.4316 -110.5
-139.111 -43.9833 -110.5
-138.938 -44.5801 -110.5
-138.205 -46.7285 -110.5
-137.413 -48.8769 -110.5
-136.963 -49.9512 -110.5
-136.512 -51.0254 -110.5
-135.611 -53.1738 -110.5
-134.814 -54.821 -110.5
-134.564 -55.3223 -110.5
-133.49 -57.4707 -110.5
-132.666 -58.924 -110.5
-132.259 -59.6191 -110.5
-130.999 -61.7676 -110.5
-130.518 -62.5434 -110.5
-129.603 -63.916 -110.5
-128.369 -65.6687 -110.5
-128.091 -66.0644 -110.5
-126.51 -68.2129 -110.5
-126.221 -68.5889 -110.5
-124.857 -70.3613 -110.5
-124.072 -71.3332 -110.5
-123.122 -72.5098 -110.5
-121.924 -73.9258 -110.5
-121.304 -74.6582 -110.5
-119.775 -76.4648 -110.5
-119.486 -76.8066 -110.5
-117.668 -78.9551 -110.5
-117.627 -78.9998 -110.5
-115.757 -81.1035 -110.5
-115.479 -81.4043 -110.5
-113.702 -83.252 -110.5
-113.33 -83.6238 -110.5
-111.482 -85.4004 -110.5
-111.182 -85.6789 -110.5
-109.162 -87.5488 -110.5
-109.033 -87.6639 -110.5
-106.885 -89.4287 -110.5
-106.558 -89.6973 -110.5
-104.736 -91.1419 -110.5
-103.764 -91.8457 -110.5
-102.588 -92.6977 -110.5
-100.708 -93.9941 -110.5
-100.439 -94.1794 -110.5
-98.291 -95.6771 -110.5
-97.5928 -96.1426 -110.5
-96.1426 -97.1094 -110.5
-94.2768 -98.291 -110.5
-93.9941 -98.4701 -110.5
-91.8457 -99.7811 -110.5
-90.7118 -100.439 -110.5
-89.6973 -101.029 -110.5
-87.5488 -102.219 -110.5
-86.8537 -102.588 -110.5
-85.4004 -103.36 -110.5
-83.252 -104.367 -110.5
-82.4642 -104.736 -110.5
-81.1035 -105.355 -110.5
-78.9551 -106.266 -110.5
-77.4972 -106.885 -110.5
-76.8066 -107.178 -110.5
-74.6582 -108.024 -110.5
-72.5098 -108.865 -110.5
-72.0622 -109.033 -110.5
-70.3613 -109.652 -110.5
-68.2129 -110.433 -110.5
-66.0644 -111.149 -110.5
-65.9668 -111.182 -110.5
-63.916 -111.845 -110.5
-61.7676 -112.54 -110.5
-59.6191 -113.167 -110.5
-59.0223 -113.33 -110.5
-57.4707 -113.741 -110.5
-55.3223 -114.282 -110.5
-53.1738 -114.752 -110.5
-51.0254 -115.202 -110.5
-49.6442 -115.479 -110.5
-48.8769 -115.636 -110.5
-46.7285 -116 -110.5
-44.5801 -116.268 -110.5
-42.4316 -116.521 -110.5
-40.2832 -116.737 -110.5
-38.1347 -116.9 -110.5
-35.9863 -117.027 -110.5
-33.8379 -117.09 -110.5
-31.6894 -117.105 -110.5
-29.541 -117.105 -110.5
-27.3926 -117.044 -110.5
-25.2441 -116.963 -110.5
-23.0957 -116.9 -110.5
-20.9472 -116.774 -110.5
-18.7988 -116.711 -110.5
-16.6504 -116.584 -110.5
-14.5019 -116.521 -110.5
-12.3535 -116.458 -110.5
-10.205 -116.395 -110.5
-8.05661 -116.369 -110.5
-5.90817 -116.332 -110.5
-3.75973 -116.332 -110.5
-1.6113 -116.395 -110.5
0.537142 -116.458 -110.5
2.68558 -116.584 -110.5
4.83402 -116.798 -110.5
6.98246 -117.044 -110.5
9.13089 -117.351 -110.5
11.2793 -117.597 -110.5
11.5479 -117.627 -110.5
