17.7246 -119.81 -35.5
19.8731 -119.949 -35.5
22.0215 -120.087 -35.5
24.17 -120.226 -35.5
26.3184 -120.364 -35.5
28.4668 -120.503 -35.5
30.6153 -120.572 -35.5
32.7637 -120.642 -35.5
34.9122 -120.642 -35.5
37.0606 -120.642 -35.5
39.209 -120.572 -35.5
41.3575 -120.434 -35.5
43.5059 -120.295 -35.5
45.6543 -120.087 -35.5
47.8028 -119.879 -35.5
48.6084 -119.775 -35.5
49.9512 -119.602 -35.5
52.0997 -119.272 -35.5
54.2481 -118.936 -35.5
56.3965 -118.563 -35.5
58.545 -118.147 -35.5
60.6934 -117.728 -35.5
61.1538 -117.627 -35.5
62.8419 -117.246 -35.5
64.9903 -116.721 -35.5
67.1387 -116.206 -35.5
69.2872 -115.646 -35.5
69.884 -115.479 -35.5
71.4356 -115.028 -35.5
73.584 -114.438 -35.5
75.7325 -113.766 -35.5
76.8962 -113.33 -35.5
77.8809 -112.949 -35.5
80.0294 -112.187 -35.5
82.1778 -111.286 -35.5
82.4257 -111.182 -35.5
84.3262 -110.358 -35.5
86.4747 -109.355 -35.5
87.1652 -109.033 -35.5
88.6231 -108.329 -35.5
90.7715 -107.292 -35.5
91.5593 -106.885 -35.5
92.92 -106.181 -35.5
95.0684 -105.07 -35.5
95.6727 -104.736 -35.5
97.2169 -103.854 -35.5
99.3653 -102.626 -35.5
99.4285 -102.588 -35.5
101.514 -101.322 -35.5
102.886 -100.439 -35.5
103.662 -99.9222 -35.5
105.811 -98.4104 -35.5
105.98 -98.291 -35.5
107.959 -96.8985 -35.5
108.98 -96.1426 -35.5
110.107 -95.2749 -35.5
111.693 -93.9941 -35.5
112.256 -93.5397 -35.5
114.258 -91.8457 -35.5
114.404 -91.7168 -35.5
116.553 -89.7402 -35.5
116.6 -89.6973 -35.5
118.701 -87.6831 -35.5
118.836 -87.5488 -35.5
120.85 -85.5347 -35.5
120.974 -85.4004 -35.5
122.874 -83.252 -35.5
122.998 -83.1055 -35.5
124.692 -81.1035 -35.5
125.147 -80.5664 -35.5
126.459 -78.9551 -35.5
127.295 -77.8271 -35.5
128.051 -76.8066 -35.5
129.443 -74.7179 -35.5
129.482 -74.6582 -35.5
130.863 -72.5098 -35.5
131.592 -71.3092 -35.5
132.148 -70.3613 -35.5
133.259 -68.2129 -35.5
133.74 -67.2819 -35.5
134.349 -66.0644 -35.5
135.352 -63.916 -35.5
135.889 -62.6765 -35.5
136.283 -61.7676 -35.5
137.171 -59.6191 -35.5
138.001 -57.4707 -35.5
138.037 -57.373 -35.5
138.742 -55.3223 -35.5
139.389 -53.1738 -35.5
140.012 -51.0254 -35.5
140.186 -50.354 -35.5
140.567 -48.8769 -35.5
141.052 -46.7285 -35.5
141.468 -44.5801 -35.5
141.831 -42.4316 -35.5
142.161 -40.2832 -35.5
142.334 -38.4928 -35.5
142.369 -38.1347 -35.5
142.577 -35.9863 -35.5
142.715 -33.8379 -35.5
142.785 -31.6894 -35.5
142.854 -29.541 -35.5
142.923 -27.3926 -35.5
142.923 -25.2441 -35.5
142.854 -23.0957 -35.5
142.785 -20.9472 -35.5
142.646 -18.7988 -35.5
142.577 -16.6504 -35.5
142.441 -14.5019 -35.5
142.37 -12.3535 -35.5
142.334 -11.2793 -35.5
142.299 -10.205 -35.5
142.23 -8.05661 -35.5
142.099 -5.90817 -35.5
141.965 -3.75973 -35.5
141.716 -1.6113 -35.5
141.495 0.537142 -35.5
141.195 2.68558 -35.5
140.869 4.83402 -35.5
140.488 6.98246 -35.5
140.186 8.91605 -35.5
140.151 9.13089 -35.5
139.682 11.2793 -35.5
139.212 13.4278 -35.5
138.742 15.5762 -35.5
138.205 17.7246 -35.5
138.037 18.3214 -35.5
137.587 19.8731 -35.5
137.032 22.0215 -35.5
136.409 24.17 -35.5
135.889 25.7813 -35.5
135.715 26.3184 -35.5
135.022 28.4668 -35.5
134.329 30.6153 -35.5
133.74 32.2754 -35.5
133.567 32.7637 -35.5
132.834 34.9122 -35.5
132.042 37.0606 -35.5
131.592 38.2243 -35.5
131.211 39.209 -35.5
130.379 41.3575 -35.5
129.478 43.5059 -35.5
129.443 43.5826 -35.5
128.508 45.6543 -35.5
127.546 47.8028 -35.5
127.295 48.3399 -35.5
126.543 49.9512 -35.5
125.469 52.0997 -35.5
125.147 52.7442 -35.5
124.369 54.2481 -35.5
123.257 56.3965 -35.5
122.998 56.8665 -35.5
122.072 58.545 -35.5
120.887 60.6934 -35.5
120.85 60.7566 -35.5
119.584 62.8419 -35.5
118.701 64.2952 -35.5
118.279 64.9903 -35.5
116.821 67.1387 -35.5
116.553 67.5147 -35.5
115.24 69.2872 -35.5
114.404 70.3614 -35.5
113.537 71.4356 -35.5
112.256 72.8835 -35.5
111.611 73.584 -35.5
110.107 75.1506 -35.5
109.5 75.7325 -35.5
107.959 77.2095 -35.5
107.227 77.8809 -35.5
105.811 79.0791 -35.5
104.575 80.0294 -35.5
103.662 80.7057 -35.5
101.57 82.1778 -35.5
101.514 82.2162 -35.5
99.3653 83.5206 -35.5
97.9554 84.3262 -35.5
97.2169 84.7337 -35.5
95.0684 85.7709 -35.5
93.6106 86.4747 -35.5
92.92 86.7969 -35.5
90.7715 87.6563 -35.5
88.6231 88.5157 -35.5
88.3008 88.6231 -35.5
86.4747 89.2318 -35.5
84.3262 89.948 -35.5
82.1778 90.5983 -35.5
81.5064 90.7715 -35.5
80.0294 91.1527 -35.5
77.8809 91.6779 -35.5
75.7325 92.123 -35.5
73.584 92.5388 -35.5
71.4356 92.8853 -35.5
71.2208 92.92 -35.5
69.2872 93.2221 -35.5
67.1387 93.5091 -35.5
64.9903 93.8264 -35.5
62.8419 94.1328 -35.5
60.6934 94.3635 -35.5
58.545 94.632 -35.5
56.3965 94.8334 -35.5
54.2481 95.0338 -35.5
53.1739 95.0684 -35.5
52.0997 95.1031 -35.5
49.9512 95.1724 -35.5
47.8028 95.1758 -35.5
45.6543 95.2475 -35.5
43.5059 95.2417 -35.5
41.3575 95.1758 -35.5
39.209 95.1031 -35.5
38.6719 95.0684 -35.5
37.0606 94.9645 -35.5
34.9122 94.7566 -35.5
32.7637 94.4793 -35.5
30.6153 94.1328 -35.5
28.4668 93.7592 -35.5
26.3184 93.4235 -35.5
24.17 93.0239 -35.5
23.5254 92.92 -35.5
22.0215 92.685 -35.5
19.8731 92.4002 -35.5
17.7246 92.0808 -35.5
15.5762 91.8122 -35.5
13.4278 91.5685 -35.5
11.2793 91.3606 -35.5
9.13089 91.222 -35.5
6.98246 91.0834 -35.5
4.83402 91.0065 -35.5
2.68558 90.9394 -35.5
0.537142 90.9394 -35.5
-1.6113 90.9394 -35.5
-3.75973 90.9394 -35.5
-5.90817 91.0065 -35.5
-8.05661 91.0834 -35.5
-10.205 91.222 -35.5
-12.3535 91.4765 -35.5
-14.5019 91.7072 -35.5
-16.6504 92.0537 -35.5
-18.7988 92.4002 -35.5
-20.9472 92.816 -35.5
-21.5918 92.92 -35.5
-23.0957 93.1626 -35.5
-25.2441 93.5578 -35.5
-27.3926 93.9606 -35.5
-29.541 94.2963 -35.5
-31.6894 94.6179 -35.5
-33.8379 94.8259 -35.5
-35.9863 95.0338 -35.5
-37.0605 95.0684 -35.5
-38.1347 95.1042 -35.5
-40.2832 95.1758 -35.5
-42.4316 95.2475 -35.5
-44.5801 95.2475 -35.5
-46.7285 95.2475 -35.5
-48.8769 95.2475 -35.5
-51.0254 95.2475 -35.5
-53.1738 95.1758 -35.5
-55.3223 95.1724 -35.5
-57.4707 95.1031 -35.5
-58.5449 95.0684 -35.5
-59.6191 95.0338 -35.5
-61.7676 94.8334 -35.5
-63.916 94.6873 -35.5
-66.0644 94.4306 -35.5
-68.2129 94.0949 -35.5
-70.3613 93.7592 -35.5
-72.5098 93.4235 -35.5
-74.6582 92.9546 -35.5
-74.8117 92.92 -35.5
-76.8066 92.4695 -35.5
-78.9551 91.9844 -35.5
-81.1035 91.4094 -35.5
-83.1445 90.7715 -35.5
-83.252 90.7369 -35.5
-85.4004 90.0912 -35.5
-87.5488 89.3034 -35.5
-89.4043 88.6231 -35.5
-89.6973 88.5157 -35.5
-91.8457 87.5847 -35.5
-93.9941 86.5821 -35.5
-94.1956 86.4747 -35.5
-96.1426 85.4005 -35.5
-97.9751 84.3262 -35.5
-98.291 84.1344 -35.5
-100.439 82.695 -35.5
-101.138 82.1778 -35.5
-102.588 81.1036 -35.5
-103.906 80.0294 -35.5
-104.736 79.327 -35.5
-106.371 77.8809 -35.5
-106.885 77.4083 -35.5
-108.63 75.7325 -35.5
-109.033 75.3296 -35.5
-110.709 73.584 -35.5
-111.182 73.0703 -35.5
-112.628 71.4356 -35.5
-113.33 70.6055 -35.5
-114.446 69.2872 -35.5
-115.479 68.0083 -35.5
-116.155 67.1387 -35.5
-117.627 65.1514 -35.5
-117.746 64.9903 -35.5
-119.277 62.8419 -35.5
-119.775 62.1069 -35.5
-120.701 60.6934 -35.5
-121.924 58.724 -35.5
-122.035 58.545 -35.5
-123.22 56.3965 -35.5
-124.072 54.8523 -35.5
-124.406 54.2481 -35.5
-125.517 52.0997 -35.5
-126.221 50.6418 -35.5
-126.543 49.9512 -35.5
-127.546 47.8028 -35.5
-128.369 45.9022 -35.5
-128.473 45.6543 -35.5
-129.305 43.5059 -35.5
-130.067 41.3575 -35.5
-130.518 40.0879 -35.5
-130.829 39.209 -35.5
-131.523 37.0606 -35.5
-132.216 34.9122 -35.5
-132.666 33.5157 -35.5
-132.901 32.7637 -35.5
-133.532 30.6153 -35.5
-134.156 28.4668 -35.5
-134.78 26.3184 -35.5
-134.814 26.199 -35.5
-135.385 24.17 -35.5
-135.958 22.0215 -35.5
-136.512 19.8731 -35.5
-136.963 18.1275 -35.5
-137.067 17.7246 -35.5
-137.601 15.5762 -35.5
-138.138 13.4278 -35.5
-138.608 11.2793 -35.5
-139.111 9.26517 -35.5
-139.145 9.13089 -35.5
-139.615 6.98246 -35.5
-140.085 4.83402 -35.5
-140.555 2.68558 -35.5
-141.017 0.537142 -35.5
-141.26 -0.537078 -35.5
-141.495 -1.6113 -35.5
-141.898 -3.75973 -35.5
-142.334 -5.90817 -35.5
-142.703 -8.05661 -35.5
-143.039 -10.205 -35.5
-143.374 -12.3535 -35.5
-143.408 -12.7116 -35.5
-143.581 -14.5019 -35.5
-143.845 -16.6504 -35.5
-144.046 -18.7988 -35.5
-144.18 -20.9472 -35.5
-144.315 -23.0957 -35.5
-144.382 -25.2441 -35.5
-144.382 -27.3926 -35.5
-144.315 -29.541 -35.5
-144.247 -31.6894 -35.5
-144.136 -33.8379 -35.5
-143.997 -35.9863 -35.5
-143.789 -38.1347 -35.5
-143.581 -40.2832 -35.5
-143.408 -42.0736 -35.5
-143.374 -42.4316 -35.5
-143.096 -44.5801 -35.5
-142.703 -46.7285 -35.5
-142.233 -48.8769 -35.5
-141.696 -51.0254 -35.5
-141.26 -52.577 -35.5
-141.087 -53.1738 -35.5
-140.393 -55.3223 -35.5
-139.631 -57.4707 -35.5
-139.111 -58.9355 -35.5
-138.869 -59.6191 -35.5
-138.037 -61.7676 -35.5
-137.136 -63.916 -35.5
-136.963 -64.2997 -35.5
-136.166 -66.0644 -35.5
-135.137 -68.2129 -35.5
-134.814 -68.8171 -35.5
-133.963 -70.3613 -35.5
-132.777 -72.5098 -35.5
-132.666 -72.6888 -35.5
-131.353 -74.6582 -35.5
-130.518 -75.8455 -35.5
-129.865 -76.8066 -35.5
-128.369 -78.9014 -35.5
-128.328 -78.9551 -35.5
-126.593 -81.1035 -35.5
-126.221 -81.543 -35.5
-124.775 -83.252 -35.5
-124.072 -84.0459 -35.5
-122.774 -85.4004 -35.5
-121.924 -86.2878 -35.5
-120.663 -87.5488 -35.5
-119.775 -88.3993 -35.5
-118.359 -89.6973 -35.5
-117.627 -90.317 -35.5
-115.82 -91.8457 -35.5
-115.479 -92.1349 -35.5
-113.33 -93.7952 -35.5
-113.062 -93.9941 -35.5
-111.182 -95.3866 -35.5
-110.161 -96.1426 -35.5
-109.033 -96.9482 -35.5
-107.054 -98.291 -35.5
-106.885 -98.4061 -35.5
-104.736 -99.7873 -35.5
-103.662 -100.439 -35.5
-102.588 -101.069 -35.5
-100.439 -102.329 -35.5
-99.9695 -102.588 -35.5
-98.291 -103.483 -35.5
-96.1426 -104.551 -35.5
-95.7589 -104.736 -35.5
-93.9941 -105.56 -35.5
-91.8457 -106.563 -35.5
-91.102 -106.885 -35.5
-89.6973 -107.474 -35.5
-87.5488 -108.375 -35.5
-85.848 -109.033 -35.5
-85.4004 -109.206 -35.5
-83.252 -109.969 -35.5
-81.1035 -110.662 -35.5
-79.4922 -111.182 -35.5
-78.9551 -111.355 -35.5
-76.8066 -111.979 -35.5
-74.6582 -112.558 -35.5
-72.5098 -113.088 -35.5
-71.5698 -113.33 -35.5
-70.3613 -113.632 -35.5
-68.2129 -114.035 -35.5
-66.0644 -114.438 -35.5
-63.916 -114.82 -35.5
-61.7676 -115.167 -35.5
-59.6191 -115.444 -35.5
-59.3506 -115.479 -35.5
-57.4707 -115.721 -35.5
-55.3223 -115.982 -35.5
-53.1738 -116.251 -35.5
-51.0254 -116.519 -35.5
-48.8769 -116.721 -35.5
-46.7285 -116.943 -35.5
-44.5801 -117.191 -35.5
-42.4316 -117.392 -35.5
-40.2832 -117.523 -35.5
-38.1347 -117.593 -35.5
-37.5976 -117.627 -35.5
-35.9863 -117.728 -35.5
-33.8379 -117.731 -35.5
-31.6894 -117.8 -35.5
-29.541 -117.8 -35.5
-27.3926 -117.8 -35.5
-25.2441 -117.8 -35.5
-23.0957 -117.8 -35.5
-20.9472 -117.8 -35.5
-18.7988 -117.734 -35.5
-16.6504 -117.663 -35.5
-14.5019 -117.663 -35.5
-13.4277 -117.627 -35.5
-12.3535 -117.591 -35.5
-10.205 -117.591 -35.5
-8.05661 -117.591 -35.5
-6.98239 -117.627 -35.5
-5.90817 -117.663 -35.5
-3.75973 -117.734 -35.5
-1.6113 -117.878 -35.5
0.537142 -118.077 -35.5
2.68558 -118.285 -35.5
4.83402 -118.533 -35.5
6.98246 -118.802 -35.5
9.13089 -119.07 -35.5
11.2793 -119.272 -35.5
13.4278 -119.473 -35.5
15.5762 -119.671 -35.5
17.1875 -119.775 -35.5
