-33.8379 -87.5824 107
-31.6894 -87.6495 107
-29.541 -87.7167 107
-27.3926 -87.7767 107
-25.2441 -87.7838 107
-23.0957 -87.7838 107
-20.9472 -87.7167 107
-18.7988 -87.6495 107
-17.1875 -87.5488 107
-16.6504 -87.5153 107
-14.5019 -87.381 107
-12.3535 -87.1796 107
-10.205 -86.911 107
-8.05661 -86.7096 107
-5.90817 -86.5082 107
-3.75973 -86.3739 107
-1.6113 -86.2667 107
0.537142 -86.2667 107
2.68558 -86.3739 107
4.83402 -86.5439 107
6.98246 -86.7518 107
9.13089 -87.029 107
11.2793 -87.3063 107
13.1592 -87.5488 107
13.4278 -87.5824 107
15.5762 -87.7838 107
17.7246 -87.9852 107
19.8731 -88.1195 107
22.0215 -88.2072 107
24.17 -88.2765 107
26.3184 -88.3458 107
28.4668 -88.3458 107
30.6153 -88.3458 107
32.7637 -88.3458 107
34.9122 -88.3209 107
37.0606 -88.2765 107
39.209 -88.1866 107
41.3575 -88.0686 107
43.5059 -87.93 107
45.6543 -87.7914 107
47.8028 -87.6495 107
48.6084 -87.5488 107
49.9512 -87.381 107
52.0997 -87.1677 107
54.2481 -86.8904 107
56.3965 -86.6425 107
58.545 -86.336 107
60.6934 -86.0382 107
62.8419 -85.7123 107
64.7754 -85.4004 107
64.9903 -85.3657 107
67.1387 -85.0192 107
69.2872 -84.6283 107
71.4356 -84.1583 107
73.584 -83.7555 107
75.5982 -83.252 107
75.7325 -83.2173 107
77.8809 -82.6813 107
80.0294 -82.1442 107
82.1778 -81.5399 107
83.7294 -81.1035 107
84.3262 -80.9303 107
86.4747 -80.2372 107
88.6231 -79.5442 107
90.2833 -78.9551 107
90.7715 -78.7818 107
92.92 -78.0195 107
95.0684 -77.1878 107
96.0531 -76.8066 107
97.2169 -76.3411 107
99.3653 -75.4818 107
101.424 -74.6582 107
101.514 -74.6224 107
103.662 -73.7226 107
105.811 -72.7604 107
106.389 -72.5098 107
107.959 -71.8294 107
110.107 -70.8268 107
111.038 -70.3613 107
112.256 -69.7526 107
114.404 -68.6784 107
115.226 -68.2129 107
116.553 -67.435 107
118.701 -66.1795 107
118.891 -66.0644 107
120.85 -64.8751 107
122.263 -63.916 107
122.998 -63.3988 107
125.147 -61.8074 107
125.198 -61.7676 107
127.295 -60.0736 107
127.832 -59.6191 107
129.443 -58.2012 107
130.204 -57.4707 107
131.592 -56.0832 107
132.353 -55.3223 107
133.74 -53.8744 107
134.385 -53.1738 107
135.889 -51.5391 107
136.343 -51.0254 107
138.037 -49.1105 107
138.252 -48.8769 107
140.186 -46.7752 107
140.23 -46.7285 107
142.334 -44.6248 107
142.379 -44.5801 107
144.483 -42.5605 107
144.629 -42.4316 107
146.631 -40.8004 107
147.329 -40.2832 107
148.779 -39.2831 107
150.861 -38.1347 107
150.928 -38.0977 107
153.076 -37.1298 107
155.225 -36.4227 107
157.22 -35.9863 107
157.373 -35.9527 107
159.522 -35.6282 107
161.67 -35.3678 107
163.818 -35.2376 107
165.967 -35.1074 107
168.115 -34.9772 107
170.264 -34.8785 107
172.412 -34.6771 107
174.561 -34.4757 107
176.709 -34.219 107
178.858 -33.8725 107
179.072 -33.8379 107
181.006 -33.5156 107
183.154 -32.9716 107
185.303 -32.2982 107
186.963 -31.6894 107
187.451 -31.5042 107
189.6 -30.5411 107
191.533 -29.541 107
191.748 -29.4259 107
193.897 -28.0689 107
194.81 -27.3926 107
196.045 -26.4775 107
197.559 -25.2441 107
198.193 -24.6855 107
199.922 -23.0957 107
200.342 -22.6928 107
202.018 -20.9472 107
202.49 -20.4335 107
203.994 -18.7988 107
204.639 -18.0315 107
205.754 -16.6504 107
206.787 -15.3076 107
207.363 -14.5019 107
208.821 -12.3535 107
208.936 -12.1639 107
210.084 -10.205 107
211.084 -8.27146 107
211.192 -8.05661 107
212.123 -5.90817 107
212.982 -3.75973 107
213.233 -3.00778 107
213.669 -1.6113 107
214.237 0.537142 107
214.723 2.68558 107
215.138 4.83402 107
215.381 6.33792 107
215.485 6.98246 107
215.75 9.13089 107
215.901 11.2793 107
216.039 13.4278 107
216.039 15.5762 107
216.039 17.7246 107
215.97 19.8731 107
215.885 22.0215 107
215.693 24.17 107
215.416 26.3184 107
215.381 26.5332 107
215.059 28.4668 107
214.584 30.6153 107
213.96 32.7637 107
213.268 34.9122 107
213.233 35.0017 107
212.409 37.0606 107
211.417 39.209 107
211.084 39.8536 107
210.278 41.3575 107
208.974 43.5059 107
208.936 43.5624 107
207.464 45.6543 107
206.787 46.524 107
205.713 47.8028 107
204.639 49.0235 107
203.788 49.9512 107
202.49 51.2492 107
201.603 52.0997 107
200.342 53.2598 107
199.219 54.2481 107
198.193 55.0836 107
196.421 56.3965 107
196.045 56.675 107
193.897 58.123 107
193.24 58.545 107
191.748 59.471 107
189.6 60.6564 107
189.533 60.6934 107
187.451 61.8034 107
185.374 62.8419 107
185.303 62.8777 107
183.154 63.8803 107
181.006 64.9532 107
180.929 64.9903 107
178.858 65.9571 107
176.709 67.1017 107
176.637 67.1387 107
174.561 68.2129 107
172.614 69.2872 107
172.412 69.3983 107
170.264 70.7067 107
169.063 71.4356 107
168.115 72.0111 107
165.967 73.3247 107
165.549 73.584 107
163.818 74.6583 107
161.871 75.7325 107
161.67 75.8436 107
159.522 77.029 107
157.874 77.8809 107
157.373 78.1402 107
155.225 79.2515 107
153.613 80.0294 107
153.076 80.28 107
150.928 81.2826 107
149.01 82.1778 107
148.779 82.2818 107
146.631 83.1513 107
144.483 84.0144 107
143.677 84.3262 107
142.334 84.8298 107
140.186 85.5683 107
138.037 86.3068 107
137.5 86.4747 107
135.889 86.9782 107
133.74 87.6496 107
131.592 88.3112 107
130.383 88.6231 107
129.443 88.8657 107
127.295 89.4894 107
125.147 90.0439 107
122.998 90.5983 107
122.327 90.7715 107
120.85 91.1408 107
118.701 91.6108 107
116.553 92.0808 107
114.404 92.5388 107
112.716 92.92 107
112.256 93.0207 107
110.107 93.4398 107
107.959 93.8556 107
105.811 94.2714 107
103.662 94.632 107
101.514 95.0338 107
101.335 95.0684 107
99.3653 95.4496 107
97.2169 95.8654 107
95.0684 96.3217 107
92.92 96.7664 107
90.925 97.2169 107
90.7715 97.2515 107
88.6231 97.6107 107
86.4747 98.0139 107
84.3262 98.3604 107
82.1778 98.7566 107
80.0294 99.1227 107
78.7761 99.3653 107
77.8809 99.5386 107
75.7325 99.8851 107
73.584 100.137 107
71.4356 100.272 107
69.2872 100.272 107
67.1387 100.137 107
64.9903 99.8688 107
62.8419 99.5386 107
61.9467 99.3653 107
60.6934 99.1146 107
58.545 98.7069 107
56.3965 98.3604 107
54.2481 98.0832 107
52.0997 97.8547 107
49.9512 97.598 107
47.8028 97.3901 107
46.46 97.2169 107
45.6543 97.1094 107
43.5059 96.823 107
41.3575 96.4649 107
39.209 96.1426 107
37.0606 95.8463 107
34.9122 95.55 107
32.7637 95.1796 107
32.2266 95.0684 107
30.6153 94.7462 107
28.4668 94.3165 107
26.3184 93.8152 107
24.17 93.3139 107
22.6929 92.92 107
22.0215 92.7409 107
19.8731 92.1923 107
17.7246 91.6667 107
15.5762 91.1527 107
13.8882 90.7715 107
13.4278 90.6676 107
11.2793 90.2009 107
9.13089 89.798 107
6.98246 89.4201 107
4.83402 89.0736 107
2.68558 88.791 107
0.895215 88.6231 107
0.537142 88.5895 107
-1.6113 88.3952 107
-3.75973 88.321 107
-5.90817 88.265 107
-8.05661 88.3881 107
-10.205 88.5895 107
-10.4736 88.6231 107
-12.3535 88.8581 107
-14.5019 89.2609 107
-16.6504 89.6638 107
-18.7988 90.1825 107
-20.9472 90.7357 107
-21.0815 90.7715 107
-23.0957 91.2751 107
-25.2441 91.8458 107
-27.3926 92.4002 107
-29.4067 92.92 107
-29.541 92.9536 107
-31.6894 93.4398 107
-33.8379 93.9606 107
-35.9863 94.3407 107
-38.1347 94.6873 107
-40.2832 94.8952 107
-42.0736 95.0684 107
-42.4316 95.1031 107
-44.5801 95.2417 107
-46.7285 95.3191 107
-48.8769 95.3907 107
-51.0254 95.4496 107
-53.1738 95.4496 107
-55.3223 95.4496 107
-57.4707 95.3907 107
-59.6191 95.3191 107
-61.7676 95.2475 107
-63.916 95.1758 107
-66.0644 95.1724 107
-68.2129 95.1031 107
-69.2871 95.0684 107
-70.3613 95.0338 107
-72.5098 94.9645 107
-74.6582 94.8334 107
-76.8066 94.632 107
-78.9551 94.4306 107
-81.1035 94.1621 107
-83.252 93.8935 107
-85.4004 93.6249 107
-87.5488 93.3564 107
-89.6973 93.0878 107
-91.04 92.92 107
-91.8457 92.816 107
-93.9941 92.5507 107
-96.1426 92.215 107
-98.291 91.8793 107
-100.439 91.5436 107
-102.588 91.1408 107
-104.557 90.7715 107
-104.736 90.7369 107
-106.885 90.3351 107
-109.033 89.9323 107
-111.182 89.4623 107
-113.33 89.0595 107
-115.479 88.6567 107
-115.632 88.6231 107
-117.627 88.1867 107
-119.775 87.7167 107
-121.924 87.2468 107
-124.072 86.7172 107
-125.146 86.4747 107
-126.221 86.2321 107
-128.369 85.6777 107
-130.518 85.1232 107
-132.666 84.5688 107
-133.502 84.3262 107
-134.814 83.9451 107
-136.963 83.3213 107
-139.111 82.6813 107
-140.576 82.1778 107
-141.26 81.9428 107
-143.408 81.2422 107
-145.557 80.4658 107
-146.631 80.0294 107
-147.705 79.5789 107
-149.854 78.6779 107
-151.501 77.8809 107
-152.002 77.6303 107
-154.15 76.556 107
-155.695 75.7325 107
-156.299 75.3872 107
-158.447 74.1397 107
-159.342 73.584 107
-160.596 72.7784 107
-162.684 71.4356 107
-162.744 71.3958 107
-164.893 69.9394 107
-165.854 69.2872 107
-167.041 68.4815 107
-169.13 67.1387 107
-169.189 67.0989 107
-171.338 65.7192 107
-172.472 64.9903 107
-173.486 64.3606 107
-175.635 63.1011 107
-176.077 62.8419 107
-177.783 61.8417 107
-179.742 60.6934 107
-179.932 60.5823 107
-182.08 59.3506 107
-183.407 58.545 107
-184.229 58.0634 107
-186.377 56.804 107
-187.033 56.3965 107
-188.525 55.4374 107
-190.375 54.2481 107
-190.674 54.0492 107
-192.822 52.5373 107
-193.444 52.0997 107
-194.971 51.0254 107
-196.421 49.9512 107
-197.119 49.434 107
-199.268 47.8426 107
-199.319 47.8028 107
-201.416 46.1088 107
-201.93 45.6543 107
-203.564 44.1504 107
-204.265 43.5059 107
-205.713 42.1184 107
-206.474 41.3575 107
-207.861 39.9096 107
-208.506 39.209 107
-210.01 37.5 107
-210.382 37.0606 107
-212.034 34.9122 107
-212.158 34.751 107
-213.63 32.7637 107
-214.307 31.7492 107
-215.036 30.6153 107
-216.27 28.4668 107
-216.455 28.1311 107
-217.422 26.3184 107
-218.353 24.17 107
-218.604 23.5433 107
-219.212 22.0215 107
-219.955 19.8731 107
-220.579 17.7246 107
-220.752 17.0533 107
-221.133 15.5762 107
-221.618 13.4278 107
-222.034 11.2793 107
-222.33 9.13089 107
-222.598 6.98246 107
-222.796 4.83402 107
-222.867 2.68558 107
-222.9 1.61136 107
-222.935 0.537142 107
-222.9 -0.537078 107
-222.866 -1.6113 107
-222.733 -3.75973 107
-222.519 -5.90817 107
-222.173 -8.05661 107
-221.618 -10.205 107
-220.995 -12.3535 107
-220.752 -12.9801 107
-220.143 -14.5019 107
-219.141 -16.6504 107
-218.604 -17.6574 107
-217.951 -18.7988 107
-216.495 -20.9472 107
-216.455 -20.9984 107
-214.761 -23.0957 107
-214.307 -23.6094 107
-212.74 -25.2441 107
-212.158 -25.826 107
-210.524 -27.3926 107
-210.01 -27.847 107
-207.913 -29.541 107
-207.861 -29.5808 107
-205.713 -31.0926 107
-204.818 -31.6894 107
-203.564 -32.4951 107
-201.416 -33.7995 107
-201.344 -33.8379 107
-199.268 -34.9121 107
-197.119 -35.9493 107
-197.037 -35.9863 107
-194.971 -36.8815 107
-192.822 -37.6843 107
-191.553 -38.1347 107
-190.674 -38.4466 107
-188.525 -39.0704 107
-186.377 -39.6248 107
-184.229 -40.1099 107
-183.461 -40.2832 107
-182.08 -40.5853 107
-179.932 -40.9668 107
-177.783 -41.2567 107
-175.635 -41.5527 107
-173.486 -41.748 107
-171.338 -41.9433 107
-169.189 -42.0736 107
-167.041 -42.1966 107
-164.893 -42.3309 107
-162.744 -42.3981 107
-162.207 -42.4316 107
-160.596 -42.5356 107
-158.447 -42.7435 107
-156.299 -42.9687 107
-154.15 -43.3984 107
-152.002 -44.043 107
-150.659 -44.5801 107
-149.854 -44.9134 107
-147.705 -46.0247 107
-146.504 -46.7285 107
-145.557 -47.3253 107
-143.462 -48.8769 107
-143.408 -48.9167 107
-141.26 -50.6535 107
-140.799 -51.0254 107
-139.111 -52.4433 107
-138.281 -53.1738 107
-136.963 -54.334 107
-135.84 -55.3223 107
-134.814 -56.2246 107
-133.398 -57.4707 107
-132.666 -58.0904 107
-130.773 -59.6191 107
-130.518 -59.8257 107
-128.369 -61.4891 107
-128.011 -61.7676 107
-126.221 -63.1103 107
-125.093 -63.916 107
-124.072 -64.6449 107
-121.98 -66.0644 107
-121.924 -66.1028 107
-119.775 -67.435 107
-118.448 -68.2129 107
-117.627 -68.6784 107
-115.479 -69.8057 107
-114.404 -70.3613 107
-113.33 -70.8984 107
-111.182 -71.9207 107
-109.877 -72.5098 107
-109.033 -72.8909 107
-106.885 -73.7919 107
-104.819 -74.6582 107
-104.736 -74.6928 107
-102.588 -75.5245 107
-100.439 -76.2869 107
-98.9746 -76.8066 107
-98.291 -77.0492 107
-96.1426 -77.7422 107
-93.9941 -78.4353 107
-92.3828 -78.9551 107
-91.8457 -79.1283 107
-89.6973 -79.7521 107
-87.5488 -80.3314 107
-85.4004 -80.8609 107
-84.3262 -81.1035 107
-83.252 -81.3385 107
-81.1035 -81.8085 107
-78.9551 -82.2113 107
-76.8066 -82.547 107
-74.6582 -82.9401 107
-72.7246 -83.252 107
-72.5098 -83.2855 107
-70.3613 -83.5541 107
-68.2129 -83.8898 107
-66.0644 -84.1583 107
-63.916 -84.4648 107
-61.7676 -84.742 107
-59.6191 -85.0192 107
-57.4707 -85.2964 107
-56.665 -85.4004 107
-55.3223 -85.5682 107
-53.1738 -85.8368 107
-51.0254 -86.0382 107
-48.8769 -86.3068 107
-46.7285 -86.5439 107
-44.5801 -86.7767 107
-42.4316 -86.9781 107
-40.2832 -87.1677 107
-38.1347 -87.3138 107
-35.9863 -87.4481 107
-34.375 -87.5488 107
