26.3184 -94.0288 94.5
28.4668 -94.0288 94.5
30.6153 -94.0288 94.5
32.7637 -94.0288 94.5
34.9122 -94.0288 94.5
35.9864 -93.9941 94.5
37.0606 -93.9583 94.5
39.209 -93.8151 94.5
41.3575 -93.6719 94.5
43.5059 -93.4744 94.5
45.6543 -93.2664 94.5
47.8028 -93.0585 94.5
49.9512 -92.7813 94.5
52.0997 -92.5041 94.5
54.2481 -92.2269 94.5
56.3965 -91.9497 94.5
57.0411 -91.8457 94.5
58.545 -91.6031 94.5
60.6934 -91.2566 94.5
62.8419 -90.9101 94.5
64.9903 -90.5636 94.5
67.1387 -90.217 94.5
69.2872 -89.8012 94.5
69.8243 -89.6973 94.5
71.4356 -89.3854 94.5
73.584 -88.9696 94.5
75.7325 -88.5223 94.5
77.8809 -87.9993 94.5
79.8759 -87.5488 94.5
80.0294 -87.5142 94.5
82.1778 -86.9597 94.5
84.3262 -86.4053 94.5
86.4747 -85.7816 94.5
87.7876 -85.4004 94.5
88.6231 -85.1497 94.5
90.7715 -84.3955 94.5
92.92 -83.6331 94.5
93.9047 -83.252 94.5
95.0684 -82.7865 94.5
97.2169 -81.9271 94.5
99.2758 -81.1035 94.5
99.3653 -81.0665 94.5
101.514 -80.1367 94.5
103.662 -79.2773 94.5
104.406 -78.9551 94.5
105.811 -78.3463 94.5
107.959 -77.4154 94.5
109.263 -76.8066 94.5
110.107 -76.3992 94.5
112.256 -75.362 94.5
113.617 -74.6582 94.5
114.404 -74.2507 94.5
116.553 -73.1395 94.5
117.627 -72.5098 94.5
118.701 -71.8576 94.5
120.85 -70.5465 94.5
121.132 -70.3613 94.5
122.998 -69.0953 94.5
124.233 -68.2129 94.5
125.147 -67.5365 94.5
126.953 -66.0644 94.5
127.295 -65.7752 94.5
129.443 -63.9573 94.5
129.488 -63.916 94.5
131.592 -61.8123 94.5
131.637 -61.7676 94.5
133.697 -59.6191 94.5
133.74 -59.5703 94.5
135.588 -57.4707 94.5
135.889 -57.1126 94.5
137.335 -55.3223 94.5
138.037 -54.4092 94.5
138.952 -53.1738 94.5
140.186 -51.5881 94.5
140.623 -51.0254 94.5
142.215 -48.8769 94.5
142.334 -48.7235 94.5
143.886 -46.7285 94.5
144.483 -45.9612 94.5
145.643 -44.5801 94.5
146.631 -43.5058 94.5
147.705 -42.4316 94.5
148.779 -41.4022 94.5
150.122 -40.2832 94.5
150.928 -39.6634 94.5
153.076 -38.3266 94.5
153.489 -38.1347 94.5
155.225 -37.3828 94.5
157.373 -36.714 94.5
159.522 -36.2213 94.5
161.401 -35.9863 94.5
161.67 -35.9527 94.5
163.818 -35.7584 94.5
165.967 -35.6282 94.5
168.115 -35.5124 94.5
170.264 -35.4329 94.5
172.412 -35.3678 94.5
174.561 -35.2376 94.5
176.709 -35.0423 94.5
178.858 -34.7442 94.5
181.006 -34.4085 94.5
183.154 -34.0057 94.5
183.826 -33.8379 94.5
185.303 -33.4567 94.5
187.451 -32.833 94.5
189.6 -32.1399 94.5
190.674 -31.6894 94.5
191.748 -31.2239 94.5
193.897 -30.2213 94.5
195.172 -29.541 94.5
196.045 -29.0422 94.5
198.193 -27.6611 94.5
198.569 -27.3926 94.5
200.342 -26.0291 94.5
201.27 -25.2441 94.5
202.49 -24.1699 94.5
203.609 -23.0957 94.5
204.639 -22.0662 94.5
205.713 -20.9472 94.5
206.787 -19.7265 94.5
207.604 -18.7988 94.5
208.936 -17.2131 94.5
209.373 -16.6504 94.5
210.885 -14.5019 94.5
211.084 -14.2035 94.5
212.232 -12.3535 94.5
213.233 -10.5407 94.5
213.418 -10.205 94.5
214.414 -8.05661 94.5
215.344 -5.90817 94.5
215.381 -5.80075 94.5
216.061 -3.75973 94.5
216.732 -1.6113 94.5
217.287 0.537142 94.5
217.529 1.61136 94.5
217.772 2.68558 94.5
218.188 4.83402 94.5
218.534 6.98246 94.5
218.812 9.13089 94.5
218.95 11.2793 94.5
219.069 13.4278 94.5
219.089 15.5762 94.5
219.089 17.7246 94.5
218.95 19.8731 94.5
218.812 22.0215 94.5
218.534 24.17 94.5
218.188 26.3184 94.5
217.772 28.4668 94.5
217.529 29.5411 94.5
217.279 30.6153 94.5
216.594 32.7637 94.5
215.846 34.9122 94.5
215.381 35.9864 94.5
214.915 37.0606 94.5
213.862 39.209 94.5
213.233 40.3504 94.5
212.657 41.3575 94.5
211.276 43.5059 94.5
211.084 43.7745 94.5
209.638 45.6543 94.5
208.936 46.524 94.5
207.861 47.8028 94.5
206.787 48.9704 94.5
205.847 49.9512 94.5
204.639 51.1114 94.5
203.565 52.0997 94.5
202.49 53.0499 94.5
201.007 54.2481 94.5
200.342 54.7653 94.5
198.193 56.2772 94.5
198.014 56.3965 94.5
196.045 57.6626 94.5
194.592 58.545 94.5
193.897 58.9524 94.5
191.748 60.1378 94.5
190.674 60.6934 94.5
189.6 61.2305 94.5
187.451 62.2331 94.5
186.047 62.8419 94.5
185.303 63.1537 94.5
183.154 64.0235 94.5
181.006 64.8829 94.5
180.737 64.9903 94.5
178.858 65.718 94.5
176.709 66.53 94.5
175.304 67.1387 94.5
174.561 67.461 94.5
172.412 68.5093 94.5
171.002 69.2872 94.5
170.264 69.6946 94.5
168.115 71.0136 94.5
167.493 71.4356 94.5
165.967 72.4715 94.5
164.409 73.584 94.5
163.818 74.0061 94.5
161.67 75.454 94.5
161.252 75.7325 94.5
159.522 76.8451 94.5
157.91 77.8809 94.5
157.373 78.2143 94.5
155.225 79.4737 94.5
154.218 80.0294 94.5
153.076 80.6591 94.5
150.928 81.8444 94.5
150.283 82.1778 94.5
148.779 82.9297 94.5
146.631 83.9324 94.5
145.787 84.3262 94.5
144.483 84.9153 94.5
142.334 85.8163 94.5
140.633 86.4747 94.5
140.186 86.6479 94.5
138.037 87.4103 94.5
135.889 88.1726 94.5
134.492 88.6231 94.5
133.74 88.8581 94.5
131.592 89.4894 94.5
129.443 90.0666 94.5
127.295 90.6676 94.5
126.892 90.7715 94.5
125.147 91.2079 94.5
122.998 91.7072 94.5
120.85 92.1923 94.5
118.701 92.6774 94.5
117.448 92.92 94.5
116.553 93.0932 94.5
114.404 93.5578 94.5
112.256 93.9942 94.5
110.107 94.41 94.5
107.959 94.8259 94.5
106.885 95.0684 94.5
105.811 95.311 94.5
103.662 95.7734 94.5
101.514 96.2119 94.5
99.3653 96.6971 94.5
97.2169 97.1162 94.5
96.7565 97.2169 94.5
95.0684 97.5861 94.5
92.92 98.0832 94.5
90.7715 98.6376 94.5
88.6231 99.192 94.5
87.9517 99.3653 94.5
86.4747 99.7346 94.5
84.3262 100.162 94.5
82.1778 100.505 94.5
80.0294 100.7 94.5
77.8809 100.83 94.5
75.7325 100.913 94.5
73.584 100.96 94.5
71.4356 100.96 94.5
69.2872 100.96 94.5
67.1387 100.96 94.5
64.9903 100.895 94.5
62.8419 100.85 94.5
60.6934 100.765 94.5
58.545 100.675 94.5
56.3965 100.473 94.5
54.2481 100.205 94.5
52.0997 99.8851 94.5
49.9512 99.4693 94.5
49.4141 99.3653 94.5
47.8028 99.0319 94.5
45.6543 98.6615 94.5
43.5059 98.3985 94.5
41.3575 98.217 94.5
39.209 97.9947 94.5
37.0606 97.7923 94.5
34.9122 97.5621 94.5
32.7637 97.2566 94.5
32.5489 97.2169 94.5
30.6153 96.8588 94.5
28.4668 96.4609 94.5
26.3184 96.0187 94.5
24.17 95.5229 94.5
22.2006 95.0684 94.5
22.0215 95.0286 94.5
19.8731 94.5512 94.5
17.7246 94.0738 94.5
15.5762 93.5168 94.5
13.4278 92.9598 94.5
13.2743 92.92 94.5
11.2793 92.4212 94.5
9.13089 91.9199 94.5
6.98246 91.5494 94.5
4.83402 91.1654 94.5
2.68558 90.8074 94.5
2.32751 90.7715 94.5
0.537142 90.5983 94.5
-1.6113 90.3904 94.5
-3.75973 90.2518 94.5
-5.90817 90.2009 94.5
-8.05661 90.3211 94.5
-10.205 90.529 94.5
-12.0849 90.7715 94.5
-12.3535 90.8062 94.5
-14.5019 91.222 94.5
-16.6504 91.7383 94.5
-18.7988 92.2396 94.5
-20.9472 92.8126 94.5
-21.3501 92.92 94.5
-23.0957 93.4015 94.5
-25.2441 93.9584 94.5
-27.3926 94.5313 94.5
-29.4067 95.0684 94.5
-29.541 95.1042 94.5
-31.6894 95.6575 94.5
-33.8379 96.2119 94.5
-35.9863 96.6971 94.5
-38.1347 97.1162 94.5
-38.7793 97.2169 94.5
-40.2832 97.4518 94.5
-42.4316 97.7051 94.5
-44.5801 97.8354 94.5
-46.7285 97.9218 94.5
-48.8769 97.9656 94.5
-51.0254 97.989 94.5
-53.1738 97.9656 94.5
-55.3223 98.0307 94.5
-57.4707 98.0307 94.5
-59.6191 97.9656 94.5
-61.7676 97.9005 94.5
-63.916 97.8172 94.5
-66.0644 97.64 94.5
-68.2129 97.4447 94.5
-69.7168 97.2169 94.5
-70.3613 97.1162 94.5
-72.5098 96.7805 94.5
-74.6582 96.4448 94.5
-76.8066 96.0733 94.5
-78.9551 95.7268 94.5
-81.1035 95.4496 94.5
-83.252 95.1724 94.5
-84.0576 95.0684 94.5
-85.4004 94.9006 94.5
-87.5488 94.6873 94.5
-89.6973 94.3635 94.5
-91.8457 94.0949 94.5
-93.9941 93.7592 94.5
-96.1426 93.4907 94.5
-98.291 93.155 94.5
-99.7949 92.92 94.5
-100.439 92.816 94.5
-102.588 92.4836 94.5
-104.736 92.1479 94.5
-106.885 91.7451 94.5
-109.033 91.3422 94.5
-111.182 90.8755 94.5
-111.719 90.7715 94.5
-113.33 90.4597 94.5
-115.479 89.9745 94.5
-117.627 89.5295 94.5
-119.775 89.0043 94.5
-121.463 88.6231 94.5
-121.924 88.5192 94.5
-124.072 87.9853 94.5
-126.221 87.4796 94.5
-128.369 86.9111 94.5
-130.115 86.4747 94.5
-130.518 86.3707 94.5
-132.666 85.6777 94.5
-134.814 84.9846 94.5
-136.67 84.3262 94.5
-136.963 84.2223 94.5
-139.111 83.3906 94.5
-141.26 82.5717 94.5
-142.169 82.1778 94.5
-143.408 81.6407 94.5
-145.557 80.7097 94.5
-146.917 80.0294 94.5
-147.705 79.6219 94.5
-149.854 78.5106 94.5
-150.928 77.8809 94.5
-152.002 77.2287 94.5
-154.15 75.8518 94.5
-154.312 75.7325 94.5
-156.299 74.2038 94.5
-157.066 73.584 94.5
-158.447 72.4239 94.5
-159.57 71.4356 94.5
-160.596 70.5333 94.5
-161.95 69.2872 94.5
-162.744 68.5848 94.5
-164.453 67.1387 94.5
-164.893 66.7669 94.5
-167.041 65.1096 94.5
-167.211 64.9903 94.5
-169.189 63.6475 94.5
-170.599 62.8419 94.5
-171.338 62.4344 94.5
-173.486 61.3021 94.5
-174.891 60.6934 94.5
-175.635 60.3711 94.5
-177.783 59.4806 94.5
-179.932 58.6524 94.5
-180.225 58.545 94.5
-182.08 57.8866 94.5
-184.229 57.0769 94.5
-186.084 56.3965 94.5
-186.377 56.2891 94.5
-188.525 55.3581 94.5
-190.674 54.4271 94.5
-191.032 54.2481 94.5
-192.822 53.3529 94.5
-194.971 52.2108 94.5
-195.15 52.0997 94.5
-197.119 50.8773 94.5
-198.611 49.9512 94.5
-199.268 49.5136 94.5
-201.416 47.9946 94.5
-201.672 47.8028 94.5
-203.564 46.3307 94.5
-204.395 45.6543 94.5
-205.713 44.5388 94.5
-206.881 43.5059 94.5
-207.861 42.6036 94.5
-209.159 41.3575 94.5
-210.01 40.507 94.5
-211.256 39.209 94.5
-212.158 38.2282 94.5
-213.232 37.0606 94.5
-214.307 35.8399 94.5
-215.063 34.9122 94.5
-216.455 33.0323 94.5
-216.647 32.7637 94.5
-218.028 30.6153 94.5
-218.604 29.6674 94.5
-219.307 28.4668 94.5
-220.419 26.3184 94.5
-220.752 25.6278 94.5
-221.432 24.17 94.5
-222.363 22.0215 94.5
-222.9 20.5567 94.5
-223.143 19.8731 94.5
-223.836 17.7246 94.5
-224.39 15.5762 94.5
-224.876 13.4278 94.5
-225.049 12.5326 94.5
-225.291 11.2793 94.5
-225.62 9.13089 94.5
-225.846 6.98246 94.5
-226.022 4.83402 94.5
-226.157 2.68558 94.5
-226.224 0.537142 94.5
-226.157 -1.6113 94.5
-226.09 -3.75973 94.5
-225.846 -5.90817 94.5
-225.552 -8.05661 94.5
-225.084 -10.205 94.5
-225.049 -10.3244 94.5
-224.44 -12.3535 94.5
-223.652 -14.5019 94.5
-222.9 -16.2372 94.5
-222.709 -16.6504 94.5
-221.53 -18.7988 94.5
-220.752 -20.0521 94.5
-220.155 -20.9472 94.5
-218.604 -23.042 94.5
-218.562 -23.0957 94.5
-216.744 -25.2441 94.5
-216.455 -25.5574 94.5
-214.62 -27.3926 94.5
-214.307 -27.6933 94.5
-212.207 -29.541 94.5
-212.158 -29.5823 94.5
-210.01 -31.2518 94.5
-209.419 -31.6894 94.5
-207.861 -32.802 94.5
-206.25 -33.8379 94.5
-205.713 -34.1832 94.5
-203.564 -35.4307 94.5
-202.49 -35.9863 94.5
-201.416 -36.5234 94.5
-199.268 -37.526 94.5
-197.746 -38.1347 94.5
-197.119 -38.3854 94.5
-194.971 -39.1397 94.5
-192.822 -39.8327 94.5
-191.077 -40.2832 94.5
-190.674 -40.3871 94.5
-188.525 -40.8723 94.5
-186.377 -41.2567 94.5
-184.229 -41.5924 94.5
-182.08 -41.9118 94.5
-179.932 -42.1198 94.5
-177.783 -42.2584 94.5
-175.635 -42.3277 94.5
-173.486 -42.397 94.5
-171.338 -42.397 94.5
-170.264 -42.4316 94.5
-169.189 -42.4663 94.5
-167.041 -42.4663 94.5
-164.893 -42.4663 94.5
-162.744 -42.5356 94.5
-160.596 -42.6049 94.5
-158.447 -42.7435 94.5
-156.299 -43.0207 94.5
-154.15 -43.5058 94.5
-152.002 -44.2467 94.5
-151.258 -44.5801 94.5
-149.854 -45.2323 94.5
-147.705 -46.6091 94.5
-147.552 -46.7285 94.5
-145.557 -48.4043 94.5
-145.043 -48.8769 94.5
-143.408 -50.5116 94.5
-142.936 -51.0254 94.5
-141.26 -52.9297 94.5
-141.053 -53.1738 94.5
-139.235 -55.3223 94.5
-139.111 -55.4687 94.5
-137.417 -57.4707 94.5
-136.963 -58.0078 94.5
-135.545 -59.6191 94.5
-134.814 -60.4131 94.5
-133.568 -61.7676 94.5
-132.666 -62.7484 94.5
-131.547 -63.916 94.5
-130.518 -64.9455 94.5
-129.399 -66.0644 94.5
-128.369 -67.0527 94.5
-127.108 -68.2129 94.5
-126.221 -69.0293 94.5
-124.635 -70.3613 94.5
-124.072 -70.8158 94.5
-121.924 -72.3904 94.5
-121.754 -72.5098 94.5
-119.775 -73.8525 94.5
-118.448 -74.6582 94.5
-117.627 -75.1397 94.5
-115.479 -76.3846 94.5
-114.691 -76.8066 94.5
-113.33 -77.5104 94.5
-111.182 -78.6865 94.5
-110.68 -78.9551 94.5
-109.033 -79.7786 94.5
-106.885 -80.8442 94.5
-106.306 -81.1035 94.5
-104.736 -81.7839 94.5
-102.588 -82.7148 94.5
-101.348 -83.252 94.5
-100.439 -83.6331 94.5
-98.291 -84.4336 94.5
-96.1426 -85.2214 94.5
-95.5458 -85.4004 94.5
-93.9941 -85.8659 94.5
-91.8457 -86.5439 94.5
-89.6973 -87.1549 94.5
-88.2202 -87.5488 94.5
-87.5488 -87.7221 94.5
-85.4004 -88.2292 94.5
-83.252 -88.7617 94.5
-81.1035 -89.1775 94.5
-78.9551 -89.6615 94.5
-78.7402 -89.6973 94.5
-76.8066 -90.0091 94.5
-74.6582 -90.3351 94.5
-72.5098 -90.6329 94.5
-70.3613 -90.8408 94.5
-68.2129 -91.118 94.5
-66.0644 -91.3802 94.5
-63.916 -91.6031 94.5
-62.0361 -91.8457 94.5
-61.7676 -91.8804 94.5
-59.6191 -92.0883 94.5
-57.4707 -92.2821 94.5
-55.3223 -92.4835 94.5
-53.1738 -92.6427 94.5
-51.0254 -92.7813 94.5
-48.8769 -92.9199 94.5
-46.7285 -93.0273 94.5
-44.5801 -93.1706 94.5
-42.4316 -93.3138 94.5
-40.2832 -93.3854 94.5
-38.1347 -93.457 94.5
-35.9863 -93.5286 94.5
-33.8379 -93.6003 94.5
-31.6894 -93.6608 94.5
-29.541 -93.6719 94.5
-27.3926 -93.6719 94.5
-25.2441 -93.6719 94.5
-23.0957 -93.6719 94.5
-20.9472 -93.6003 94.5
-18.7988 -93.5286 94.5
-16.6504 -93.3854 94.5
-14.5019 -93.2664 94.5
-12.3535 -93.1278 94.5
-10.205 -92.9535 94.5
-8.05661 -92.7813 94.5
-5.90817 -92.6178 94.5
-3.75973 -92.5507 94.5
-1.6113 -92.4164 94.5
0.537142 -92.4164 94.5
2.68558 -92.4164 94.5
4.83402 -92.5507 94.5
6.98246 -92.6849 94.5
9.13089 -92.8506 94.5
11.2793 -93.0585 94.5
13.4278 -93.2664 94.5
15.5762 -93.4051 94.5
17.7246 -93.6003 94.5
19.8731 -93.7435 94.5
22.0215 -93.8867 94.5
24.17 -93.9583 94.5
25.2442 -93.9941 94.5
