22.0215 -96.1772 89.5
24.17 -96.3104 89.5
26.3184 -96.3851 89.5
28.4668 -96.4447 89.5
30.6153 -96.4544 89.5
32.7637 -96.4544 89.5
34.9122 -96.4447 89.5
37.0606 -96.3776 89.5
39.209 -96.2465 89.5
40.8204 -96.1426 89.5
41.3575 -96.1079 89.5
43.5059 -95.9635 89.5
45.6543 -95.6921 89.5
47.8028 -95.4149 89.5
49.9512 -95.207 89.5
52.0997 -94.9298 89.5
54.2481 -94.632 89.5
56.3965 -94.306 89.5
58.545 -94.0277 89.5
58.7598 -93.9941 89.5
60.6934 -93.6823 89.5
62.8419 -93.3357 89.5
64.9903 -92.9892 89.5
67.1387 -92.6178 89.5
69.2872 -92.2269 89.5
71.4356 -91.8793 89.5
71.6146 -91.8457 89.5
73.584 -91.4518 89.5
75.7325 -91.0221 89.5
77.8809 -90.5636 89.5
80.0294 -90.0784 89.5
81.5064 -89.6973 89.5
82.1778 -89.5182 89.5
84.3262 -88.9453 89.5
86.4747 -88.3458 89.5
88.6231 -87.6562 89.5
88.9161 -87.5488 89.5
90.7715 -86.8904 89.5
92.92 -86.1523 89.5
94.7999 -85.4004 89.5
95.0684 -85.293 89.5
97.2169 -84.5052 89.5
99.3653 -83.6458 89.5
100.274 -83.252 89.5
101.514 -82.7148 89.5
103.662 -81.8073 89.5
105.232 -81.1035 89.5
105.811 -80.8442 89.5
107.959 -79.8503 89.5
109.749 -78.9551 89.5
110.107 -78.7699 89.5
112.256 -77.689 89.5
113.903 -76.8066 89.5
114.404 -76.5381 89.5
116.553 -75.362 89.5
117.753 -74.6582 89.5
118.701 -74.0827 89.5
120.85 -72.7016 89.5
121.132 -72.5098 89.5
122.998 -71.2437 89.5
124.175 -70.3613 89.5
125.147 -69.6054 89.5
126.937 -68.2129 89.5
127.295 -67.9121 89.5
129.395 -66.0644 89.5
129.443 -66.0215 89.5
131.592 -63.9608 89.5
131.637 -63.916 89.5
133.697 -61.7676 89.5
133.74 -61.7187 89.5
135.517 -59.6191 89.5
135.889 -59.1587 89.5
137.202 -57.4707 89.5
138.037 -56.3428 89.5
138.766 -55.3223 89.5
140.186 -53.2304 89.5
140.225 -53.1738 89.5
141.737 -51.0254 89.5
142.334 -50.1773 89.5
143.249 -48.8769 89.5
144.483 -47.2119 89.5
144.841 -46.7285 89.5
146.502 -44.5801 89.5
146.631 -44.4266 89.5
148.307 -42.4316 89.5
148.779 -41.9393 89.5
150.586 -40.2832 89.5
150.928 -39.994 89.5
153.076 -38.4928 89.5
153.767 -38.1347 89.5
155.225 -37.4309 89.5
157.373 -36.6447 89.5
159.522 -36.1542 89.5
160.864 -35.9863 89.5
161.67 -35.8856 89.5
163.818 -35.6933 89.5
165.967 -35.6282 89.5
168.115 -35.5631 89.5
170.264 -35.5124 89.5
172.412 -35.498 89.5
174.561 -35.4329 89.5
176.709 -35.3027 89.5
178.858 -35.1074 89.5
181.006 -34.847 89.5
183.154 -34.5428 89.5
185.303 -34.0804 89.5
186.377 -33.8379 89.5
187.451 -33.5953 89.5
189.6 -32.9716 89.5
191.748 -32.2092 89.5
193.091 -31.6894 89.5
193.897 -31.3561 89.5
196.045 -30.3189 89.5
197.455 -29.541 89.5
198.193 -29.119 89.5
200.342 -27.7378 89.5
200.825 -27.3926 89.5
202.49 -26.1118 89.5
203.516 -25.2441 89.5
204.639 -24.2558 89.5
205.847 -23.0957 89.5
206.787 -22.1557 89.5
207.947 -20.9472 89.5
208.936 -19.7707 89.5
209.721 -18.7988 89.5
211.084 -17.0263 89.5
211.363 -16.6504 89.5
212.811 -14.5019 89.5
213.233 -13.7634 89.5
214.038 -12.3535 89.5
215.122 -10.205 89.5
215.381 -9.62662 89.5
216.061 -8.05661 89.5
216.849 -5.90817 89.5
217.529 -3.86716 89.5
217.565 -3.75973 89.5
218.188 -1.6113 89.5
218.742 0.537142 89.5
219.227 2.68558 89.5
219.643 4.83402 89.5
219.678 5.04886 89.5
219.98 6.98246 89.5
220.249 9.13089 89.5
220.383 11.2793 89.5
220.517 13.4278 89.5
220.584 15.5762 89.5
220.544 17.7246 89.5
220.45 19.8731 89.5
220.316 22.0215 89.5
220.047 24.17 89.5
219.711 26.3184 89.5
219.678 26.4719 89.5
219.227 28.4668 89.5
218.639 30.6153 89.5
217.923 32.7637 89.5
217.529 33.8379 89.5
217.122 34.9122 89.5
216.133 37.0606 89.5
215.381 38.5645 89.5
215.036 39.209 89.5
213.731 41.3575 89.5
213.233 42.0925 89.5
212.238 43.5059 89.5
211.084 44.9894 89.5
210.547 45.6543 89.5
208.936 47.5586 89.5
208.712 47.8028 89.5
206.787 49.7274 89.5
206.563 49.9512 89.5
204.639 51.7989 89.5
204.297 52.0997 89.5
202.49 53.6284 89.5
201.685 54.2481 89.5
200.342 55.2427 89.5
198.611 56.3965 89.5
198.193 56.6651 89.5
196.045 57.9893 89.5
195.038 58.545 89.5
193.897 59.1747 89.5
191.748 60.2119 89.5
190.674 60.6934 89.5
189.6 61.1589 89.5
187.451 62.0183 89.5
185.303 62.806 89.5
185.195 62.8419 89.5
183.154 63.5002 89.5
181.006 64.1933 89.5
178.858 64.8829 89.5
178.535 64.9903 89.5
176.709 65.599 89.5
174.561 66.3868 89.5
172.825 67.1387 89.5
172.412 67.3178 89.5
170.264 68.3611 89.5
168.684 69.2872 89.5
168.115 69.6325 89.5
165.967 71.1571 89.5
165.591 71.4356 89.5
163.818 72.7485 89.5
162.744 73.584 89.5
161.67 74.4195 89.5
159.982 75.7325 89.5
159.522 76.0778 89.5
157.373 77.6024 89.5
156.955 77.8809 89.5
155.225 78.9935 89.5
153.613 80.0294 89.5
153.076 80.3627 89.5
150.928 81.6023 89.5
149.921 82.1778 89.5
148.779 82.7865 89.5
146.631 83.8607 89.5
145.7 84.3262 89.5
144.483 84.935 89.5
142.334 85.8659 89.5
140.929 86.4747 89.5
140.186 86.7865 89.5
138.037 87.5489 89.5
135.889 88.3112 89.5
134.922 88.6231 89.5
133.74 89.0043 89.5
131.592 89.6638 89.5
129.443 90.2518 89.5
127.429 90.7715 89.5
127.295 90.8062 89.5
125.147 91.3422 89.5
122.998 91.8793 89.5
120.85 92.3493 89.5
118.701 92.8193 89.5
118.241 92.92 89.5
116.553 93.2892 89.5
114.404 93.7592 89.5
112.256 94.2292 89.5
110.107 94.632 89.5
108.113 95.0684 89.5
107.959 95.102 89.5
105.811 95.572 89.5
103.662 96.0124 89.5
101.514 96.4448 89.5
99.3653 96.9147 89.5
97.754 97.2169 89.5
97.2169 97.3176 89.5
95.0684 97.7875 89.5
92.92 98.2575 89.5
90.7715 98.7946 89.5
88.6231 99.3317 89.5
88.4888 99.3653 89.5
86.4747 99.8688 89.5
84.3262 100.272 89.5
82.1778 100.57 89.5
80.0294 100.765 89.5
77.8809 100.85 89.5
75.7325 100.895 89.5
73.584 100.96 89.5
71.4356 100.96 89.5
69.2872 100.96 89.5
67.1387 100.96 89.5
64.9903 100.96 89.5
62.8419 100.96 89.5
60.6934 100.895 89.5
58.545 100.85 89.5
56.3965 100.765 89.5
54.2481 100.607 89.5
52.0997 100.339 89.5
49.9512 100.024 89.5
47.8028 99.6079 89.5
46.5495 99.3653 89.5
45.6543 99.1801 89.5
43.5059 98.7566 89.5
41.3575 98.4393 89.5
39.209 98.217 89.5
37.0606 97.9947 89.5
34.9122 97.7923 89.5
32.7637 97.5621 89.5
30.6153 97.2552 89.5
30.4004 97.2169 89.5
28.4668 96.8588 89.5
26.3184 96.4609 89.5
24.17 96.0187 89.5
22.0215 95.6055 89.5
19.8731 95.1924 89.5
19.336 95.0684 89.5
17.7246 94.7104 89.5
15.5762 94.2329 89.5
13.4278 93.7555 89.5
11.2793 93.2918 89.5
9.668 92.92 89.5
9.13089 92.8049 89.5
6.98246 92.3445 89.5
4.83402 91.9939 89.5
2.68558 91.7307 89.5
0.537142 91.5005 89.5
-1.6113 91.347 89.5
-3.75973 91.2703 89.5
-5.90817 91.2703 89.5
-8.05661 91.3272 89.5
-10.205 91.4753 89.5
-12.3535 91.7383 89.5
-14.5019 92.068 89.5
-16.6504 92.5125 89.5
-18.3384 92.92 89.5
-18.7988 93.0274 89.5
-20.9472 93.5287 89.5
-23.0957 94.1016 89.5
-25.2441 94.661 89.5
-26.9322 95.0684 89.5
-27.3926 95.1758 89.5
-29.541 95.7488 89.5
-31.6894 96.2813 89.5
-33.8379 96.7664 89.5
-35.9863 97.1822 89.5
-36.1653 97.2169 89.5
-38.1347 97.598 89.5
-40.2832 97.8753 89.5
-42.4316 98.1525 89.5
-44.5801 98.499 89.5
-46.7285 98.8282 89.5
-48.8769 99.1146 89.5
-51.0254 99.2613 89.5
-53.1738 99.3295 89.5
-55.3223 99.192 89.5
-57.4707 98.9714 89.5
-59.6191 98.6376 89.5
-61.7676 98.3604 89.5
-63.916 98.0832 89.5
-66.0644 97.806 89.5
-68.2129 97.598 89.5
-70.3613 97.3901 89.5
-71.7041 97.2169 89.5
-72.5098 97.1129 89.5
-74.6582 96.8357 89.5
-76.8066 96.4892 89.5
-78.9551 96.1762 89.5
-81.1035 95.7961 89.5
-83.252 95.5048 89.5
-85.4004 95.1724 89.5
-86.2061 95.0684 89.5
-87.5488 94.9006 89.5
-89.6973 94.632 89.5
-91.8457 94.2963 89.5
-93.9941 94.0278 89.5
-96.1426 93.6921 89.5
-98.291 93.3705 89.5
-100.439 93.0239 89.5
-101.245 92.92 89.5
-102.588 92.7467 89.5
-104.736 92.3493 89.5
-106.885 92.0136 89.5
-109.033 91.5436 89.5
-111.182 91.1408 89.5
-112.87 90.7715 89.5
-113.33 90.6708 89.5
-115.479 90.2009 89.5
-117.627 89.7309 89.5
-119.775 89.2609 89.5
-121.924 88.7271 89.5
-122.327 88.6231 89.5
-124.072 88.1867 89.5
-126.221 87.6496 89.5
-128.369 87.0638 89.5
-130.398 86.4747 89.5
-130.518 86.44 89.5
-132.666 85.747 89.5
-134.814 85.0539 89.5
-136.865 84.3262 89.5
-136.963 84.2904 89.5
-139.111 83.3594 89.5
-141.26 82.5001 89.5
-141.95 82.1778 89.5
-143.408 81.474 89.5
-145.557 80.3627 89.5
-146.201 80.0294 89.5
-147.705 79.2237 89.5
-149.854 77.9193 89.5
-149.913 77.8809 89.5
-152.002 76.4884 89.5
-153.022 75.7325 89.5
-154.15 74.8648 89.5
-155.736 73.584 89.5
-156.299 73.1114 89.5
-158.044 71.4356 89.5
-158.447 71.0328 89.5
-160.269 69.2872 89.5
-160.596 68.9739 89.5
-162.511 67.1387 89.5
-162.744 66.9239 89.5
-164.893 65.1142 89.5
-165.062 64.9903 89.5
-167.041 63.5978 89.5
-168.242 62.8419 89.5
-169.189 62.2862 89.5
-171.338 61.1589 89.5
-172.412 60.6934 89.5
-173.486 60.2279 89.5
-175.635 59.4113 89.5
-177.783 58.7182 89.5
-178.32 58.545 89.5
-179.932 58.0252 89.5
-182.08 57.3321 89.5
-184.229 56.6391 89.5
-184.981 56.3965 89.5
-186.377 55.931 89.5
-188.525 55.1433 89.5
-190.674 54.2839 89.5
-190.751 54.2481 89.5
-192.822 53.2813 89.5
-194.971 52.2108 89.5
-195.172 52.0997 89.5
-197.119 50.9871 89.5
-198.731 49.9512 89.5
-199.268 49.6059 89.5
-201.416 48.1481 89.5
-201.876 47.8028 89.5
-203.564 46.4898 89.5
-204.59 45.6543 89.5
-205.713 44.7041 89.5
-207.129 43.5059 89.5
-207.861 42.8614 89.5
-209.496 41.3575 89.5
-210.01 40.8651 89.5
-211.666 39.209 89.5
-212.158 38.6953 89.5
-213.725 37.0606 89.5
-214.307 36.4258 89.5
-215.587 34.9122 89.5
-216.455 33.7842 89.5
-217.211 32.7637 89.5
-218.604 30.7849 89.5
-218.715 30.6153 89.5
-219.946 28.4668 89.5
-220.752 26.9629 89.5
-221.085 26.3184 89.5
-222.123 24.17 89.5
-222.9 22.4347 89.5
-223.074 22.0215 89.5
-223.905 19.8731 89.5
-224.598 17.7246 89.5
-225.049 16.173 89.5
-225.222 15.5762 89.5
-225.754 13.4278 89.5
-226.157 11.2793 89.5
-226.492 9.13089 89.5
-226.828 6.98246 89.5
-227.029 4.83402 89.5
-227.163 2.68558 89.5
-227.197 1.61136 89.5
-227.231 0.537142 89.5
-227.231 -1.6113 89.5
-227.197 -2.14841 89.5
-227.093 -3.75973 89.5
-226.828 -5.90817 89.5
-226.492 -8.05661 89.5
-226.022 -10.205 89.5
-225.418 -12.3535 89.5
-225.049 -13.3382 89.5
-224.583 -14.5019 89.5
-223.604 -16.6504 89.5
-222.9 -17.926 89.5
-222.402 -18.7988 89.5
-220.951 -20.9472 89.5
-220.752 -21.2158 89.5
-219.306 -23.0957 89.5
-218.604 -23.9258 89.5
-217.395 -25.2441 89.5
-216.455 -26.2249 89.5
-215.287 -27.3926 89.5
-214.307 -28.3325 89.5
-212.988 -29.541 89.5
-212.158 -30.2434 89.5
-210.278 -31.6894 89.5
-210.01 -31.8884 89.5
-207.861 -33.4002 89.5
-207.166 -33.8379 89.5
-205.713 -34.6898 89.5
-203.564 -35.8752 89.5
-203.35 -35.9863 89.5
-201.416 -36.9219 89.5
-199.268 -37.8125 89.5
-198.389 -38.1347 89.5
-197.119 -38.5852 89.5
-194.971 -39.2783 89.5
-192.822 -39.8468 89.5
-191.077 -40.2832 89.5
-190.674 -40.3839 89.5
-188.525 -40.7867 89.5
-186.377 -41.1896 89.5
-184.229 -41.4876 89.5
-182.08 -41.748 89.5
-179.932 -41.9952 89.5
-177.783 -42.1295 89.5
-175.635 -42.2638 89.5
-173.486 -42.3309 89.5
-171.338 -42.3981 89.5
-169.189 -42.3981 89.5
-167.041 -42.3309 89.5
-164.893 -42.3309 89.5
-162.744 -42.3309 89.5
-160.596 -42.3309 89.5
-158.984 -42.4316 89.5
-158.447 -42.4642 89.5
-156.299 -42.7337 89.5
-154.15 -43.1593 89.5
-152.002 -43.8997 89.5
-150.544 -44.5801 89.5
-149.854 -44.9253 89.5
-147.705 -46.3567 89.5
-147.245 -46.7285 89.5
-145.557 -48.2056 89.5
-144.856 -48.8769 89.5
-143.408 -50.3906 89.5
-142.85 -51.0254 89.5
-141.26 -52.832 89.5
-140.971 -53.1738 89.5
-139.235 -55.3223 89.5
-139.111 -55.4687 89.5
-137.417 -57.4707 89.5
-136.963 -58.0334 89.5
-135.631 -59.6191 89.5
-134.814 -60.5469 89.5
-133.74 -61.7676 89.5
-132.666 -62.9883 89.5
-131.85 -63.916 89.5
-130.518 -65.3035 89.5
-129.787 -66.0644 89.5
-128.369 -67.5415 89.5
-127.698 -68.2129 89.5
-126.221 -69.6899 89.5
-125.52 -70.3613 89.5
-124.072 -71.6421 89.5
-123.047 -72.5098 89.5
-121.924 -73.4248 89.5
-120.259 -74.6582 89.5
-119.775 -75.0163 89.5
-117.627 -76.5281 89.5
-117.185 -76.8066 89.5
-115.479 -77.8068 89.5
-113.52 -78.9551 89.5
-113.33 -79.0662 89.5
-111.182 -80.2515 89.5
-109.535 -81.1035 89.5
-109.033 -81.3542 89.5
-106.885 -82.3568 89.5
-104.967 -83.252 89.5
-104.736 -83.3594 89.5
-102.588 -84.2904 89.5
-100.439 -85.1497 89.5
-99.8128 -85.4004 89.5
-98.291 -85.9895 89.5
-96.1426 -86.7969 89.5
-94.0918 -87.5488 89.5
-93.9941 -87.5835 89.5
-91.8457 -88.2765 89.5
-89.6973 -88.9003 89.5
-87.5488 -89.524 89.5
-86.952 -89.6973 89.5
-85.4004 -90.1477 89.5
-83.252 -90.7022 89.5
-81.1035 -91.1873 89.5
-78.9551 -91.6724 89.5
-78.0599 -91.8457 89.5
-76.8066 -92.0883 89.5
-74.6582 -92.4348 89.5
-72.5098 -92.7813 89.5
-70.3613 -93.0878 89.5
-68.2129 -93.3854 89.5
-66.0644 -93.613 89.5
-63.916 -93.8209 89.5
-62.1256 -93.9941 89.5
-61.7676 -94.0288 89.5
-59.6191 -94.2367 89.5
-57.4707 -94.4305 89.5
-55.3223 -94.5648 89.5
-53.1738 -94.7218 89.5
-51.0254 -94.9005 89.5
-48.8769 -95.0684 89.5
-46.7285 -95.207 89.5
-44.5801 -95.3906 89.5
-42.4316 -95.5339 89.5
-40.2832 -95.6771 89.5
-38.1347 -95.8203 89.5
-35.9863 -95.9 89.5
-33.8379 -96.0352 89.5
-31.6894 -96.1068 89.5
-29.541 -96.1079 89.5
-27.3926 -96.1079 89.5
-25.2441 -96.1079 89.5
-23.0957 -96.0386 89.5
-20.9472 -95.9635 89.5
-18.7988 -95.8203 89.5
-16.6504 -95.6228 89.5
-14.5019 -95.4622 89.5
-12.3535 -95.2763 89.5
-10.205 -95.0684 89.5
-8.05661 -94.9298 89.5
-5.90817 -94.7911 89.5
-3.75973 -94.6525 89.5
-1.6113 -94.5832 89.5
0.537142 -94.5648 89.5
2.68558 -94.632 89.5
4.83402 -94.7218 89.5
6.98246 -94.9005 89.5
9.13089 -95.0684 89.5
11.2793 -95.2763 89.5
13.4278 -95.4842 89.5
15.5762 -95.6771 89.5
17.7246 -95.8919 89.5
19.8731 -96.0352 89.5
21.4844 -96.1426 89.5
