6.98246 -119.883 -5.5
9.13089 -120.087 -5.5
11.2793 -120.295 -5.5
13.4278 -120.503 -5.5
15.5762 -120.749 -5.5
17.7246 -120.95 -5.5
19.8731 -121.152 -5.5
22.0215 -121.286 -5.5
24.17 -121.353 -5.5
26.3184 -121.37 -5.5
28.4668 -121.42 -5.5
30.6153 -121.37 -5.5
32.7637 -121.286 -5.5
34.9122 -121.175 -5.5
37.0606 -120.95 -5.5
39.209 -120.749 -5.5
41.3575 -120.434 -5.5
43.5059 -120.087 -5.5
45.1172 -119.775 -5.5
45.6543 -119.668 -5.5
47.8028 -119.256 -5.5
49.9512 -118.809 -5.5
52.0997 -118.285 -5.5
54.2481 -117.8 -5.5
54.9195 -117.627 -5.5
56.3965 -117.233 -5.5
58.545 -116.66 -5.5
60.6934 -116.087 -5.5
62.8419 -115.513 -5.5
62.9612 -115.479 -5.5
64.9903 -114.87 -5.5
67.1387 -114.266 -5.5
69.2872 -113.642 -5.5
70.254 -113.33 -5.5
71.4356 -112.936 -5.5
73.584 -112.256 -5.5
75.7325 -111.576 -5.5
76.9141 -111.182 -5.5
77.8809 -110.859 -5.5
80.0294 -110.107 -5.5
82.1778 -109.345 -5.5
83.0567 -109.033 -5.5
84.3262 -108.568 -5.5
86.4747 -107.708 -5.5
88.5336 -106.885 -5.5
88.6231 -106.849 -5.5
90.7715 -105.918 -5.5
92.92 -104.915 -5.5
93.2781 -104.736 -5.5
95.0684 -103.841 -5.5
97.2169 -102.695 -5.5
97.4064 -102.588 -5.5
99.3653 -101.399 -5.5
100.857 -100.439 -5.5
101.514 -100.017 -5.5
103.662 -98.5695 -5.5
104.058 -98.291 -5.5
105.811 -97.0577 -5.5
106.987 -96.1426 -5.5
107.959 -95.3866 -5.5
109.749 -93.9941 -5.5
110.107 -93.7049 -5.5
112.256 -91.887 -5.5
112.303 -91.8457 -5.5
114.404 -89.9121 -5.5
114.638 -89.6973 -5.5
116.553 -87.8621 -5.5
116.854 -87.5488 -5.5
118.701 -85.5405 -5.5
118.83 -85.4004 -5.5
120.726 -83.252 -5.5
120.85 -83.0985 -5.5
122.461 -81.1035 -5.5
122.998 -80.4385 -5.5
124.152 -78.9551 -5.5
125.147 -77.6123 -5.5
125.722 -76.8066 -5.5
127.103 -74.6582 -5.5
127.295 -74.3598 -5.5
128.443 -72.5098 -5.5
129.443 -70.8036 -5.5
129.703 -70.3613 -5.5
130.84 -68.2129 -5.5
131.592 -66.709 -5.5
131.914 -66.0644 -5.5
132.943 -63.916 -5.5
133.74 -62.0155 -5.5
133.848 -61.7676 -5.5
134.745 -59.6191 -5.5
135.577 -57.4707 -5.5
135.889 -56.5918 -5.5
136.325 -55.3223 -5.5
136.963 -53.1738 -5.5
137.587 -51.0254 -5.5
138.037 -49.2798 -5.5
138.141 -48.8769 -5.5
138.675 -46.7285 -5.5
139.078 -44.5801 -5.5
139.481 -42.4316 -5.5
139.804 -40.2832 -5.5
140.082 -38.1347 -5.5
140.186 -37.0605 -5.5
140.286 -35.9863 -5.5
140.428 -33.8379 -5.5
140.567 -31.6894 -5.5
140.705 -29.541 -5.5
140.775 -27.3926 -5.5
140.794 -25.2441 -5.5
140.794 -23.0957 -5.5
140.775 -20.9472 -5.5
140.651 -18.7988 -5.5
140.58 -16.6504 -5.5
140.508 -14.5019 -5.5
140.428 -12.3535 -5.5
140.359 -10.205 -5.5
140.293 -8.05661 -5.5
140.221 -5.90817 -5.5
140.22 -3.75973 -5.5
140.186 -2.68552 -5.5
140.151 -1.6113 -5.5
140.082 0.537142 -5.5
139.951 2.68558 -5.5
139.749 4.83402 -5.5
139.548 6.98246 -5.5
139.279 9.13089 -5.5
139.011 11.2793 -5.5
138.742 13.4278 -5.5
138.474 15.5762 -5.5
138.205 17.7246 -5.5
138.037 18.7989 -5.5
137.864 19.8731 -5.5
137.534 22.0215 -5.5
137.198 24.17 -5.5
136.862 26.3184 -5.5
136.459 28.4668 -5.5
135.993 30.6153 -5.5
135.889 31.1524 -5.5
135.577 32.7637 -5.5
135.092 34.9122 -5.5
134.537 37.0606 -5.5
133.983 39.209 -5.5
133.74 40.0445 -5.5
133.371 41.3575 -5.5
132.767 43.5059 -5.5
132.112 45.6543 -5.5
131.592 47.2657 -5.5
131.419 47.8028 -5.5
130.686 49.9512 -5.5
129.947 52.0997 -5.5
129.443 53.4424 -5.5
129.121 54.2481 -5.5
128.262 56.3965 -5.5
127.402 58.545 -5.5
127.295 58.7929 -5.5
126.471 60.6934 -5.5
125.54 62.8419 -5.5
125.147 63.6296 -5.5
124.466 64.9903 -5.5
123.332 67.1387 -5.5
122.998 67.743 -5.5
122.116 69.2872 -5.5
120.85 71.2566 -5.5
120.73 71.4356 -5.5
119.218 73.584 -5.5
118.701 74.249 -5.5
117.503 75.7325 -5.5
116.553 76.8067 -5.5
115.565 77.8809 -5.5
114.404 79.0894 -5.5
113.424 80.0294 -5.5
112.256 81.0623 -5.5
110.875 82.1778 -5.5
110.107 82.7746 -5.5
107.959 84.2879 -5.5
107.896 84.3262 -5.5
105.811 85.5486 -5.5
104.02 86.4747 -5.5
103.662 86.6599 -5.5
101.514 87.6563 -5.5
99.3653 88.5873 -5.5
99.2758 88.6231 -5.5
97.2169 89.4201 -5.5
95.0684 90.0912 -5.5
92.92 90.7369 -5.5
92.8006 90.7715 -5.5
90.7715 91.3422 -5.5
88.6231 91.8793 -5.5
86.4747 92.3493 -5.5
84.3262 92.816 -5.5
83.7891 92.92 -5.5
82.1778 93.2221 -5.5
80.0294 93.6249 -5.5
77.8809 94.0278 -5.5
75.7325 94.3635 -5.5
73.584 94.632 -5.5
71.4356 94.9006 -5.5
70.0928 95.0684 -5.5
69.2872 95.1691 -5.5
67.1387 95.4377 -5.5
64.9903 95.6575 -5.5
62.8419 95.9347 -5.5
60.6934 96.2434 -5.5
58.545 96.5119 -5.5
56.3965 96.7286 -5.5
54.2481 96.9239 -5.5
52.0997 97.1192 -5.5
50.4883 97.2169 -5.5
49.9512 97.2494 -5.5
47.8028 97.3796 -5.5
45.6543 97.5098 -5.5
43.5059 97.5749 -5.5
41.3575 97.5749 -5.5
39.209 97.4518 -5.5
37.0606 97.3796 -5.5
35.2702 97.2169 -5.5
34.9122 97.1833 -5.5
32.7637 96.9239 -5.5
30.6153 96.6635 -5.5
28.4668 96.3776 -5.5
26.3184 96.1091 -5.5
24.17 95.7734 -5.5
22.0215 95.5048 -5.5
19.8731 95.2363 -5.5
18.5303 95.0684 -5.5
17.7246 94.9677 -5.5
15.5762 94.7566 -5.5
13.4278 94.4977 -5.5
11.2793 94.2021 -5.5
9.13089 93.9249 -5.5
6.98246 93.6477 -5.5
4.83402 93.3855 -5.5
2.68558 93.2319 -5.5
0.537142 93.0274 -5.5
-1.6113 93.0274 -5.5
-3.75973 93.0274 -5.5
-5.90817 93.099 -5.5
-8.05661 93.3012 -5.5
-10.205 93.5287 -5.5
-12.3535 93.8556 -5.5
-14.5019 94.1621 -5.5
-16.6504 94.4977 -5.5
-18.7988 94.8334 -5.5
-20.3027 95.0684 -5.5
-20.9472 95.1691 -5.5
-23.0957 95.5048 -5.5
-25.2441 95.7961 -5.5
-27.3926 96.1762 -5.5
-29.541 96.4892 -5.5
-31.6894 96.7805 -5.5
-33.8379 97.0436 -5.5
-35.6282 97.2169 -5.5
-35.9863 97.2504 -5.5
-38.1347 97.3901 -5.5
-40.2832 97.519 -5.5
-42.4316 97.598 -5.5
-44.5801 97.6673 -5.5
-46.7285 97.7875 -5.5
-48.8769 97.806 -5.5
-51.0254 97.8547 -5.5
-53.1738 97.7875 -5.5
-55.3223 97.7204 -5.5
-57.4707 97.5861 -5.5
-59.6191 97.3901 -5.5
-61.7676 97.2504 -5.5
-62.0361 97.2169 -5.5
-63.916 96.9743 -5.5
-66.0644 96.6971 -5.5
-68.2129 96.3506 -5.5
-70.3613 96.004 -5.5
-72.5098 95.6391 -5.5
-74.6582 95.3034 -5.5
-75.9115 95.0684 -5.5
-76.8066 94.8952 -5.5
-78.9551 94.5486 -5.5
-81.1035 94.1621 -5.5
-83.252 93.717 -5.5
-85.4004 93.2892 -5.5
-86.8774 92.92 -5.5
-87.5488 92.7467 -5.5
-89.6973 92.2616 -5.5
-91.8457 91.6779 -5.5
-93.9941 91.0737 -5.5
-94.9609 90.7715 -5.5
-96.1426 90.3904 -5.5
-98.291 89.628 -5.5
-100.439 88.8657 -5.5
-100.977 88.6231 -5.5
-102.588 87.8712 -5.5
-104.736 86.808 -5.5
-105.341 86.4747 -5.5
-106.885 85.5923 -5.5
-108.854 84.3262 -5.5
-109.033 84.2023 -5.5
-111.182 82.467 -5.5
-111.523 82.1778 -5.5
-113.33 80.588 -5.5
-113.912 80.0294 -5.5
-115.479 78.3947 -5.5
-115.933 77.8809 -5.5
-117.627 75.879 -5.5
-117.746 75.7325 -5.5
-119.277 73.584 -5.5
-119.775 72.8491 -5.5
-120.701 71.4356 -5.5
-121.924 69.3504 -5.5
-121.961 69.2872 -5.5
-123.146 67.1387 -5.5
-124.072 65.2205 -5.5
-124.18 64.9903 -5.5
-125.146 62.8419 -5.5
-126.042 60.6934 -5.5
-126.221 60.2051 -5.5
-126.829 58.545 -5.5
-127.617 56.3965 -5.5
-128.333 54.2481 -5.5
-128.369 54.1407 -5.5
-129.007 52.0997 -5.5
-129.611 49.9512 -5.5
-130.206 47.8028 -5.5
-130.518 46.7286 -5.5
-130.82 45.6543 -5.5
-131.357 43.5059 -5.5
-131.869 41.3575 -5.5
-132.354 39.209 -5.5
-132.666 37.8279 -5.5
-132.839 37.0606 -5.5
-133.304 34.9122 -5.5
-133.774 32.7637 -5.5
-134.244 30.6153 -5.5
-134.711 28.4668 -5.5
-134.814 27.9297 -5.5
-135.126 26.3184 -5.5
-135.587 24.17 -5.5
-135.989 22.0215 -5.5
-136.374 19.8731 -5.5
-136.855 17.7246 -5.5
-136.963 17.1875 -5.5
-137.265 15.5762 -5.5
-137.691 13.4278 -5.5
-138.106 11.2793 -5.5
-138.592 9.13089 -5.5
-139.007 6.98246 -5.5
-139.111 6.52208 -5.5
-139.481 4.83402 -5.5
-139.883 2.68558 -5.5
-140.286 0.537142 -5.5
-140.689 -1.6113 -5.5
-141.087 -3.75973 -5.5
-141.26 -4.65492 -5.5
-141.495 -5.90817 -5.5
-141.898 -8.05661 -5.5
-142.233 -10.205 -5.5
-142.569 -12.3535 -5.5
-142.905 -14.5019 -5.5
-143.166 -16.6504 -5.5
-143.308 -18.7988 -5.5
-143.408 -20.4101 -5.5
-143.443 -20.9472 -5.5
-143.509 -23.0957 -5.5
-143.443 -25.2441 -5.5
-143.442 -27.3926 -5.5
-143.408 -27.9297 -5.5
-143.304 -29.541 -5.5
-143.166 -31.6894 -5.5
-142.972 -33.8379 -5.5
-142.703 -35.9863 -5.5
-142.435 -38.1347 -5.5
-142.099 -40.2832 -5.5
-141.71 -42.4316 -5.5
-141.294 -44.5801 -5.5
-141.26 -44.7335 -5.5
-140.823 -46.7285 -5.5
-140.324 -48.8769 -5.5
-139.749 -51.0254 -5.5
-139.111 -53.0664 -5.5
-139.077 -53.1738 -5.5
-138.406 -55.3223 -5.5
-137.691 -57.4707 -5.5
-136.963 -59.5215 -5.5
-136.927 -59.6191 -5.5
-136.027 -61.7676 -5.5
-135.196 -63.916 -5.5
-134.814 -64.7038 -5.5
-134.156 -66.0644 -5.5
-133.117 -68.2129 -5.5
-132.666 -69.0857 -5.5
-131.962 -70.3613 -5.5
-130.703 -72.5098 -5.5
-130.518 -72.8257 -5.5
-129.405 -74.6582 -5.5
-128.369 -76.2695 -5.5
-128.011 -76.8066 -5.5
-126.499 -78.9551 -5.5
-126.221 -79.3311 -5.5
-124.857 -81.1035 -5.5
-124.072 -82.0754 -5.5
-123.122 -83.252 -5.5
-121.924 -84.6064 -5.5
-121.221 -85.4004 -5.5
-119.775 -86.967 -5.5
-119.217 -87.5488 -5.5
-117.627 -89.2049 -5.5
-117.135 -89.6973 -5.5
-115.479 -91.2871 -5.5
-114.844 -91.8457 -5.5
-113.33 -93.1265 -5.5
-112.305 -93.9941 -5.5
-111.182 -94.9092 -5.5
-109.517 -96.1426 -5.5
-109.033 -96.4879 -5.5
-106.885 -97.9457 -5.5
-106.376 -98.291 -5.5
-104.736 -99.4036 -5.5
-103.125 -100.439 -5.5
-102.588 -100.773 -5.5
-100.439 -102.089 -5.5
-99.5667 -102.588 -5.5
-98.291 -103.292 -5.5
-96.1426 -104.468 -5.5
-95.6413 -104.736 -5.5
-93.9941 -105.56 -5.5
-91.8457 -106.625 -5.5
-91.2673 -106.885 -5.5
-89.6973 -107.565 -5.5
-87.5488 -108.496 -5.5
-86.2061 -109.033 -5.5
-85.4004 -109.345 -5.5
-83.252 -110.177 -5.5
-81.1035 -110.87 -5.5
-80.1367 -111.182 -5.5
-78.9551 -111.563 -5.5
-76.8066 -112.22 -5.5
-74.6582 -112.849 -5.5
-72.6632 -113.33 -5.5
-72.5098 -113.366 -5.5
-70.3613 -113.939 -5.5
-68.2129 -114.404 -5.5
-66.0644 -114.923 -5.5
-63.916 -115.363 -5.5
-63.3789 -115.479 -5.5
-61.7676 -115.801 -5.5
-59.6191 -116.23 -5.5
-57.4707 -116.627 -5.5
-55.3223 -116.923 -5.5
-53.1738 -117.282 -5.5
-51.0254 -117.512 -5.5
-50.2197 -117.627 -5.5
-48.8769 -117.806 -5.5
-46.7285 -117.96 -5.5
-44.5801 -118.236 -5.5
-42.4316 -118.451 -5.5
-40.2832 -118.632 -5.5
-38.1347 -118.77 -5.5
-35.9863 -118.909 -5.5
-33.8379 -118.952 -5.5
-31.6894 -118.978 -5.5
-29.541 -118.978 -5.5
-27.3926 -118.978 -5.5
-25.2441 -118.978 -5.5
-23.0957 -118.978 -5.5
-20.9472 -118.909 -5.5
-18.7988 -118.909 -5.5
-16.6504 -118.909 -5.5
-14.5019 -118.909 -5.5
-12.3535 -118.909 -5.5
-10.205 -118.978 -5.5
-8.05661 -119.048 -5.5
-5.90817 -119.117 -5.5
-3.75973 -119.256 -5.5
-1.6113 -119.325 -5.5
0.537142 -119.464 -5.5
2.68558 -119.596 -5.5
4.83402 -119.74 -5.5
5.37113 -119.775 -5.5
