13.4278 -119.876 -25.5
15.5762 -120.018 -25.5
17.7246 -120.226 -25.5
19.8731 -120.434 -25.5
22.0215 -120.682 -25.5
24.17 -120.85 -25.5
26.3184 -121.017 -25.5
28.4668 -121.11 -25.5
30.6153 -121.24 -25.5
32.7637 -121.24 -25.5
34.9122 -121.26 -25.5
37.0606 -121.24 -25.5
39.209 -121.134 -25.5
41.3575 -121.045 -25.5
43.5059 -120.85 -25.5
45.6543 -120.682 -25.5
47.8028 -120.413 -25.5
49.9512 -120.087 -25.5
51.8848 -119.775 -25.5
52.0997 -119.741 -25.5
54.2481 -119.394 -25.5
56.3965 -118.978 -25.5
58.545 -118.493 -25.5
60.6934 -118.008 -25.5
62.1705 -117.627 -25.5
62.8419 -117.454 -25.5
64.9903 -116.899 -25.5
67.1387 -116.276 -25.5
69.2872 -115.652 -25.5
69.884 -115.479 -25.5
71.4356 -115.013 -25.5
73.584 -114.335 -25.5
75.7325 -113.581 -25.5
76.4161 -113.33 -25.5
77.8809 -112.81 -25.5
80.0294 -112.048 -25.5
82.1778 -111.216 -25.5
82.2604 -111.182 -25.5
84.3262 -110.286 -25.5
86.4747 -109.355 -25.5
87.2184 -109.033 -25.5
88.6231 -108.403 -25.5
90.7715 -107.35 -25.5
91.7025 -106.885 -25.5
92.92 -106.255 -25.5
95.0684 -105.07 -25.5
95.6727 -104.736 -25.5
97.2169 -103.884 -25.5
99.3653 -102.626 -25.5
99.4285 -102.588 -25.5
101.514 -101.322 -25.5
102.886 -100.439 -25.5
103.662 -99.9407 -25.5
105.811 -98.4899 -25.5
106.079 -98.291 -25.5
107.959 -96.8985 -25.5
108.98 -96.1426 -25.5
110.107 -95.2749 -25.5
111.621 -93.9941 -25.5
112.256 -93.4355 -25.5
114.063 -91.8457 -25.5
114.404 -91.5324 -25.5
116.319 -89.6973 -25.5
116.553 -89.4735 -25.5
118.477 -87.5488 -25.5
118.701 -87.3153 -25.5
120.463 -85.4004 -25.5
120.85 -84.98 -25.5
122.44 -83.252 -25.5
122.998 -82.6172 -25.5
124.279 -81.1035 -25.5
125.147 -80.0781 -25.5
126.062 -78.9551 -25.5
127.295 -77.29 -25.5
127.653 -76.8066 -25.5
129.165 -74.6582 -25.5
129.443 -74.2404 -25.5
130.556 -72.5098 -25.5
131.592 -70.8036 -25.5
131.851 -70.3613 -25.5
132.988 -68.2129 -25.5
133.74 -66.709 -25.5
134.063 -66.0644 -25.5
135.065 -63.916 -25.5
135.889 -62.1512 -25.5
136.062 -61.7676 -25.5
136.894 -59.6191 -25.5
137.725 -57.4707 -25.5
138.037 -56.5039 -25.5
138.418 -55.3223 -25.5
139.042 -53.1738 -25.5
139.615 -51.0254 -25.5
140.151 -48.8769 -25.5
140.186 -48.7235 -25.5
140.622 -46.7285 -25.5
141.025 -44.5801 -25.5
141.398 -42.4316 -25.5
141.745 -40.2832 -25.5
142.022 -38.1347 -25.5
142.23 -35.9863 -25.5
142.334 -34.375 -25.5
142.368 -33.8379 -25.5
142.438 -31.6894 -25.5
142.438 -29.541 -25.5
142.441 -27.3926 -25.5
142.441 -25.2441 -25.5
142.507 -23.0957 -25.5
142.507 -20.9472 -25.5
142.502 -18.7988 -25.5
142.438 -16.6504 -25.5
142.368 -14.5019 -25.5
142.334 -13.4277 -25.5
142.299 -12.3535 -25.5
142.166 -10.205 -25.5
142.032 -8.05661 -25.5
141.831 -5.90817 -25.5
141.629 -3.75973 -25.5
141.455 -1.6113 -25.5
141.226 0.537142 -25.5
141.025 2.68558 -25.5
140.775 4.83402 -25.5
140.555 6.98246 -25.5
140.286 9.13089 -25.5
140.186 9.77543 -25.5
139.951 11.2793 -25.5
139.615 13.4278 -25.5
139.279 15.5762 -25.5
138.876 17.7246 -25.5
138.406 19.8731 -25.5
138.037 21.5611 -25.5
137.933 22.0215 -25.5
137.448 24.17 -25.5
136.894 26.3184 -25.5
136.339 28.4668 -25.5
135.889 30.0185 -25.5
135.71 30.6153 -25.5
134.953 32.7637 -25.5
134.206 34.9122 -25.5
133.74 36.1817 -25.5
133.418 37.0606 -25.5
132.597 39.209 -25.5
131.765 41.3575 -25.5
131.592 41.7706 -25.5
130.84 43.5059 -25.5
129.981 45.6543 -25.5
129.443 46.8938 -25.5
129.062 47.8028 -25.5
128.161 49.9512 -25.5
127.295 52.017 -25.5
127.259 52.0997 -25.5
126.257 54.2481 -25.5
125.254 56.3965 -25.5
125.147 56.598 -25.5
124.108 58.545 -25.5
122.998 60.6263 -25.5
122.961 60.6934 -25.5
121.732 62.8419 -25.5
120.85 64.2952 -25.5
120.428 64.9903 -25.5
119.047 67.1387 -25.5
118.701 67.6476 -25.5
117.589 69.2872 -25.5
116.553 70.7374 -25.5
116.016 71.4356 -25.5
114.404 73.4306 -25.5
114.275 73.584 -25.5
112.385 75.7325 -25.5
112.256 75.8668 -25.5
110.242 77.8809 -25.5
110.107 78.0098 -25.5
107.959 79.9054 -25.5
107.806 80.0294 -25.5
105.811 81.581 -25.5
105.005 82.1778 -25.5
103.662 83.1369 -25.5
101.812 84.3262 -25.5
101.514 84.5114 -25.5
99.3653 85.7709 -25.5
98.0897 86.4747 -25.5
97.2169 86.9252 -25.5
95.0684 87.9428 -25.5
93.3676 88.6231 -25.5
92.92 88.8021 -25.5
90.7715 89.628 -25.5
88.6231 90.3211 -25.5
87.2266 90.7715 -25.5
86.4747 91.0141 -25.5
84.3262 91.5685 -25.5
82.1778 92.123 -25.5
80.0294 92.6693 -25.5
78.7761 92.92 -25.5
77.8809 93.0932 -25.5
75.7325 93.5091 -25.5
73.584 93.9249 -25.5
71.4356 94.3407 -25.5
69.2872 94.632 -25.5
67.1387 94.9645 -25.5
66.3331 95.0684 -25.5
64.9903 95.2363 -25.5
62.8419 95.5048 -25.5
60.6934 95.7734 -25.5
58.545 95.9748 -25.5
56.3965 96.2077 -25.5
54.2481 96.4031 -25.5
52.0997 96.5333 -25.5
49.9512 96.6635 -25.5
47.8028 96.7286 -25.5
45.6543 96.6635 -25.5
43.5059 96.5984 -25.5
41.3575 96.4682 -25.5
39.209 96.3105 -25.5
37.0606 96.0419 -25.5
34.9122 95.7734 -25.5
32.7637 95.5048 -25.5
30.6153 95.1724 -25.5
29.8096 95.0684 -25.5
28.4668 94.8952 -25.5
26.3184 94.5649 -25.5
24.17 94.2714 -25.5
22.0215 93.9606 -25.5
19.8731 93.6477 -25.5
17.7246 93.4235 -25.5
15.5762 93.1626 -25.5
13.4278 92.9546 -25.5
13.0697 92.92 -25.5
11.2793 92.7521 -25.5
9.13089 92.6179 -25.5
6.98246 92.4164 -25.5
4.83402 92.2822 -25.5
2.68558 92.1479 -25.5
0.537142 92.0808 -25.5
-1.6113 92.0136 -25.5
-3.75973 92.0808 -25.5
-5.90817 92.1479 -25.5
-8.05661 92.2822 -25.5
-10.205 92.4164 -25.5
-12.3535 92.6774 -25.5
-14.5019 92.8864 -25.5
-14.7705 92.92 -25.5
-16.6504 93.155 -25.5
-18.7988 93.4398 -25.5
-20.9472 93.7592 -25.5
-23.0957 94.0949 -25.5
-25.2441 94.4306 -25.5
-27.3926 94.6992 -25.5
-29.541 94.9645 -25.5
-30.6152 95.0684 -25.5
-31.6894 95.1724 -25.5
-33.8379 95.3803 -25.5
-35.9863 95.5189 -25.5
-38.1347 95.7268 -25.5
-40.2832 95.8654 -25.5
-42.4316 95.9748 -25.5
-44.5801 96.1091 -25.5
-46.7285 96.1762 -25.5
-48.8769 96.1762 -25.5
-51.0254 96.1762 -25.5
-53.1738 96.0419 -25.5
-55.3223 95.9347 -25.5
-57.4707 95.7734 -25.5
-59.6191 95.5882 -25.5
-61.7676 95.3803 -25.5
-63.916 95.1724 -25.5
-64.9902 95.0684 -25.5
-66.0644 94.9677 -25.5
-68.2129 94.7566 -25.5
-70.3613 94.4306 -25.5
-72.5098 94.1244 -25.5
-74.6582 93.7592 -25.5
-76.8066 93.3564 -25.5
-78.8016 92.92 -25.5
-78.9551 92.8853 -25.5
-81.1035 92.4164 -25.5
-83.252 91.8793 -25.5
-85.4004 91.2751 -25.5
-87.1908 90.7715 -25.5
-87.5488 90.6676 -25.5
-89.6973 89.9052 -25.5
-91.8457 89.1429 -25.5
-93.0852 88.6231 -25.5
-93.9941 88.2292 -25.5
-96.1426 87.2982 -25.5
-97.7897 86.4747 -25.5
-98.291 86.2154 -25.5
-100.439 84.9784 -25.5
-101.454 84.3262 -25.5
-102.588 83.5703 -25.5
-104.468 82.1778 -25.5
-104.736 81.9712 -25.5
-106.885 80.2359 -25.5
-107.118 80.0294 -25.5
-109.033 78.2676 -25.5
-109.436 77.8809 -25.5
-111.182 76.1353 -25.5
-111.568 75.7325 -25.5
-113.33 73.8176 -25.5
-113.545 73.584 -25.5
-115.355 71.4356 -25.5
-115.479 71.2821 -25.5
-117.09 69.2872 -25.5
-117.627 68.5522 -25.5
-118.622 67.1387 -25.5
-119.775 65.408 -25.5
-120.035 64.9903 -25.5
-121.368 62.8419 -25.5
-121.924 61.894 -25.5
-122.604 60.6934 -25.5
-123.739 58.545 -25.5
-124.072 57.9004 -25.5
-124.824 56.3965 -25.5
-125.827 54.2481 -25.5
-126.221 53.3391 -25.5
-126.758 52.0997 -25.5
-127.641 49.9512 -25.5
-128.369 48.0713 -25.5
-128.473 47.8028 -25.5
-129.235 45.6543 -25.5
-129.929 43.5059 -25.5
-130.518 41.6797 -25.5
-130.622 41.3575 -25.5
-131.245 39.209 -25.5
-131.869 37.0606 -25.5
-132.493 34.9122 -25.5
-132.666 34.3154 -25.5
-133.102 32.7637 -25.5
-133.64 30.6153 -25.5
-134.225 28.4668 -25.5
-134.78 26.3184 -25.5
-134.814 26.1841 -25.5
-135.318 24.17 -25.5
-135.855 22.0215 -25.5
-136.374 19.8731 -25.5
-136.927 17.7246 -25.5
-136.963 17.5712 -25.5
-137.399 15.5762 -25.5
-137.899 13.4278 -25.5
-138.384 11.2793 -25.5
-138.869 9.13089 -25.5
-139.111 8.05668 -25.5
-139.354 6.98246 -25.5
-139.839 4.83402 -25.5
-140.324 2.68558 -25.5
-140.809 0.537142 -25.5
-141.225 -1.6113 -25.5
-141.26 -1.76476 -25.5
-141.696 -3.75973 -25.5
-142.099 -5.90817 -25.5
-142.502 -8.05661 -25.5
-142.838 -10.205 -25.5
-143.166 -12.3535 -25.5
-143.374 -14.5019 -25.5
-143.408 -14.86 -25.5
-143.581 -16.6504 -25.5
-143.73 -18.7988 -25.5
-143.859 -20.9472 -25.5
-143.928 -23.0957 -25.5
-143.945 -25.2441 -25.5
-143.945 -27.3926 -25.5
-143.928 -29.541 -25.5
-143.802 -31.6894 -25.5
-143.73 -33.8379 -25.5
-143.587 -35.9863 -25.5
-143.444 -38.1347 -25.5
-143.408 -38.6719 -25.5
-143.304 -40.2832 -25.5
-143.039 -42.4316 -25.5
-142.75 -44.5801 -25.5
-142.368 -46.7285 -25.5
-141.898 -48.8769 -25.5
-141.36 -51.0254 -25.5
-141.26 -51.3834 -25.5
-140.74 -53.1738 -25.5
-140.047 -55.3223 -25.5
-139.354 -57.4707 -25.5
-139.111 -58.1543 -25.5
-138.574 -59.6191 -25.5
-137.715 -61.7676 -25.5
-136.963 -63.5028 -25.5
-136.79 -63.916 -25.5
-135.853 -66.0644 -25.5
-134.849 -68.2129 -25.5
-134.814 -68.28 -25.5
-133.704 -70.3613 -25.5
-132.666 -72.1938 -25.5
-132.481 -72.5098 -25.5
-131.221 -74.6582 -25.5
-130.518 -75.7324 -25.5
-129.762 -76.8066 -25.5
-128.369 -78.7855 -25.5
-128.245 -78.9551 -25.5
-126.593 -81.1035 -25.5
-126.221 -81.543 -25.5
-124.775 -83.252 -25.5
-124.072 -84.0459 -25.5
-122.774 -85.4004 -25.5
-121.924 -86.2878 -25.5
-120.715 -87.5488 -25.5
-119.775 -88.4888 -25.5
-118.514 -89.6973 -25.5
-117.627 -90.5137 -25.5
-116.113 -91.8457 -25.5
-115.479 -92.3828 -25.5
-113.484 -93.9941 -25.5
-113.33 -94.1181 -25.5
-111.182 -95.7845 -25.5
-110.673 -96.1426 -25.5
-109.033 -97.2964 -25.5
-107.62 -98.291 -25.5
-106.885 -98.7898 -25.5
-104.736 -100.171 -25.5
-104.319 -100.439 -25.5
-102.588 -101.514 -25.5
-100.755 -102.588 -25.5
-100.439 -102.773 -25.5
-98.291 -103.958 -25.5
-96.7871 -104.736 -25.5
-96.1426 -105.059 -25.5
-93.9941 -106.061 -25.5
-92.2294 -106.885 -25.5
-91.8457 -107.058 -25.5
-89.6973 -107.923 -25.5
-87.5488 -108.774 -25.5
-86.8652 -109.033 -25.5
-85.4004 -109.57 -25.5
-83.252 -110.33 -25.5
-81.1035 -111.067 -25.5
-80.7007 -111.182 -25.5
-78.9551 -111.663 -25.5
-76.8066 -112.33 -25.5
-74.6582 -112.908 -25.5
-73.1811 -113.33 -25.5
-72.5098 -113.509 -25.5
-70.3613 -114.01 -25.5
-68.2129 -114.478 -25.5
-66.0644 -114.903 -25.5
-63.916 -115.293 -25.5
-62.8418 -115.479 -25.5
-61.7676 -115.658 -25.5
-59.6191 -115.998 -25.5
-57.4707 -116.345 -25.5
-55.3223 -116.622 -25.5
-53.1738 -116.922 -25.5
-51.0254 -117.123 -25.5
-48.8769 -117.325 -25.5
-46.7285 -117.523 -25.5
-44.5801 -117.592 -25.5
-43.5058 -117.627 -25.5
-42.4316 -117.662 -25.5
-40.2832 -117.663 -25.5
-38.1347 -117.734 -25.5
-35.9863 -117.734 -25.5
-33.8379 -117.806 -25.5
-31.6894 -117.806 -25.5
-29.541 -117.806 -25.5
-27.3926 -117.806 -25.5
-25.2441 -117.806 -25.5
-23.0957 -117.806 -25.5
-20.9472 -117.806 -25.5
-18.7988 -117.806 -25.5
-16.6504 -117.806 -25.5
-14.5019 -117.878 -25.5
-12.3535 -117.949 -25.5
-10.205 -118.021 -25.5
-8.05661 -118.164 -25.5
-5.90817 -118.355 -25.5
-3.75973 -118.493 -25.5
-1.6113 -118.701 -25.5
0.537142 -118.896 -25.5
2.68558 -119.092 -25.5
4.83402 -119.222 -25.5
6.98246 -119.406 -25.5
9.13089 -119.54 -25.5
11.2793 -119.741 -25.5
11.8164 -119.775 -25.5
