9.13089 -115.582 32
11.2793 -115.721 32
13.4278 -115.86 32
15.5762 -115.929 32
17.7246 -115.998 32
19.8731 -115.998 32
22.0215 -115.998 32
24.17 -115.998 32
26.3184 -115.929 32
28.4668 -115.86 32
30.6153 -115.79 32
32.7637 -115.714 32
34.9122 -115.579 32
36.5235 -115.479 32
37.0606 -115.444 32
39.209 -115.236 32
41.3575 -115.028 32
43.5059 -114.706 32
45.6543 -114.371 32
47.8028 -114.035 32
49.9512 -113.632 32
51.5625 -113.33 32
52.0997 -113.229 32
54.2481 -112.827 32
56.3965 -112.357 32
58.545 -111.909 32
60.6934 -111.424 32
61.7676 -111.182 32
62.8419 -110.939 32
64.9903 -110.454 32
67.1387 -109.9 32
69.2872 -109.345 32
70.4957 -109.033 32
71.4356 -108.791 32
73.584 -108.194 32
75.7325 -107.543 32
77.7735 -106.885 32
77.8809 -106.85 32
80.0294 -106.157 32
82.1778 -105.374 32
83.8786 -104.736 32
84.3262 -104.557 32
86.4747 -103.662 32
88.6231 -102.761 32
88.9812 -102.588 32
90.7715 -101.693 32
92.92 -100.618 32
93.2557 -100.439 32
95.0684 -99.4393 32
97.0273 -98.291 32
97.2169 -98.1759 32
99.3653 -96.7948 32
100.38 -96.1426 32
101.514 -95.4136 32
103.606 -93.9941 32
103.662 -93.9544 32
105.811 -92.4425 32
106.578 -91.8457 32
107.959 -90.7302 32
109.18 -89.6973 32
110.107 -88.9123 32
111.719 -87.5488 32
112.256 -87.0762 32
114.002 -85.4004 32
114.404 -84.9976 32
116.15 -83.252 32
116.553 -82.8491 32
118.229 -81.1035 32
118.701 -80.5898 32
120.147 -78.9551 32
120.85 -78.125 32
121.965 -76.8066 32
122.998 -75.5278 32
123.674 -74.6582 32
125.147 -72.6709 32
125.266 -72.5098 32
126.72 -70.3613 32
127.295 -69.4661 32
128.073 -68.2129 32
129.332 -66.0644 32
129.443 -65.863 32
130.518 -63.916 32
131.592 -61.8392 32
131.628 -61.7676 32
132.666 -59.6191 32
133.705 -57.4707 32
133.74 -57.3881 32
134.607 -55.3223 32
135.508 -53.1738 32
135.889 -52.2649 32
136.392 -51.0254 32
137.171 -48.8769 32
137.933 -46.7285 32
138.037 -46.4062 32
138.608 -44.5801 32
139.25 -42.4316 32
139.874 -40.2832 32
140.186 -39.3164 32
140.567 -38.1347 32
141.191 -35.9863 32
141.869 -33.8379 32
142.334 -32.2862 32
142.513 -31.6894 32
143.2 -29.541 32
143.874 -27.3926 32
144.447 -25.2441 32
144.483 -25.1098 32
145.002 -23.0957 32
145.418 -20.9472 32
145.779 -18.7988 32
146.149 -16.6504 32
146.512 -14.5019 32
146.631 -13.6963 32
146.83 -12.3535 32
147.228 -10.205 32
147.626 -8.05661 32
148.023 -5.90817 32
148.408 -3.75973 32
148.779 -1.82614 32
148.822 -1.6113 32
149.182 0.537142 32
149.63 2.68558 32
150.077 4.83402 32
150.601 6.98246 32
150.928 8.48636 32
151.074 9.13089 32
151.628 11.2793 32
152.051 13.4278 32
152.441 15.5762 32
152.734 17.7246 32
152.93 19.8731 32
153.027 22.0215 32
153.076 23.0957 32
153.127 24.17 32
153.13 26.3184 32
153.076 27.3926 32
153.023 28.4668 32
152.808 30.6153 32
152.485 32.7637 32
151.948 34.9122 32
151.089 37.0606 32
150.928 37.3536 32
149.956 39.209 32
148.779 40.9738 32
148.546 41.3575 32
147.123 43.5059 32
146.631 44.2444 32
145.795 45.6543 32
144.674 47.8028 32
144.483 48.1864 32
143.631 49.9512 32
142.8 52.0997 32
142.334 53.2634 32
141.927 54.2481 32
141.081 56.3965 32
140.221 58.545 32
140.186 58.6276 32
139.29 60.6934 32
138.359 62.8419 32
138.037 63.5324 32
137.308 64.9903 32
136.157 67.1387 32
135.889 67.6087 32
134.93 69.2872 32
133.74 71.246 32
133.621 71.4356 32
132.189 73.584 32
131.592 74.3897 32
130.559 75.7325 32
129.443 77.1136 32
128.772 77.8809 32
127.295 79.4922 32
126.781 80.0294 32
125.147 81.5333 32
124.414 82.1778 32
122.998 83.3316 32
121.655 84.3262 32
120.85 84.9017 32
118.701 86.2061 32
118.231 86.4747 32
116.553 87.3699 32
114.404 88.3638 32
113.778 88.6231 32
112.256 89.2318 32
110.107 90.0196 32
107.959 90.7357 32
107.852 90.7715 32
105.811 91.4299 32
103.662 92.0248 32
101.514 92.5977 32
100.133 92.92 32
99.3653 93.0932 32
97.2169 93.5784 32
95.0684 93.9942 32
92.92 94.3407 32
90.7715 94.6873 32
88.6231 95.0338 32
88.3546 95.0684 32
86.4747 95.311 32
84.3262 95.572 32
82.1778 95.7961 32
80.0294 96.1091 32
77.8809 96.4448 32
75.7325 96.7805 32
73.584 97.1162 32
72.7784 97.2169 32
71.4356 97.3796 32
69.2872 97.5861 32
67.1387 97.8547 32
64.9903 98.0561 32
62.8419 98.2911 32
60.6934 98.499 32
58.545 98.7762 32
56.3965 98.9841 32
54.2481 99.1863 32
52.4577 99.3653 32
52.0997 99.4 32
49.9512 99.4727 32
47.8028 99.5386 32
45.6543 99.4727 32
44.043 99.3653 32
43.5059 99.3295 32
41.3575 99.1146 32
39.209 98.8998 32
37.0606 98.685 32
34.9122 98.4701 32
32.7637 98.3269 32
30.6153 98.217 32
28.4668 98.1429 32
26.3184 98.0688 32
24.17 97.9207 32
22.0215 97.7156 32
19.8731 97.4954 32
17.9932 97.2169 32
17.7246 97.1771 32
15.5762 96.8588 32
13.4278 96.5405 32
11.2793 96.2666 32
9.13089 96.1013 32
6.98246 96.0187 32
4.83402 95.9361 32
2.68558 95.9361 32
0.537142 95.9361 32
-1.6113 95.9361 32
-3.75973 95.9361 32
-5.90817 95.9361 32
-8.05661 96.0187 32
-10.205 96.1013 32
-12.3535 96.3018 32
-14.5019 96.5971 32
-16.6504 96.9384 32
-18.5302 97.2169 32
-18.7988 97.2566 32
-20.9472 97.7156 32
-23.0957 98.0688 32
-25.2441 98.5133 32
-27.3926 98.9714 32
-29.0806 99.3653 32
-29.541 99.4693 32
-31.6894 99.8851 32
-33.8379 100.205 32
-35.9863 100.44 32
-38.1347 100.57 32
-40.2832 100.635 32
-42.4316 100.7 32
-44.5801 100.7 32
-46.7285 100.7 32
-48.8769 100.7 32
-51.0254 100.635 32
-53.1738 100.635 32
-55.3223 100.635 32
-57.4707 100.635 32
-59.6191 100.607 32
-61.7676 100.57 32
-63.916 100.44 32
-66.0644 100.309 32
-68.2129 100.049 32
-70.3613 99.6674 32
-71.9726 99.3653 32
-72.5098 99.2613 32
-74.6582 98.7275 32
-76.8066 98.2575 32
-78.9551 97.7875 32
-81.1035 97.3847 32
-81.8708 97.2169 32
-83.252 96.9147 32
-85.4004 96.4448 32
-87.5488 95.9748 32
-89.6973 95.5048 32
-91.6922 95.0684 32
-91.8457 95.0338 32
-93.9941 94.5649 32
-96.1426 94.0949 32
-98.291 93.5578 32
-100.439 93.0207 32
-100.842 92.92 32
-102.588 92.4695 32
-104.736 91.8793 32
-106.885 91.2751 32
-108.35 90.7715 32
-109.033 90.529 32
-111.182 89.798 32
-113.33 89.0043 32
-114.239 88.6231 32
-115.479 88.086 32
-117.627 87.0834 32
-118.768 86.4747 32
-119.775 85.919 32
-121.924 84.5948 32
-122.32 84.3262 32
-124.072 83.0454 32
-125.053 82.1778 32
-126.221 81.0588 32
-127.209 80.0294 32
-128.369 78.5792 32
-128.886 77.8809 32
-130.326 75.7325 32
-130.518 75.3744 32
-131.444 73.584 32
-132.407 71.4356 32
-132.666 70.809 32
-133.255 69.2872 32
-133.948 67.1387 32
-134.564 64.9903 32
-134.814 64.0503 32
-135.126 62.8419 32
-135.611 60.6934 32
-136.097 58.545 32
-136.512 56.3965 32
-136.963 54.4016 32
-136.996 54.2481 32
-137.399 52.0997 32
-137.76 49.9512 32
-138.176 47.8028 32
-138.522 45.6543 32
-138.869 43.5059 32
-139.111 42.2527 32
-139.285 41.3575 32
-139.631 39.209 32
-139.978 37.0606 32
-140.324 34.9122 32
-140.671 32.7637 32
-140.938 30.6153 32
-141.156 28.4668 32
-141.26 27.6612 32
-141.433 26.3184 32
-141.641 24.17 32
-141.849 22.0215 32
-142.099 19.8731 32
-142.334 17.7246 32
-142.611 15.5762 32
-142.888 13.4278 32
-143.158 11.2793 32
-143.408 9.39945 32
-143.443 9.13089 32
-143.71 6.98246 32
-143.979 4.83402 32
-144.247 2.68558 32
-144.516 0.537142 32
-144.76 -1.6113 32
-145.037 -3.75973 32
-145.314 -5.90817 32
-145.557 -7.78806 32
-145.59 -8.05661 32
-145.799 -10.205 32
-145.993 -12.3535 32
-146.127 -14.5019 32
-146.194 -16.6504 32
-146.262 -18.7988 32
-146.194 -20.9472 32
-146.127 -23.0957 32
-145.993 -25.2441 32
-145.792 -27.3926 32
-145.557 -28.8965 32
-145.453 -29.541 32
-145.053 -31.6894 32
-144.583 -33.8379 32
-144.046 -35.9863 32
-143.408 -38.0273 32
-143.374 -38.1347 32
-142.681 -40.2832 32
-141.918 -42.4316 32
-141.26 -44.4726 32
-141.224 -44.5801 32
-140.393 -46.7285 32
-139.631 -48.8769 32
-139.111 -50.3418 32
-138.861 -51.0254 32
-138.037 -53.1738 32
-137.205 -55.3223 32
-136.963 -55.9007 32
-136.283 -57.4707 32
-135.28 -59.6191 32
-134.814 -60.5501 32
-134.185 -61.7676 32
-132.999 -63.916 32
-132.666 -64.4847 32
-131.707 -66.0644 32
-130.518 -68.0233 32
-130.398 -68.2129 32
-128.945 -70.3613 32
-128.369 -71.2094 32
-127.454 -72.5098 32
-126.221 -74.2624 32
-125.932 -74.6582 32
-124.279 -76.8066 32
-124.072 -77.0624 32
-122.482 -78.9551 32
-121.924 -79.5898 32
-120.536 -81.1035 32
-119.775 -81.8975 32
-118.477 -83.252 32
-117.627 -84.1393 32
-116.366 -85.4004 32
-115.479 -86.2878 32
-114.217 -87.5488 32
-113.33 -88.3652 32
-111.744 -89.6973 32
-111.182 -90.1517 32
-109.033 -91.8044 32
-108.977 -91.8457 32
-106.885 -93.3178 32
-105.924 -93.9941 32
-104.736 -94.7998 32
-102.648 -96.1426 32
-102.588 -96.1809 32
-100.439 -97.4854 32
-99.1125 -98.291 32
-98.291 -98.7726 32
-96.1426 -99.9407 32
-95.2116 -100.439 32
-93.9941 -101.069 32
-91.8457 -102.106 32
-90.8482 -102.588 32
-89.6973 -103.144 32
-87.5488 -104.181 32
-86.3093 -104.736 32
-85.4004 -105.13 32
-83.252 -106.061 32
-81.193 -106.885 32
-81.1035 -106.919 32
-78.9551 -107.751 32
-76.8066 -108.463 32
-74.9805 -109.033 32
-74.6582 -109.137 32
-72.5098 -109.761 32
-70.3613 -110.342 32
-68.2129 -110.8 32
-66.2435 -111.182 32
-66.0644 -111.215 32
-63.916 -111.551 32
-61.7676 -111.79 32
-59.6191 -112.077 32
-57.4707 -112.256 32
-55.3223 -112.448 32
-53.1738 -112.733 32
-51.0254 -113.052 32
-49.5215 -113.33 32
-48.8769 -113.438 32
-46.7285 -113.738 32
-44.5801 -114.082 32
-42.4316 -114.368 32
-40.2832 -114.612 32
-38.1347 -114.82 32
-35.9863 -115.028 32
-33.8379 -115.156 32
-31.6894 -115.228 32
-29.541 -115.293 32
-27.3926 -115.287 32
-25.2441 -115.28 32
-23.0957 -115.272 32
-20.9472 -115.2 32
-18.7988 -115.133 32
-16.6504 -115.133 32
-14.5019 -115.071 32
-12.3535 -114.959 32
-10.205 -114.908 32
-8.05661 -114.841 32
-5.90817 -114.795 32
-3.75973 -114.774 32
-1.6113 -114.841 32
0.537142 -114.959 32
2.68558 -115.097 32
4.83402 -115.244 32
6.98246 -115.444 32
7.51957 -115.479 32
