-42.4316 -103.662 -118
-40.2832 -103.662 -118
-38.1347 -103.662 -118
-35.9863 -103.662 -118
-33.8379 -103.662 -118
-31.6894 -103.662 -118
-29.541 -103.662 -118
-27.3926 -103.662 -118
-25.2441 -103.662 -118
-23.0957 -103.662 -118
-20.9472 -103.662 -118
-18.7988 -103.662 -118
-16.6504 -103.662 -118
-14.5019 -103.662 -118
-12.3535 -103.662 -118
-10.205 -103.662 -118
-8.05661 -103.662 -118
-5.90817 -103.662 -118
-4.83395 -102.588 -118
-3.75973 -101.514 -118
-1.6113 -101.514 -118
-0.537078 -100.439 -118
0.537142 -99.3652 -118
2.68558 -99.3652 -118
3.7598 -98.291 -118
4.83402 -97.2168 -118
5.90824 -96.1426 -118
6.98246 -95.0684 -118
9.13089 -95.0684 -118
10.2051 -93.9941 -118
11.2793 -92.9199 -118
12.3536 -91.8457 -118
13.4278 -90.7715 -118
15.5762 -90.7715 -118
16.6504 -89.6973 -118
17.7246 -88.623 -118
18.7989 -87.5488 -118
19.8731 -86.4746 -118
22.0215 -86.4746 -118
23.0957 -85.4004 -118
24.17 -84.3262 -118
25.2442 -83.252 -118
26.3184 -82.1777 -118
27.3926 -81.1035 -118
28.4668 -80.0293 -118
30.6153 -80.0293 -118
31.6895 -78.9551 -118
32.7637 -77.8809 -118
34.9122 -77.8809 -118
35.9864 -76.8066 -118
37.0606 -75.7324 -118
39.209 -75.7324 -118
41.3575 -75.7324 -118
43.5059 -75.7324 -118
44.5801 -74.6582 -118
45.6543 -73.584 -118
47.8028 -73.584 -118
49.9512 -73.584 -118
51.0254 -72.5098 -118
52.0997 -71.4355 -118
54.2481 -71.4355 -118
56.3965 -71.4355 -118
57.4708 -70.3613 -118
58.545 -69.2871 -118
59.6192 -68.2129 -118
60.6934 -67.1387 -118
61.7676 -66.0644 -118
62.8419 -64.9902 -118
63.9161 -63.916 -118
64.9903 -62.8418 -118
67.1387 -62.8418 -118
68.2129 -61.7676 -118
69.2872 -60.6933 -118
70.3614 -59.6191 -118
71.4356 -58.5449 -118
73.584 -58.5449 -118
74.6583 -57.4707 -118
75.7325 -56.3965 -118
76.8067 -55.3223 -118
77.8809 -54.248 -118
80.0294 -54.248 -118
81.1036 -53.1738 -118
82.1778 -52.0996 -118
84.3262 -52.0996 -118
86.4747 -52.0996 -118
87.5489 -51.0254 -118
88.6231 -49.9512 -118
90.7715 -49.9512 -118
91.8458 -48.8769 -118
92.92 -47.8027 -118
95.0684 -47.8027 -118
96.1426 -46.7285 -118
97.2169 -45.6543 -118
99.3653 -45.6543 -118
100.44 -44.5801 -118
101.514 -43.5058 -118
103.662 -43.5058 -118
104.736 -42.4316 -118
105.811 -41.3574 -118
107.959 -41.3574 -118
109.033 -40.2832 -118
110.107 -39.209 -118
112.256 -39.209 -118
113.33 -38.1347 -118
114.404 -37.0605 -118
116.553 -37.0605 -118
117.627 -35.9863 -118
118.701 -34.9121 -118
120.85 -34.9121 -118
121.924 -33.8379 -118
122.998 -32.7637 -118
124.072 -31.6894 -118
124.072 -29.541 -118
125.147 -28.4668 -118
126.221 -27.3926 -118
126.221 -25.2441 -118
126.221 -23.0957 -118
126.221 -20.9472 -118
126.221 -18.7988 -118
126.221 -16.6504 -118
126.221 -14.5019 -118
126.221 -12.3535 -118
125.684 -10.205 -118
125.147 -9.13083 -118
124.072 -8.05661 -118
124.072 -5.90817 -118
124.072 -3.75973 -118
124.072 -1.6113 -118
124.072 0.537142 -118
123.535 2.68558 -118
122.998 3.7598 -118
121.924 4.83402 -118
121.924 6.98246 -118
121.924 9.13089 -118
120.85 10.2051 -118
119.775 11.2793 -118
119.775 13.4278 -118
118.701 14.502 -118
117.627 15.5762 -118
117.627 17.7246 -118
116.553 18.7989 -118
115.479 19.8731 -118
115.479 22.0215 -118
114.404 23.0957 -118
113.33 24.17 -118
113.33 26.3184 -118
112.256 27.3926 -118
111.182 28.4668 -118
111.182 30.6153 -118
110.107 31.6895 -118
109.033 32.7637 -118
109.033 34.9122 -118
108.496 37.0606 -118
108.496 39.209 -118
108.765 41.3575 -118
109.033 43.5059 -118
109.033 45.6543 -118
109.033 47.8028 -118
108.765 49.9512 -118
108.286 52.0997 -118
107.959 53.0396 -118
107.587 54.2481 -118
106.54 56.3965 -118
105.811 57.5971 -118
105.235 58.545 -118
103.662 60.6423 -118
103.622 60.6934 -118
101.713 62.8419 -118
101.514 63.0408 -118
99.5642 64.9903 -118
99.3653 65.1892 -118
97.2598 67.1387 -118
97.2169 67.1771 -118
95.0684 69.0279 -118
94.7551 69.2872 -118
92.92 70.8059 -118
92.0899 71.4356 -118
90.7715 72.4024 -118
88.9991 73.584 -118
88.6231 73.8266 -118
86.4747 75.1618 -118
85.4601 75.7325 -118
84.3262 76.351 -118
82.1778 77.4577 -118
81.2468 77.8809 -118
80.0294 78.418 -118
77.8809 79.3027 -118
75.9804 80.0294 -118
75.7325 80.1241 -118
73.584 80.9194 -118
71.4356 81.5946 -118
69.5801 82.1778 -118
69.2872 82.2699 -118
67.1387 82.8223 -118
64.9903 83.3415 -118
62.8419 83.8045 -118
60.6934 84.2342 -118
60.0489 84.3262 -118
58.545 84.5411 -118
56.3965 84.848 -118
54.2481 85.0935 -118
52.0997 85.2513 -118
49.9512 85.3706 -118
47.8028 85.3706 -118
45.6543 85.3706 -118
43.5059 85.2513 -118
41.3575 85.0722 -118
39.209 84.8335 -118
37.0606 84.5351 -118
35.8073 84.3262 -118
34.9122 84.1728 -118
32.7637 83.7431 -118
30.6153 83.252 -118
28.4668 82.7447 -118
26.4258 82.1778 -118
26.3184 82.1471 -118
24.17 81.6108 -118
22.0215 81.0141 -118
19.8731 80.4769 -118
18.2618 80.0294 -118
17.7246 79.8802 -118
15.5762 79.3431 -118
13.4278 78.8324 -118
11.2793 78.3413 -118
9.13089 77.9108 -118
8.97743 77.8809 -118
6.98246 77.4819 -118
4.83402 77.1946 -118
2.68558 77.0753 -118
0.537142 77.0522 -118
-1.6113 77.2364 -118
-3.75973 77.4819 -118
-5.50534 77.8809 -118
-5.90817 77.973 -118
-8.05661 78.4641 -118
-10.205 79.0779 -118
-12.3535 79.6917 -118
-13.4277 80.0294 -118
-14.5019 80.367 -118
-16.6504 80.9808 -118
-18.7988 81.5946 -118
-20.9472 82.1471 -118
-21.0666 82.1778 -118
-23.0957 82.6996 -118
-25.2441 83.1292 -118
-27.3926 83.5589 -118
-29.541 83.9886 -118
-31.5104 84.3262 -118
-31.6894 84.3569 -118
-33.8379 84.6638 -118
-35.9863 84.9708 -118
-38.1347 85.1916 -118
-40.2832 85.4303 -118
-42.4316 85.6327 -118
-44.5801 85.7884 -118
-46.7285 85.923 -118
-48.8769 85.9811 -118
-51.0254 86.0392 -118
-53.1738 86.0392 -118
-55.3223 85.9811 -118
-57.4707 85.865 -118
-59.6191 85.6908 -118
-61.7676 85.49 -118
-63.916 85.1916 -118
-66.0644 84.8932 -118
-68.2129 84.4797 -118
-68.8843 84.3262 -118
-70.3613 83.9886 -118
-72.5098 83.4362 -118
-74.6582 82.7781 -118
-76.359 82.1778 -118
-76.8066 82.0198 -118
-78.9551 81.1984 -118
-81.1035 80.2572 -118
-81.5735 80.0294 -118
-83.252 79.1901 -118
-85.4004 77.9849 -118
-85.57 77.8809 -118
-87.5488 76.6681 -118
-88.93 75.7325 -118
-89.6973 75.2127 -118
-91.8457 73.6915 -118
-91.9922 73.584 -118
-93.9941 72.1159 -118
-94.8815 71.4356 -118
-96.1426 70.4688 -118
-97.6196 69.2872 -118
-98.291 68.7315 -118
-100.216 67.1387 -118
-100.439 66.9469 -118
-102.588 65.0287 -118
-102.629 64.9903 -118
-104.736 63.0337 -118
-104.935 62.8419 -118
-106.885 60.8923 -118
-107.084 60.6934 -118
-109.033 58.7439 -118
-109.225 58.545 -118
-111.143 56.3965 -118
-111.182 56.3536 -118
-113.062 54.2481 -118
-113.33 53.9348 -118
-114.798 52.0997 -118
-115.479 51.2123 -118
-116.445 49.9512 -118
-117.627 48.3399 -118
-118.021 47.8028 -118
-119.464 45.6543 -118
-119.775 45.1709 -118
-120.85 43.5059 -118
-121.924 41.6559 -118
-122.092 41.3575 -118
-123.193 39.209 -118
-124.072 37.3963 -118
-124.235 37.0606 -118
-125.212 34.9122 -118
-126.221 32.8309 -118
-126.253 32.7637 -118
-127.23 30.6153 -118
-128.268 28.4668 -118
-128.369 28.252 -118
-129.248 26.3184 -118
-130.16 24.17 -118
-130.518 23.261 -118
-130.992 22.0215 -118
-131.776 19.8731 -118
-132.508 17.7246 -118
-132.666 17.2364 -118
-133.203 15.5762 -118
-133.863 13.4278 -118
-134.477 11.2793 -118
-134.814 10.0977 -118
-135.099 9.13089 -118
-135.705 6.98246 -118
-136.257 4.83402 -118
-136.809 2.68558 -118
-136.963 2.01419 -118
-137.301 0.537142 -118
-137.792 -1.6113 -118
-138.246 -3.75973 -118
-138.664 -5.90817 -118
-139.081 -8.05661 -118
-139.111 -8.23565 -118
-139.449 -10.205 -118
-139.817 -12.3535 -118
-140.156 -14.5019 -118
-140.514 -16.6504 -118
-140.812 -18.7988 -118
-141.106 -20.9472 -118
-141.26 -22.29 -118
-141.352 -23.0957 -118
-141.475 -25.2441 -118
-141.536 -27.3926 -118
-141.475 -29.541 -118
-141.349 -31.6894 -118
-141.26 -32.334 -118
-141.051 -33.8379 -118
-140.693 -35.9863 -118
-140.308 -38.1347 -118
-139.817 -40.2832 -118
-139.265 -42.4316 -118
-139.111 -42.9199 -118
-138.59 -44.5801 -118
-137.879 -46.7285 -118
-137.126 -48.8769 -118
-136.963 -49.2901 -118
-136.279 -51.0254 -118
-135.368 -53.1738 -118
-134.814 -54.3913 -118
-134.378 -55.3223 -118
-133.285 -57.4707 -118
-132.666 -58.6046 -118
-132.095 -59.6191 -118
-130.829 -61.7676 -118
-130.518 -62.251 -118
-129.443 -63.916 -118
-128.369 -65.5018 -118
-127.975 -66.0644 -118
-126.4 -68.2129 -118
-126.221 -68.4464 -118
-124.702 -70.3613 -118
-124.072 -71.1553 -118
-122.96 -72.5098 -118
-121.924 -73.6253 -118
-120.891 -74.6582 -118
-119.775 -75.7324 -118
-118.394 -76.8066 -118
-117.627 -77.4034 -118
-115.479 -78.7561 -118
-115.031 -78.9551 -118
-113.33 -79.7401 -118
-111.182 -80.5898 -118
-109.494 -81.1035 -118
-109.033 -81.2731 -118
-106.885 -81.748 -118
-104.736 -82.1777 -118
-102.588 -82.5806 -118
-100.439 -82.7148 -118
-98.291 -82.9834 -118
-97.2168 -83.252 -118
-96.1426 -83.61 -118
-93.9941 -83.7891 -118
-91.8457 -84.3262 -118
-90.7715 -85.4004 -118
-89.6973 -86.4746 -118
-87.5488 -86.4746 -118
-86.4746 -87.5488 -118
-85.4004 -88.623 -118
-83.252 -88.623 -118
-82.1777 -89.6973 -118
-81.1035 -90.7715 -118
-78.9551 -90.7715 -118
-77.8809 -91.8457 -118
-76.8066 -92.9199 -118
-74.6582 -92.9199 -118
-73.584 -93.9941 -118
-72.5098 -95.0684 -118
-70.3613 -95.0684 -118
-69.2871 -96.1426 -118
-68.2129 -97.2168 -118
-66.0644 -97.2168 -118
-63.916 -97.2168 -118
-62.8418 -98.291 -118
-61.7676 -99.3652 -118
-59.6191 -99.3652 -118
-57.4707 -99.3652 -118
-55.3223 -99.3652 -118
-54.248 -100.439 -118
-53.1738 -101.514 -118
-51.0254 -101.514 -118
-48.8769 -101.514 -118
-46.7285 -101.514 -118
-44.5801 -101.514 -118
-43.5058 -102.588 -118
