6.98246 -119.949 -8
9.13089 -120.098 -8
11.2793 -120.313 -8
13.4278 -120.572 -8
15.5762 -120.78 -8
17.7246 -120.988 -8
19.8731 -121.152 -8
22.0215 -121.286 -8
24.17 -121.37 -8
26.3184 -121.42 -8
28.4668 -121.487 -8
30.6153 -121.436 -8
32.7637 -121.42 -8
34.9122 -121.305 -8
37.0606 -121.175 -8
39.209 -120.95 -8
41.3575 -120.682 -8
43.5059 -120.364 -8
45.6543 -120.01 -8
46.9076 -119.775 -8
47.8028 -119.596 -8
49.9512 -119.095 -8
52.0997 -118.632 -8
54.2481 -118.077 -8
55.9937 -117.627 -8
56.3965 -117.52 -8
58.545 -116.947 -8
60.6934 -116.345 -8
62.8419 -115.729 -8
63.7818 -115.479 -8
64.9903 -115.145 -8
67.1387 -114.512 -8
69.2872 -113.85 -8
71.0775 -113.33 -8
71.4356 -113.223 -8
73.584 -112.578 -8
75.7325 -111.909 -8
77.8809 -111.216 -8
77.9883 -111.182 -8
80.0294 -110.501 -8
82.1778 -109.714 -8
84.0333 -109.033 -8
84.3262 -108.926 -8
86.4747 -108.066 -8
88.6231 -107.197 -8
89.3137 -106.885 -8
90.7715 -106.204 -8
92.92 -105.202 -8
93.7928 -104.736 -8
95.0684 -104.056 -8
97.2169 -102.847 -8
97.6592 -102.588 -8
99.3653 -101.588 -8
101.215 -100.439 -8
101.514 -100.241 -8
103.662 -98.8082 -8
104.397 -98.291 -8
105.811 -97.2964 -8
107.368 -96.1426 -8
107.959 -95.6881 -8
110.107 -94.0339 -8
110.156 -93.9941 -8
112.256 -92.2175 -8
112.695 -91.8457 -8
114.404 -90.3418 -8
115.076 -89.6973 -8
116.553 -88.2202 -8
117.224 -87.5488 -8
118.701 -85.9375 -8
119.174 -85.4004 -8
120.85 -83.4961 -8
121.056 -83.252 -8
122.792 -81.1035 -8
122.998 -80.835 -8
124.391 -78.9551 -8
125.147 -77.8809 -8
125.902 -76.8066 -8
127.295 -74.7179 -8
127.333 -74.6582 -8
128.638 -72.5098 -8
129.443 -71.0998 -8
129.851 -70.3613 -8
130.962 -68.2129 -8
131.592 -66.9954 -8
132.057 -66.0644 -8
133.06 -63.916 -8
133.74 -62.4581 -8
134.063 -61.7676 -8
134.953 -59.6191 -8
135.781 -57.4707 -8
135.889 -57.1777 -8
136.547 -55.3223 -8
137.24 -53.1738 -8
137.864 -51.0254 -8
138.037 -50.354 -8
138.406 -48.8769 -8
138.876 -46.7285 -8
139.279 -44.5801 -8
139.666 -42.4316 -8
139.943 -40.2832 -8
140.186 -38.4033 -8
140.22 -38.1347 -8
140.428 -35.9863 -8
140.567 -33.8379 -8
140.756 -31.6894 -8
140.844 -29.541 -8
140.958 -27.3926 -8
140.983 -25.2441 -8
141.025 -23.0957 -8
140.983 -20.9472 -8
140.913 -18.7988 -8
140.844 -16.6504 -8
140.705 -14.5019 -8
140.58 -12.3535 -8
140.508 -10.205 -8
140.428 -8.05661 -8
140.359 -5.90817 -8
140.29 -3.75973 -8
140.22 -1.6113 -8
140.186 -1.07419 -8
140.085 0.537142 -8
139.951 2.68558 -8
139.816 4.83402 -8
139.615 6.98246 -8
139.346 9.13089 -8
139.078 11.2793 -8
138.742 13.4278 -8
138.474 15.5762 -8
138.141 17.7246 -8
138.037 18.5303 -8
137.864 19.8731 -8
137.517 22.0215 -8
137.171 24.17 -8
136.795 26.3184 -8
136.392 28.4668 -8
135.923 30.6153 -8
135.889 30.7687 -8
135.438 32.7637 -8
134.915 34.9122 -8
134.329 37.0606 -8
133.775 39.209 -8
133.74 39.3284 -8
133.151 41.3575 -8
132.458 43.5059 -8
131.765 45.6543 -8
131.592 46.1915 -8
131.055 47.8028 -8
130.31 49.9512 -8
129.479 52.0997 -8
129.443 52.1892 -8
128.646 54.2481 -8
127.815 56.3965 -8
127.295 57.636 -8
126.901 58.545 -8
125.97 60.6934 -8
125.147 62.4582 -8
124.968 62.8419 -8
123.924 64.9903 -8
122.998 66.6688 -8
122.739 67.1387 -8
121.502 69.2872 -8
120.85 70.3017 -8
120.094 71.4356 -8
118.701 73.4144 -8
118.577 73.584 -8
116.842 75.7325 -8
116.553 76.0594 -8
114.877 77.8809 -8
114.404 78.3733 -8
112.676 80.0294 -8
112.256 80.4161 -8
110.159 82.1778 -8
110.107 82.2176 -8
107.959 83.809 -8
107.183 84.3262 -8
105.811 85.1782 -8
103.662 86.3635 -8
103.432 86.4747 -8
101.514 87.3699 -8
99.3653 88.3008 -8
98.5596 88.6231 -8
97.2169 89.1429 -8
95.0684 89.9052 -8
92.92 90.529 -8
92.0845 90.7715 -8
90.7715 91.1527 -8
88.6231 91.6779 -8
86.4747 92.1923 -8
84.3262 92.6081 -8
82.9451 92.92 -8
82.1778 93.0878 -8
80.0294 93.4398 -8
77.8809 93.8264 -8
75.7325 94.2021 -8
73.584 94.4977 -8
71.4356 94.8259 -8
69.2872 95.0338 -8
69.0186 95.0684 -8
67.1387 95.311 -8
64.9903 95.5189 -8
62.8419 95.7961 -8
60.6934 96.1091 -8
58.545 96.3776 -8
56.3965 96.5984 -8
54.2481 96.8588 -8
52.0997 97.0541 -8
49.9512 97.1843 -8
49.4141 97.2169 -8
47.8028 97.3116 -8
45.6543 97.3796 -8
43.5059 97.438 -8
41.3575 97.438 -8
39.209 97.3748 -8
37.0606 97.2494 -8
36.5235 97.2169 -8
34.9122 97.1162 -8
32.7637 96.8588 -8
30.6153 96.5984 -8
28.4668 96.3105 -8
26.3184 96.0419 -8
24.17 95.7268 -8
22.0215 95.4496 -8
19.8731 95.1724 -8
19.0674 95.0684 -8
17.7246 94.8952 -8
15.5762 94.6179 -8
13.4278 94.3635 -8
11.2793 94.0635 -8
9.13089 93.7863 -8
6.98246 93.5091 -8
4.83402 93.2423 -8
2.68558 93.099 -8
0.537142 92.957 -8
-0.537078 92.92 -8
-1.6113 92.8842 -8
-2.68552 92.92 -8
-3.75973 92.9558 -8
-5.90817 93.0274 -8
-8.05661 93.2319 -8
-10.205 93.4571 -8
-12.3535 93.7863 -8
-14.5019 94.1328 -8
-16.6504 94.4793 -8
-18.7988 94.8259 -8
-20.6787 95.0684 -8
-20.9472 95.1031 -8
-23.0957 95.3803 -8
-25.2441 95.7062 -8
-27.3926 96.0419 -8
-29.541 96.338 -8
-31.6894 96.6635 -8
-33.8379 96.9147 -8
-35.9863 97.1162 -8
-37.5976 97.2169 -8
-38.1347 97.2504 -8
-40.2832 97.3847 -8
-42.4316 97.4594 -8
-44.5801 97.5287 -8
-46.7285 97.598 -8
-48.8769 97.7204 -8
-51.0254 97.7204 -8
-53.1738 97.7204 -8
-55.3223 97.6533 -8
-57.4707 97.519 -8
-59.6191 97.3208 -8
-60.6933 97.2169 -8
-61.7676 97.1129 -8
-63.916 96.8357 -8
-66.0644 96.4892 -8
-68.2129 96.1426 -8
-70.3613 95.7961 -8
-72.5098 95.4496 -8
-74.6582 95.1031 -8
-74.8372 95.0684 -8
-76.8066 94.6873 -8
-78.9551 94.3407 -8
-81.1035 93.9249 -8
-83.252 93.4907 -8
-85.4004 92.9546 -8
-85.5538 92.92 -8
-87.5488 92.4695 -8
-89.6973 91.9151 -8
-91.8457 91.3606 -8
-93.8748 90.7715 -8
-93.9941 90.7357 -8
-96.1426 90.0439 -8
-98.291 89.2815 -8
-99.861 88.6231 -8
-100.439 88.3725 -8
-102.588 87.3699 -8
-104.266 86.4747 -8
-104.736 86.2154 -8
-106.885 84.9017 -8
-107.733 84.3262 -8
-109.033 83.376 -8
-110.517 82.1778 -8
-111.182 81.6192 -8
-112.91 80.0294 -8
-113.33 79.609 -8
-114.986 77.8809 -8
-115.479 77.3182 -8
-116.759 75.7325 -8
-117.627 74.6583 -8
-118.433 73.584 -8
-119.775 71.6052 -8
-119.89 71.4356 -8
-121.22 69.2872 -8
-121.924 68.0866 -8
-122.479 67.1387 -8
-123.591 64.9903 -8
-124.072 63.9928 -8
-124.609 62.8419 -8
-125.54 60.6934 -8
-126.221 58.9926 -8
-126.394 58.545 -8
-127.188 56.3965 -8
-127.919 54.2481 -8
-128.369 52.8516 -8
-128.612 52.0997 -8
-129.305 49.9512 -8
-129.929 47.8028 -8
-130.518 45.7737 -8
-130.551 45.6543 -8
-131.107 43.5059 -8
-131.661 41.3575 -8
-132.146 39.209 -8
-132.666 37.1949 -8
-132.7 37.0606 -8
-133.17 34.9122 -8
-133.602 32.7637 -8
-134.042 30.6153 -8
-134.503 28.4668 -8
-134.814 26.8555 -8
-134.918 26.3184 -8
-135.334 24.17 -8
-135.788 22.0215 -8
-136.191 19.8731 -8
-136.651 17.7246 -8
-136.963 16.1133 -8
-137.067 15.5762 -8
-137.534 13.4278 -8
-137.968 11.2793 -8
-138.384 9.13089 -8
-138.869 6.98246 -8
-139.111 5.7292 -8
-139.285 4.83402 -8
-139.749 2.68558 -8
-140.186 0.537142 -8
-140.601 -1.6113 -8
-141.017 -3.75973 -8
-141.26 -5.01299 -8
-141.428 -5.90817 -8
-141.83 -8.05661 -8
-142.233 -10.205 -8
-142.569 -12.3535 -8
-142.838 -14.5019 -8
-143.106 -16.6504 -8
-143.304 -18.7988 -8
-143.374 -20.9472 -8
-143.408 -22.0215 -8
-143.443 -23.0957 -8
-143.443 -25.2441 -8
-143.442 -27.3926 -8
-143.408 -28.4668 -8
-143.374 -29.541 -8
-143.304 -31.6894 -8
-143.106 -33.8379 -8
-142.905 -35.9863 -8
-142.636 -38.1347 -8
-142.3 -40.2832 -8
-141.943 -42.4316 -8
-141.562 -44.5801 -8
-141.26 -45.9612 -8
-141.087 -46.7285 -8
-140.555 -48.8769 -8
-139.978 -51.0254 -8
-139.354 -53.1738 -8
-139.111 -53.9258 -8
-138.661 -55.3223 -8
-137.899 -57.4707 -8
-137.07 -59.6191 -8
-136.963 -59.8877 -8
-136.211 -61.7676 -8
-135.28 -63.916 -8
-134.814 -64.9135 -8
-134.259 -66.0644 -8
-133.148 -68.2129 -8
-132.666 -69.1439 -8
-132.036 -70.3613 -8
-130.851 -72.5098 -8
-130.518 -73.0785 -8
-129.558 -74.6582 -8
-128.369 -76.5082 -8
-128.177 -76.8066 -8
-126.738 -78.9551 -8
-126.221 -79.6533 -8
-125.105 -81.1035 -8
-124.072 -82.3823 -8
-123.37 -83.252 -8
-121.924 -84.8866 -8
-121.451 -85.4004 -8
-119.775 -87.2219 -8
-119.462 -87.5488 -8
-117.627 -89.384 -8
-117.314 -89.6973 -8
-115.479 -91.459 -8
-115.039 -91.8457 -8
-113.33 -93.3496 -8
-112.563 -93.9941 -8
-111.182 -95.0684 -8
-109.801 -96.1426 -8
-109.033 -96.7394 -8
-106.885 -98.2512 -8
-106.828 -98.291 -8
-104.736 -99.7105 -8
-103.602 -100.439 -8
-102.588 -101.069 -8
-100.439 -102.396 -8
-100.104 -102.588 -8
-98.291 -103.588 -8
-96.2097 -104.736 -8
-96.1426 -104.773 -8
-93.9941 -105.885 -8
-91.9224 -106.885 -8
-91.8457 -106.921 -8
-89.6973 -107.852 -8
-87.5488 -108.7 -8
-86.7432 -109.033 -8
-85.4004 -109.553 -8
-83.252 -110.286 -8
-81.1035 -111.071 -8
-80.7454 -111.182 -8
-78.9551 -111.719 -8
-76.8066 -112.363 -8
-74.6582 -112.985 -8
-73.4497 -113.33 -8
-72.5098 -113.573 -8
-70.3613 -114.082 -8
-68.2129 -114.627 -8
-66.0644 -115.057 -8
-64.095 -115.479 -8
-63.916 -115.514 -8
-61.7676 -115.944 -8
-59.6191 -116.33 -8
-57.4707 -116.701 -8
-55.3223 -117.051 -8
-53.1738 -117.282 -8
-51.0254 -117.586 -8
-50.6673 -117.627 -8
-48.8769 -117.806 -8
-46.7285 -117.96 -8
-44.5801 -118.183 -8
-42.4316 -118.405 -8
-40.2832 -118.594 -8
-38.1347 -118.701 -8
-35.9863 -118.809 -8
-33.8379 -118.88 -8
-31.6894 -118.88 -8
-29.541 -118.88 -8
-27.3926 -118.88 -8
-25.2441 -118.88 -8
-23.0957 -118.88 -8
-20.9472 -118.809 -8
-18.7988 -118.809 -8
-16.6504 -118.809 -8
-14.5019 -118.809 -8
-12.3535 -118.809 -8
-10.205 -118.88 -8
-8.05661 -118.952 -8
-5.90817 -119.048 -8
-3.75973 -119.186 -8
-1.6113 -119.31 -8
0.537142 -119.453 -8
2.68558 -119.596 -8
4.83402 -119.74 -8
5.19209 -119.775 -8
