-29.541 -98.3257 84.5
-27.3926 -98.3257 84.5
-26.3183 -98.291 84.5
-25.2441 -98.2552 84.5
-23.0957 -98.1836 84.5
-20.9472 -98.0485 84.5
-18.7988 -97.8971 84.5
-16.6504 -97.7019 84.5
-14.5019 -97.494 84.5
-12.3535 -97.2861 84.5
-10.205 -97.1161 84.5
-8.05661 -96.9396 84.5
-5.90817 -96.801 84.5
-3.75973 -96.7133 84.5
-1.6113 -96.6461 84.5
0.537142 -96.6624 84.5
2.68558 -96.7133 84.5
4.83402 -96.8475 84.5
6.98246 -96.9818 84.5
9.13089 -97.1475 84.5
11.2793 -97.3554 84.5
13.4278 -97.6107 84.5
15.5762 -97.7712 84.5
17.7246 -97.9791 84.5
19.8731 -98.1836 84.5
21.4844 -98.291 84.5
22.0215 -98.3257 84.5
24.17 -98.4643 84.5
26.3184 -98.5336 84.5
28.4668 -98.6029 84.5
30.6153 -98.6603 84.5
32.7637 -98.6603 84.5
34.9122 -98.6029 84.5
37.0606 -98.5336 84.5
39.209 -98.4589 84.5
41.3575 -98.3246 84.5
41.7155 -98.291 84.5
43.5059 -98.1178 84.5
45.6543 -97.8971 84.5
47.8028 -97.6326 84.5
49.9512 -97.4247 84.5
52.0997 -97.1475 84.5
54.2481 -96.8703 84.5
56.3965 -96.579 84.5
58.545 -96.2465 84.5
59.1895 -96.1426 84.5
60.6934 -95.9 84.5
62.8419 -95.6228 84.5
64.9903 -95.2362 84.5
67.1387 -94.9005 84.5
69.2872 -94.5139 84.5
71.4356 -94.0981 84.5
71.9727 -93.9941 84.5
73.584 -93.6823 84.5
75.7325 -93.2664 84.5
77.8809 -92.8192 84.5
80.0294 -92.2962 84.5
82.0243 -91.8457 84.5
82.1778 -91.8099 84.5
84.3262 -91.1873 84.5
86.4747 -90.5636 84.5
88.6231 -89.8705 84.5
89.1602 -89.6973 84.5
90.7715 -89.1775 84.5
92.92 -88.4151 84.5
95.0684 -87.6528 84.5
95.3163 -87.5488 84.5
97.2169 -86.7518 84.5
99.3653 -85.8659 84.5
100.44 -85.4004 84.5
101.514 -84.9188 84.5
103.662 -83.9323 84.5
105.023 -83.252 84.5
105.811 -82.8445 84.5
107.959 -81.8073 84.5
109.417 -81.1035 84.5
110.107 -80.7701 84.5
112.256 -79.6589 84.5
113.714 -78.9551 84.5
114.404 -78.6098 84.5
116.553 -77.5104 84.5
117.753 -76.8066 84.5
118.701 -76.2312 84.5
120.85 -74.9268 84.5
121.245 -74.6582 84.5
122.998 -73.4248 84.5
124.233 -72.5098 84.5
125.147 -71.8074 84.5
126.856 -70.3613 84.5
127.295 -69.9746 84.5
129.21 -68.2129 84.5
129.443 -67.998 84.5
131.377 -66.0644 84.5
131.592 -65.8406 84.5
133.368 -63.916 84.5
133.74 -63.4766 84.5
135.186 -61.7676 84.5
135.889 -60.898 84.5
136.883 -59.6191 84.5
138.037 -57.9795 84.5
138.382 -57.4707 84.5
139.828 -55.3223 84.5
140.186 -54.7851 84.5
141.221 -53.1738 84.5
142.334 -51.4431 84.5
142.613 -51.0254 84.5
144.045 -48.8769 84.5
144.483 -48.255 84.5
145.557 -46.7285 84.5
146.631 -45.202 84.5
147.085 -44.5801 84.5
148.779 -42.4828 84.5
148.824 -42.4316 84.5
150.881 -40.2832 84.5
150.928 -40.2402 84.5
153.076 -38.652 84.5
153.949 -38.1347 84.5
155.225 -37.4544 84.5
157.373 -36.6913 84.5
159.522 -36.1542 84.5
160.864 -35.9863 84.5
161.67 -35.8887 84.5
163.818 -35.7584 84.5
165.967 -35.6388 84.5
168.115 -35.6282 84.5
170.264 -35.6388 84.5
172.412 -35.6282 84.5
174.561 -35.5756 84.5
176.709 -35.5631 84.5
178.858 -35.4329 84.5
181.006 -35.2376 84.5
183.154 -35.0128 84.5
185.303 -34.6771 84.5
187.451 -34.2743 84.5
189.197 -33.8379 84.5
189.6 -33.7339 84.5
191.748 -33.1102 84.5
193.897 -32.4171 84.5
195.632 -31.6894 84.5
196.045 -31.5104 84.5
198.193 -30.467 84.5
199.773 -29.541 84.5
200.342 -29.1957 84.5
202.49 -27.7506 84.5
202.974 -27.3926 84.5
204.639 -26.1118 84.5
205.664 -25.2441 84.5
206.787 -24.2558 84.5
208.048 -23.0957 84.5
208.936 -22.2083 84.5
210.096 -20.9472 84.5
211.084 -19.8242 84.5
211.952 -18.7988 84.5
213.233 -17.0461 84.5
213.511 -16.6504 84.5
214.899 -14.5019 84.5
215.381 -13.6291 84.5
216.085 -12.3535 84.5
217.122 -10.205 84.5
217.529 -9.22035 84.5
217.995 -8.05661 84.5
218.812 -5.90817 84.5
219.435 -3.75973 84.5
219.678 -2.92423 84.5
220.059 -1.6113 84.5
220.544 0.537142 84.5
220.987 2.68558 84.5
221.376 4.83402 84.5
221.653 6.98246 84.5
221.826 8.77282 84.5
221.861 9.13089 84.5
222 11.2793 84.5
222.069 13.4278 84.5
222.069 15.5762 84.5
222.061 17.7246 84.5
221.93 19.8731 84.5
221.826 20.9473 84.5
221.726 22.0215 84.5
221.457 24.17 84.5
221.099 26.3184 84.5
220.613 28.4668 84.5
219.99 30.6153 84.5
219.678 31.4942 84.5
219.227 32.7637 84.5
218.353 34.9122 84.5
217.529 36.6769 84.5
217.338 37.0606 84.5
216.11 39.209 84.5
215.381 40.3429 84.5
214.729 41.3575 84.5
213.233 43.4522 84.5
213.191 43.5059 84.5
211.456 45.6543 84.5
211.084 46.0938 84.5
209.58 47.8028 84.5
208.936 48.4742 84.5
207.459 49.9512 84.5
206.787 50.5958 84.5
204.997 52.0997 84.5
204.639 52.3889 84.5
202.49 54.0492 84.5
202.208 54.2481 84.5
200.342 55.5141 84.5
198.969 56.3965 84.5
198.193 56.8781 84.5
196.045 58.0634 84.5
195.114 58.545 84.5
193.897 59.1537 84.5
191.748 60.1563 84.5
190.405 60.6934 84.5
189.6 61.0053 84.5
187.451 61.7676 84.5
185.303 62.3914 84.5
183.751 62.8419 84.5
183.154 63.0151 84.5
181.006 63.5695 84.5
178.858 64.124 84.5
176.709 64.7477 84.5
175.874 64.9903 84.5
174.561 65.3842 84.5
172.412 66.1338 84.5
170.264 67.0276 84.5
170.049 67.1387 84.5
168.115 68.1746 84.5
166.283 69.2872 84.5
165.967 69.4861 84.5
163.818 71.1464 84.5
163.477 71.4356 84.5
161.67 73.0254 84.5
161.035 73.584 84.5
159.522 74.9161 84.5
158.594 75.7325 84.5
157.373 76.7654 84.5
155.992 77.8809 84.5
155.225 78.4777 84.5
153.076 79.9896 84.5
153.017 80.0294 84.5
150.928 81.3721 84.5
149.518 82.1778 84.5
148.779 82.5853 84.5
146.631 83.7706 84.5
145.557 84.3262 84.5
144.483 84.846 84.5
142.334 85.8163 84.5
140.764 86.4747 84.5
140.186 86.7172 84.5
138.037 87.5825 84.5
135.889 88.3112 84.5
134.922 88.6231 84.5
133.74 89.0043 84.5
131.592 89.6638 84.5
129.443 90.2518 84.5
127.429 90.7715 84.5
127.295 90.8062 84.5
125.147 91.3422 84.5
122.998 91.8793 84.5
120.85 92.4002 84.5
118.701 92.8853 84.5
118.548 92.92 84.5
116.553 93.3564 84.5
114.404 93.8264 84.5
112.256 94.2714 84.5
110.107 94.6992 84.5
108.419 95.0684 84.5
107.959 95.1724 84.5
105.811 95.6575 84.5
103.662 96.1426 84.5
101.514 96.6081 84.5
99.3653 97.0436 84.5
98.4701 97.2169 84.5
97.2169 97.4594 84.5
95.0684 97.8547 84.5
92.92 98.2575 84.5
90.7715 98.7069 84.5
88.6231 99.192 84.5
87.8558 99.3653 84.5
86.4747 99.6674 84.5
84.3262 100.07 84.5
82.1778 100.406 84.5
80.0294 100.635 84.5
77.8809 100.765 84.5
75.7325 100.895 84.5
73.584 100.913 84.5
71.4356 100.96 84.5
69.2872 100.96 84.5
67.1387 100.96 84.5
64.9903 100.96 84.5
62.8419 100.96 84.5
60.6934 100.96 84.5
58.545 100.913 84.5
56.3965 100.85 84.5
54.2481 100.765 84.5
52.0997 100.607 84.5
49.9512 100.406 84.5
47.8028 100.024 84.5
45.6543 99.6772 84.5
44.043 99.3653 84.5
43.5059 99.2579 84.5
41.3575 98.8838 84.5
39.209 98.5417 84.5
37.0606 98.3269 84.5
34.9122 98.0688 84.5
32.7637 97.8691 84.5
30.6153 97.6389 84.5
28.4668 97.3362 84.5
27.6612 97.2169 84.5
26.3184 97.0179 84.5
24.17 96.6201 84.5
22.0215 96.2666 84.5
19.8731 95.8534 84.5
17.7246 95.3692 84.5
16.2207 95.0684 84.5
15.5762 94.9445 84.5
13.4278 94.4487 84.5
11.2793 93.8703 84.5
9.13089 93.3745 84.5
7.44284 92.92 84.5
6.98246 92.8049 84.5
4.83402 92.4212 84.5
2.68558 92.068 84.5
0.537142 91.7717 84.5
-1.6113 91.5494 84.5
-3.75973 91.4519 84.5
-5.90817 91.3803 84.5
-8.05661 91.4992 84.5
-10.205 91.6667 84.5
-12.3535 91.9844 84.5
-14.5019 92.3829 84.5
-16.6504 92.8126 84.5
-17.1107 92.92 84.5
-18.7988 93.3139 84.5
-20.9472 93.8868 84.5
-23.0957 94.41 84.5
-25.2441 94.961 84.5
-25.6469 95.0684 84.5
-27.3926 95.5339 84.5
-29.541 96.1068 84.5
-31.6894 96.6278 84.5
-33.8379 97.1822 84.5
-33.9721 97.2169 84.5
-35.9863 97.7204 84.5
-38.1347 98.1525 84.5
-40.2832 98.6376 84.5
-42.4316 99.1146 84.5
-43.9355 99.3653 84.5
-44.5801 99.4693 84.5
-46.7285 99.7465 84.5
-48.8769 99.9544 84.5
-51.0254 100.07 84.5
-53.1738 100.024 84.5
-55.3223 99.9544 84.5
-57.4707 99.7592 84.5
-59.6191 99.5386 84.5
-60.6933 99.3653 84.5
-61.7676 99.1863 84.5
-63.916 98.8282 84.5
-66.0644 98.4297 84.5
-68.2129 98.0832 84.5
-70.3613 97.7366 84.5
-72.5098 97.3901 84.5
-73.584 97.2169 84.5
-74.6582 97.0436 84.5
-76.8066 96.7133 84.5
-78.9551 96.3506 84.5
-81.1035 96.004 84.5
-83.252 95.6575 84.5
-85.4004 95.3705 84.5
-87.334 95.0684 84.5
-87.5488 95.0349 84.5
-89.6973 94.7663 84.5
-91.8457 94.4306 84.5
-93.9941 94.0949 84.5
-96.1426 93.7592 84.5
-98.291 93.4235 84.5
-100.439 93.0239 84.5
-101.084 92.92 84.5
-102.588 92.685 84.5
-104.736 92.2822 84.5
-106.885 91.8793 84.5
-109.033 91.4765 84.5
-111.182 91.0737 84.5
-112.563 90.7715 84.5
-113.33 90.5983 84.5
-115.479 90.1337 84.5
-117.627 89.628 84.5
-119.775 89.1429 84.5
-121.924 88.6567 84.5
-122.043 88.6231 84.5
-124.072 88.034 84.5
-126.221 87.4796 84.5
-128.369 86.8558 84.5
-129.682 86.4747 84.5
-130.518 86.2321 84.5
-132.666 85.4698 84.5
-134.814 84.7767 84.5
-135.978 84.3262 84.5
-136.963 83.9451 84.5
-139.111 83.073 84.5
-141.177 82.1778 84.5
-141.26 82.1408 84.5
-143.408 81.0295 84.5
-145.221 80.0294 84.5
-145.557 79.8375 84.5
-147.705 78.4564 84.5
-148.553 77.8809 84.5
-149.854 76.9306 84.5
-151.27 75.7325 84.5
-152.002 75.0879 84.5
-153.637 73.584 84.5
-154.15 73.0703 84.5
-155.717 71.4356 84.5
-156.299 70.8008 84.5
-157.686 69.2872 84.5
-158.447 68.4932 84.5
-159.745 67.1387 84.5
-160.596 66.2513 84.5
-161.977 64.9903 84.5
-162.744 64.3458 84.5
-164.723 62.8419 84.5
-164.893 62.7225 84.5
-167.041 61.4713 84.5
-168.652 60.6934 84.5
-169.189 60.4428 84.5
-171.338 59.655 84.5
-173.486 58.9389 84.5
-174.799 58.545 84.5
-175.635 58.3024 84.5
-177.783 57.748 84.5
-179.932 57.1935 84.5
-182.08 56.6391 84.5
-183.02 56.3965 84.5
-184.229 56.0743 84.5
-186.377 55.3916 84.5
-188.525 54.642 84.5
-189.51 54.2481 84.5
-190.674 53.7826 84.5
-192.822 52.9232 84.5
-194.587 52.0997 84.5
-194.971 51.9144 84.5
-197.119 50.7291 84.5
-198.446 49.9512 84.5
-199.268 49.4525 84.5
-201.416 48.0713 84.5
-201.812 47.8028 84.5
-203.564 46.5694 84.5
-204.741 45.6543 84.5
-205.713 44.8984 84.5
-207.503 43.5059 84.5
-207.861 43.2167 84.5
-210.01 41.3988 84.5
-210.057 41.3575 84.5
-212.158 39.3433 84.5
-212.293 39.209 84.5
-214.307 37.1949 84.5
-214.431 37.0606 84.5
-216.249 34.9122 84.5
-216.455 34.6436 84.5
-217.848 32.7637 84.5
-218.604 31.6895 84.5
-219.307 30.6153 84.5
-220.567 28.4668 84.5
-220.752 28.1311 84.5
-221.752 26.3184 84.5
-222.789 24.17 84.5
-222.9 23.9398 84.5
-223.796 22.0215 84.5
-224.655 19.8731 84.5
-225.049 18.6914 84.5
-225.361 17.7246 84.5
-226.022 15.5762 84.5
-226.539 13.4278 84.5
-227.024 11.2793 84.5
-227.197 10.2051 84.5
-227.365 9.13089 84.5
-227.634 6.98246 84.5
-227.835 4.83402 84.5
-227.969 2.68558 84.5
-228.037 0.537142 84.5
-228.011 -1.6113 84.5
-227.902 -3.75973 84.5
-227.701 -5.90817 84.5
-227.371 -8.05661 84.5
-227.197 -8.82391 84.5
-226.885 -10.205 84.5
-226.262 -12.3535 84.5
-225.443 -14.5019 84.5
-225.049 -15.346 84.5
-224.419 -16.6504 84.5
-223.246 -18.7988 84.5
-222.9 -19.3359 84.5
-221.826 -20.9472 84.5
-220.752 -22.3974 84.5
-220.193 -23.0957 84.5
-218.604 -24.9884 84.5
-218.38 -25.2441 84.5
-216.455 -27.2524 84.5
-216.315 -27.3926 84.5
-214.307 -29.3172 84.5
-214.051 -29.541 84.5
-212.158 -31.1308 84.5
-211.423 -31.6894 84.5
-210.01 -32.6841 84.5
-208.279 -33.8379 84.5
-207.861 -34.1064 84.5
-205.713 -35.4108 84.5
-204.639 -35.9863 84.5
-203.564 -36.5234 84.5
-201.416 -37.505 84.5
-199.894 -38.1347 84.5
-199.268 -38.3854 84.5
-197.119 -39.1732 84.5
-194.971 -39.8327 84.5
-193.419 -40.2832 84.5
-192.822 -40.4564 84.5
-190.674 -40.9416 84.5
-188.525 -41.3574 84.5
-186.377 -41.7267 84.5
-184.229 -41.9952 84.5
-182.08 -42.2584 84.5
-179.932 -42.397 84.5
-179.395 -42.4316 84.5
-177.783 -42.5323 84.5
-175.635 -42.5995 84.5
-173.486 -42.6049 84.5
-171.338 -42.6049 84.5
-169.189 -42.5356 84.5
-167.041 -42.4652 84.5
-165.967 -42.4316 84.5
-164.893 -42.3981 84.5
-162.744 -42.2689 84.5
-160.596 -42.2638 84.5
-158.447 -42.3309 84.5
-157.373 -42.4316 84.5
-156.299 -42.5323 84.5
-154.15 -42.9514 84.5
-152.002 -43.6849 84.5
-150.084 -44.5801 84.5
-149.854 -44.6994 84.5
-147.705 -46.1699 84.5
-147.04 -46.7285 84.5
-145.557 -48.083 84.5
-144.796 -48.8769 84.5
-143.408 -50.3906 84.5
-142.871 -51.0254 84.5
-141.26 -53.0204 84.5
-141.136 -53.1738 84.5
-139.469 -55.3223 84.5
-139.111 -55.7826 84.5
-137.798 -57.4707 84.5
-136.963 -58.5449 84.5
-136.095 -59.6191 84.5
-134.814 -61.2049 84.5
-134.377 -61.7676 84.5
-132.666 -63.8672 84.5
-132.625 -63.916 84.5
-130.807 -66.0644 84.5
-130.518 -66.4062 84.5
-128.928 -68.2129 84.5
-128.369 -68.82 84.5
-126.951 -70.3613 84.5
-126.221 -71.0918 84.5
-124.744 -72.5098 84.5
-124.072 -73.1295 84.5
-122.266 -74.6582 84.5
-121.924 -74.9474 84.5
-119.775 -76.6827 84.5
-119.606 -76.8066 84.5
-117.627 -78.1991 84.5
-116.493 -78.9551 84.5
-115.479 -79.6073 84.5
-113.33 -80.9842 84.5
-113.129 -81.1035 84.5
-111.182 -82.1777 84.5
-109.235 -83.252 84.5
-109.033 -83.3594 84.5
-106.885 -84.4003 84.5
-104.736 -85.3646 84.5
-104.66 -85.4004 84.5
-102.588 -86.3672 84.5
-100.439 -87.2266 84.5
-99.6958 -87.5488 84.5
-98.291 -88.1379 84.5
-96.1426 -88.9453 84.5
-94.0918 -89.6973 84.5
-93.9941 -89.7319 84.5
-91.8457 -90.4694 84.5
-89.6973 -91.1873 84.5
-87.6562 -91.8457 84.5
-87.5488 -91.8793 84.5
-85.4004 -92.4835 84.5
-83.252 -93.0585 84.5
-81.1035 -93.613 84.5
-79.1341 -93.9941 84.5
-78.9551 -94.0288 84.5
-76.8066 -94.4446 84.5
-74.6582 -94.7911 84.5
-72.5098 -95.1042 84.5
-70.3613 -95.3906 84.5
-68.2129 -95.6055 84.5
-66.0644 -95.8203 84.5
-63.916 -96.0352 84.5
-62.8418 -96.1426 84.5
-61.7676 -96.2465 84.5
-59.6191 -96.4544 84.5
-57.4707 -96.5931 84.5
-55.3223 -96.801 84.5
-53.1738 -97.0089 84.5
-51.0254 -97.1475 84.5
-48.8769 -97.2861 84.5
-46.7285 -97.4674 84.5
-44.5801 -97.6107 84.5
-42.4316 -97.7539 84.5
-40.2832 -97.8971 84.5
-38.1347 -98.0317 84.5
-35.9863 -98.112 84.5
-33.8379 -98.1836 84.5
-31.6894 -98.2552 84.5
-30.6152 -98.291 84.5
