26.3184 -119.809 -48
28.4668 -119.876 -48
30.6153 -119.876 -48
32.7637 -119.876 -48
34.9122 -119.81 -48
35.9864 -119.775 -48
37.0606 -119.742 -48
39.209 -119.675 -48
41.3575 -119.54 -48
43.5059 -119.339 -48
45.6543 -119.138 -48
47.8028 -118.896 -48
49.9512 -118.6 -48
52.0997 -118.311 -48
54.2481 -117.929 -48
56.1817 -117.627 -48
56.3965 -117.592 -48
58.545 -117.191 -48
60.6934 -116.788 -48
62.8419 -116.385 -48
64.9903 -115.929 -48
67.1387 -115.512 -48
67.273 -115.479 -48
69.2872 -114.975 -48
71.4356 -114.474 -48
73.584 -113.901 -48
75.4102 -113.33 -48
75.7325 -113.226 -48
77.8809 -112.533 -48
80.0294 -111.771 -48
81.6895 -111.182 -48
82.1778 -111.008 -48
84.3262 -110.177 -48
86.4747 -109.276 -48
87.0531 -109.033 -48
88.6231 -108.353 -48
90.7715 -107.35 -48
91.7025 -106.885 -48
92.92 -106.255 -48
95.0684 -105.144 -48
95.807 -104.736 -48
97.2169 -103.958 -48
99.3653 -102.773 -48
99.6812 -102.588 -48
101.514 -101.475 -48
103.125 -100.439 -48
103.662 -100.094 -48
105.811 -98.6491 -48
106.319 -98.291 -48
107.959 -97.1372 -48
109.302 -96.1426 -48
110.107 -95.5458 -48
112.102 -93.9941 -48
112.256 -93.8702 -48
114.404 -92.1349 -48
114.746 -91.8457 -48
116.553 -90.2559 -48
117.188 -89.6973 -48
118.701 -88.3097 -48
119.495 -87.5488 -48
120.85 -86.2508 -48
121.7 -85.4004 -48
122.998 -84.0459 -48
123.729 -83.252 -48
125.147 -81.6406 -48
125.601 -81.1035 -48
127.295 -79.0062 -48
127.335 -78.9551 -48
128.847 -76.8066 -48
129.443 -75.9586 -48
130.326 -74.6582 -48
131.592 -72.5729 -48
131.629 -72.5098 -48
132.814 -70.3613 -48
133.74 -68.571 -48
133.926 -68.2129 -48
134.963 -66.0644 -48
135.889 -63.9986 -48
135.925 -63.916 -48
136.856 -61.7676 -48
137.715 -59.6191 -48
138.037 -58.7402 -48
138.488 -57.4707 -48
139.25 -55.3223 -48
139.943 -53.1738 -48
140.186 -52.3383 -48
140.567 -51.0254 -48
141.159 -48.8769 -48
141.676 -46.7285 -48
142.161 -44.5801 -48
142.334 -43.6849 -48
142.569 -42.4316 -48
142.953 -40.2832 -48
143.278 -38.1347 -48
143.538 -35.9863 -48
143.734 -33.8379 -48
143.819 -31.6894 -48
143.882 -29.541 -48
143.929 -27.3926 -48
143.882 -25.2441 -48
143.864 -23.0957 -48
143.734 -20.9472 -48
143.604 -18.7988 -48
143.442 -16.6504 -48
143.2 -14.5019 -48
142.992 -12.3535 -48
142.77 -10.205 -48
142.507 -8.05661 -48
142.334 -6.26625 -48
142.298 -5.90817 -48
142.022 -3.75973 -48
141.696 -1.6113 -48
141.361 0.537142 -48
140.958 2.68558 -48
140.555 4.83402 -48
140.186 6.31107 -48
140.018 6.98246 -48
139.527 9.13089 -48
138.944 11.2793 -48
138.349 13.4278 -48
138.037 14.502 -48
137.725 15.5762 -48
137.064 17.7246 -48
136.392 19.8731 -48
135.889 21.4844 -48
135.721 22.0215 -48
135.05 24.17 -48
134.311 26.3184 -48
133.74 27.8402 -48
133.498 28.4668 -48
132.735 30.6153 -48
131.904 32.7637 -48
131.592 33.5694 -48
131.055 34.9122 -48
130.171 37.0606 -48
129.443 38.7959 -48
129.264 39.209 -48
128.333 41.3575 -48
127.332 43.5059 -48
127.295 43.5826 -48
126.328 45.6543 -48
125.254 47.8028 -48
125.147 48.0176 -48
124.146 49.9512 -48
122.998 52.0325 -48
122.961 52.0997 -48
121.776 54.2481 -48
120.85 55.8278 -48
120.504 56.3965 -48
119.2 58.545 -48
118.701 59.3208 -48
117.819 60.6934 -48
116.553 62.5592 -48
116.354 62.8419 -48
114.842 64.9903 -48
114.404 65.5811 -48
113.206 67.1387 -48
112.256 68.3153 -48
111.471 69.2872 -48
110.107 70.8284 -48
109.549 71.4356 -48
107.959 73.0917 -48
107.467 73.584 -48
105.811 75.1739 -48
105.203 75.7325 -48
103.662 77.0959 -48
102.642 77.8809 -48
101.514 78.7164 -48
99.648 80.0294 -48
99.3653 80.2212 -48
97.2169 81.5256 -48
95.9994 82.1778 -48
95.0684 82.6593 -48
92.92 83.7175 -48
91.5152 84.3262 -48
90.7715 84.6485 -48
88.6231 85.5391 -48
86.4747 86.3672 -48
86.1817 86.4747 -48
84.3262 87.1125 -48
82.1778 87.8261 -48
80.0294 88.5157 -48
79.6713 88.6231 -48
77.8809 89.1429 -48
75.7325 89.7666 -48
73.584 90.3061 -48
71.5891 90.7715 -48
71.4356 90.8062 -48
69.2872 91.2751 -48
67.1387 91.6779 -48
64.9903 92.123 -48
62.8419 92.4695 -48
60.6934 92.8853 -48
60.4786 92.92 -48
58.545 93.2221 -48
56.3965 93.4907 -48
54.2481 93.7592 -48
52.0997 93.9606 -48
49.9512 94.1244 -48
47.8028 94.1895 -48
45.6543 94.1895 -48
43.5059 94.0949 -48
41.3575 93.9606 -48
39.209 93.7592 -48
37.0606 93.4907 -48
34.9122 93.2221 -48
32.9786 92.92 -48
32.7637 92.8853 -48
30.6153 92.4836 -48
28.4668 92.123 -48
26.3184 91.7451 -48
24.17 91.4094 -48
22.0215 91.0141 -48
20.5176 90.7715 -48
19.8731 90.6676 -48
17.7246 90.3351 -48
15.5762 90.0439 -48
13.4278 89.7309 -48
11.2793 89.4623 -48
9.13089 89.2122 -48
6.98246 89.0595 -48
4.83402 88.9252 -48
2.68558 88.7964 -48
0.537142 88.791 -48
-1.6113 88.791 -48
-3.75973 88.8581 -48
-5.90817 88.935 -48
-8.05661 89.1429 -48
-10.205 89.3508 -48
-12.3535 89.6638 -48
-14.5019 89.9995 -48
-16.6504 90.3904 -48
-18.6198 90.7715 -48
-18.7988 90.8051 -48
-20.9472 91.222 -48
-23.0957 91.6779 -48
-25.2441 92.123 -48
-27.3926 92.5388 -48
-29.362 92.92 -48
-29.541 92.9546 -48
-31.6894 93.3564 -48
-33.8379 93.6921 -48
-35.9863 94.0278 -48
-38.1347 94.2546 -48
-40.2832 94.4977 -48
-42.4316 94.6452 -48
-44.5801 94.7755 -48
-46.7285 94.8334 -48
-48.8769 94.8406 -48
-51.0254 94.7755 -48
-53.1738 94.7104 -48
-55.3223 94.5801 -48
-57.4707 94.4306 -48
-59.6191 94.2292 -48
-61.7676 93.9942 -48
-63.916 93.7592 -48
-66.0644 93.4398 -48
-68.2129 93.155 -48
-69.4661 92.92 -48
-70.3613 92.7467 -48
-72.5098 92.3309 -48
-74.6582 91.8458 -48
-76.8066 91.3422 -48
-78.8357 90.7715 -48
-78.9551 90.7369 -48
-81.1035 90.1132 -48
-83.252 89.3508 -48
-85.1318 88.6231 -48
-85.4004 88.5157 -48
-87.5488 87.5847 -48
-89.6973 86.5821 -48
-89.8987 86.4747 -48
-91.8457 85.3621 -48
-93.5518 84.3262 -48
-93.9941 84.0577 -48
-96.1426 82.6765 -48
-96.8408 82.1778 -48
-98.291 81.1036 -48
-99.6094 80.0294 -48
-100.439 79.327 -48
-102.148 77.8809 -48
-102.588 77.4942 -48
-104.503 75.7325 -48
-104.736 75.5087 -48
-106.661 73.584 -48
-106.885 73.3602 -48
-108.732 71.4356 -48
-109.033 71.1087 -48
-110.709 69.2872 -48
-111.182 68.7734 -48
-112.628 67.1387 -48
-113.33 66.3086 -48
-114.446 64.9903 -48
-115.479 63.7696 -48
-116.234 62.8419 -48
-117.627 60.962 -48
-117.826 60.6934 -48
-119.417 58.545 -48
-119.775 58.0079 -48
-120.811 56.3965 -48
-121.924 54.6658 -48
-122.192 54.2481 -48
-123.497 52.0997 -48
-124.072 51.0926 -48
-124.702 49.9512 -48
-125.827 47.8028 -48
-126.221 47.015 -48
-126.879 45.6543 -48
-127.832 43.5059 -48
-128.369 42.2664 -48
-128.75 41.3575 -48
-129.582 39.209 -48
-130.344 37.0606 -48
-130.518 36.5723 -48
-131.107 34.9122 -48
-131.827 32.7637 -48
-132.562 30.6153 -48
-132.666 30.293 -48
-133.255 28.4668 -48
-133.948 26.3184 -48
-134.641 24.17 -48
-134.814 23.6329 -48
-135.334 22.0215 -48
-135.958 19.8731 -48
-136.582 17.7246 -48
-136.963 16.4117 -48
-137.198 15.5762 -48
-137.76 13.4278 -48
-138.314 11.2793 -48
-138.799 9.13089 -48
-139.111 7.9224 -48
-139.346 6.98246 -48
-139.839 4.83402 -48
-140.353 2.68558 -48
-140.823 0.537142 -48
-141.26 -1.45784 -48
-141.293 -1.6113 -48
-141.763 -3.75973 -48
-142.166 -5.90817 -48
-142.542 -8.05661 -48
-142.905 -10.205 -48
-143.235 -12.3535 -48
-143.408 -13.6963 -48
-143.509 -14.5019 -48
-143.777 -16.6504 -48
-143.997 -18.7988 -48
-144.18 -20.9472 -48
-144.315 -23.0957 -48
-144.449 -25.2441 -48
-144.516 -27.3926 -48
-144.449 -29.541 -48
-144.382 -31.6894 -48
-144.247 -33.8379 -48
-144.113 -35.9863 -48
-143.928 -38.1347 -48
-143.72 -40.2832 -48
-143.443 -42.4316 -48
-143.408 -42.6465 -48
-143.106 -44.5801 -48
-142.75 -46.7285 -48
-142.233 -48.8769 -48
-141.696 -51.0254 -48
-141.26 -52.4219 -48
-141.017 -53.1738 -48
-140.286 -55.3223 -48
-139.493 -57.4707 -48
-139.111 -58.3796 -48
-138.592 -59.6191 -48
-137.691 -61.7676 -48
-136.963 -63.2715 -48
-136.641 -63.916 -48
-135.638 -66.0644 -48
-134.814 -67.7116 -48
-134.546 -68.2129 -48
-133.318 -70.3613 -48
-132.666 -71.4355 -48
-132.014 -72.5098 -48
-130.637 -74.6582 -48
-130.518 -74.8278 -48
-129.072 -76.8066 -48
-128.369 -77.7197 -48
-127.419 -78.9551 -48
-126.221 -80.3711 -48
-125.576 -81.1035 -48
-124.072 -82.7382 -48
-123.6 -83.252 -48
-121.924 -84.9976 -48
-121.537 -85.4004 -48
-119.775 -87.1621 -48
-119.355 -87.5488 -48
-117.627 -89.1387 -48
-116.992 -89.6973 -48
-115.479 -90.9781 -48
-114.453 -91.8457 -48
-113.33 -92.7608 -48
-111.665 -93.9941 -48
-111.182 -94.3522 -48
-109.033 -95.8641 -48
-108.637 -96.1426 -48
-106.885 -97.3319 -48
-105.393 -98.291 -48
-104.736 -98.713 -48
-102.588 -100.094 -48
-101.984 -100.439 -48
-100.439 -101.291 -48
-98.291 -102.477 -48
-98.0896 -102.588 -48
-96.1426 -103.626 -48
-93.9941 -104.629 -48
-93.764 -104.736 -48
-91.8457 -105.632 -48
-89.6973 -106.563 -48
-88.8916 -106.885 -48
-87.5488 -107.405 -48
-85.4004 -108.236 -48
-83.3415 -109.033 -48
-83.252 -109.068 -48
-81.1035 -109.761 -48
-78.9551 -110.454 -48
-76.8066 -111.147 -48
-76.6873 -111.182 -48
-74.6582 -111.752 -48
-72.5098 -112.289 -48
-70.3613 -112.81 -48
-68.2129 -113.295 -48
-68.0594 -113.33 -48
-66.0644 -113.766 -48
-63.916 -114.169 -48
-61.7676 -114.505 -48
-59.6191 -114.841 -48
-57.4707 -115.167 -48
-55.3223 -115.375 -48
-54.5166 -115.479 -48
-53.1738 -115.646 -48
-51.0254 -115.86 -48
-48.8769 -116.068 -48
-46.7285 -116.318 -48
-44.5801 -116.553 -48
-42.4316 -116.748 -48
-40.2832 -116.943 -48
-38.1347 -117.074 -48
-35.9863 -117.139 -48
-33.8379 -117.204 -48
-31.6894 -117.216 -48
-29.541 -117.216 -48
-27.3926 -117.269 -48
-25.2441 -117.216 -48
-23.0957 -117.216 -48
-20.9472 -117.204 -48
-18.7988 -117.204 -48
-16.6504 -117.204 -48
-14.5019 -117.204 -48
-12.3535 -117.204 -48
-10.205 -117.269 -48
-8.05661 -117.269 -48
-5.90817 -117.334 -48
-3.75973 -117.459 -48
-1.6113 -117.526 -48
3.2e-05 -117.627 -48
0.537142 -117.661 -48
2.68558 -117.862 -48
4.83402 -118.008 -48
6.98246 -118.216 -48
9.13089 -118.424 -48
11.2793 -118.668 -48
13.4278 -118.896 -48
15.5762 -119.092 -48
17.7246 -119.287 -48
19.8731 -119.417 -48
22.0215 -119.548 -48
24.17 -119.675 -48
25.7813 -119.775 -48
