-61.7676 -100.474 77
-59.6191 -100.674 77
-57.4707 -100.809 77
-55.3223 -100.943 77
-53.1738 -101.077 77
-51.0254 -101.212 77
-48.8769 -101.346 77
-46.7285 -101.444 77
-44.5801 -101.549 77
-42.4316 -101.621 77
-40.2832 -101.693 77
-38.1347 -101.764 77
-35.9863 -101.764 77
-33.8379 -101.836 77
-31.6894 -101.836 77
-29.541 -101.836 77
-27.3926 -101.764 77
-25.2441 -101.693 77
-23.0957 -101.583 77
-20.9472 -101.444 77
-18.7988 -101.236 77
-16.6504 -101.029 77
-14.5019 -100.821 77
-12.3535 -100.607 77
-11.0107 -100.439 77
-10.205 -100.335 77
-8.05661 -100.117 77
-5.90817 -99.974 77
-3.75973 -99.8307 77
-1.6113 -99.8307 77
0.537142 -99.8307 77
2.68558 -99.9023 77
4.83402 -100.117 77
6.98246 -100.266 77
8.77282 -100.439 77
9.13089 -100.474 77
11.2793 -100.682 77
13.4278 -100.89 77
15.5762 -101.144 77
17.7246 -101.346 77
19.8731 -101.514 77
22.0215 -101.652 77
24.17 -101.791 77
26.3184 -101.908 77
28.4668 -101.979 77
30.6153 -101.979 77
32.7637 -101.979 77
34.9122 -101.908 77
37.0606 -101.836 77
39.209 -101.764 77
41.3575 -101.621 77
43.5059 -101.514 77
45.6543 -101.306 77
47.8028 -101.077 77
49.9512 -100.821 77
52.0997 -100.543 77
52.9053 -100.439 77
54.2481 -100.26 77
56.3965 -99.974 77
58.545 -99.6425 77
60.6934 -99.3652 77
62.8419 -99.0187 77
64.9903 -98.6722 77
66.9597 -98.291 77
67.1387 -98.2564 77
69.2872 -97.8405 77
71.4356 -97.4247 77
73.584 -96.9396 77
75.7325 -96.4544 77
76.941 -96.1426 77
77.8809 -95.9 77
80.0294 -95.3456 77
82.1778 -94.7911 77
84.3262 -94.1674 77
84.8633 -93.9941 77
86.4747 -93.457 77
88.6231 -92.7813 77
90.7715 -92.019 77
91.2598 -91.8457 77
92.92 -91.237 77
95.0684 -90.3776 77
96.7693 -89.6973 77
97.2169 -89.5121 77
99.3653 -88.5872 77
101.514 -87.6562 77
101.762 -87.5488 77
103.662 -86.6969 77
105.811 -85.6597 77
106.348 -85.4004 77
107.959 -84.6225 77
110.107 -83.5112 77
110.609 -83.252 77
112.256 -82.4 77
114.404 -81.2146 77
114.594 -81.1035 77
116.553 -79.9552 77
118.164 -78.9551 77
118.701 -78.6098 77
120.85 -77.1647 77
121.359 -76.8066 77
122.998 -75.6528 77
124.277 -74.6582 77
125.147 -73.9558 77
126.781 -72.5098 77
127.295 -72.0371 77
129.117 -70.3613 77
129.443 -70.048 77
131.205 -68.2129 77
131.592 -67.7925 77
133.121 -66.0644 77
133.74 -65.332 77
134.894 -63.916 77
135.889 -62.5732 77
136.464 -61.7676 77
137.918 -59.6191 77
138.037 -59.4296 77
139.227 -57.4707 77
140.186 -55.891 77
140.519 -55.3223 77
141.759 -53.1738 77
142.334 -52.1667 77
142.986 -51.0254 77
144.291 -48.8769 77
144.483 -48.5785 77
145.631 -46.7285 77
146.631 -45.202 77
147.069 -44.5801 77
148.655 -42.4316 77
148.779 -42.2782 77
150.525 -40.2832 77
150.928 -39.8804 77
153.023 -38.1347 77
153.076 -38.0934 77
155.225 -36.8383 77
157.373 -36.0221 77
157.527 -35.9863 77
159.522 -35.5358 77
161.67 -35.2814 77
163.818 -35.2376 77
165.967 -35.3027 77
168.115 -35.3678 77
170.264 -35.4492 77
172.412 -35.5124 77
174.561 -35.5631 77
176.709 -35.5631 77
178.858 -35.5124 77
181.006 -35.4329 77
183.154 -35.2596 77
185.303 -35.0423 77
187.451 -34.6771 77
189.6 -34.219 77
191.077 -33.8379 77
191.748 -33.6646 77
193.897 -32.9716 77
196.045 -32.2092 77
197.285 -31.6894 77
198.193 -31.2956 77
200.342 -30.2448 77
201.618 -29.541 77
202.49 -29.0422 77
204.639 -27.5915 77
204.907 -27.3926 77
206.787 -25.9465 77
207.617 -25.2441 77
208.936 -24.084 77
210.01 -23.0957 77
211.084 -22.0215 77
212.072 -20.9472 77
213.233 -19.6289 77
213.909 -18.7988 77
215.381 -16.8115 77
215.496 -16.6504 77
216.826 -14.5019 77
217.529 -13.2263 77
218.011 -12.3535 77
218.998 -10.205 77
219.678 -8.63504 77
219.92 -8.05661 77
220.613 -5.90817 77
221.306 -3.75973 77
221.826 -1.74557 77
221.86 -1.6113 77
222.33 0.537142 77
222.733 2.68558 77
223.068 4.83402 77
223.386 6.98246 77
223.594 9.13089 77
223.74 11.2793 77
223.871 13.4278 77
223.871 15.5762 77
223.807 17.7246 77
223.673 19.8731 77
223.471 22.0215 77
223.178 24.17 77
222.762 26.3184 77
222.207 28.4668 77
221.826 29.7798 77
221.576 30.6153 77
220.788 32.7637 77
219.857 34.9122 77
219.678 35.2958 77
218.826 37.0606 77
217.568 39.209 77
217.529 39.2687 77
216.187 41.3575 77
215.381 42.4317 77
214.545 43.5059 77
213.233 45.1172 77
212.76 45.6543 77
211.084 47.4758 77
210.771 47.8028 77
208.936 49.5645 77
208.515 49.9512 77
206.787 51.4799 77
206.02 52.0997 77
204.639 53.1739 77
203.189 54.2481 77
202.49 54.7468 77
200.342 56.128 77
199.9 56.3965 77
198.193 57.3633 77
196.045 58.4376 77
195.815 58.545 77
193.897 59.4113 77
191.748 60.2995 77
190.674 60.6934 77
189.6 61.0627 77
187.451 61.6983 77
185.303 62.2528 77
183.154 62.7411 77
182.694 62.8419 77
181.006 63.2111 77
178.858 63.6139 77
176.709 64.0168 77
174.561 64.4196 77
172.412 64.8863 77
172.054 64.9903 77
170.264 65.5274 77
168.115 66.3608 77
166.611 67.1387 77
165.967 67.484 77
163.818 68.9153 77
163.358 69.2872 77
161.67 70.7642 77
160.969 71.4356 77
159.522 72.8835 77
158.85 73.584 77
157.373 75.0611 77
156.673 75.7325 77
155.225 77.12 77
154.395 77.8809 77
153.076 78.9965 77
151.797 80.0294 77
150.928 80.7317 77
148.839 82.1778 77
148.779 82.2162 77
146.631 83.5484 77
145.221 84.3262 77
144.483 84.7201 77
142.334 85.7943 77
140.876 86.4747 77
140.186 86.7768 77
138.037 87.5825 77
135.889 88.3805 77
135.205 88.6231 77
133.74 89.1267 77
131.592 89.7666 77
129.443 90.3904 77
128.131 90.7715 77
127.295 91.0141 77
125.147 91.5685 77
122.998 92.0537 77
120.85 92.5977 77
119.238 92.92 77
118.701 93.0239 77
116.553 93.5091 77
114.404 93.9584 77
112.256 94.4597 77
110.107 94.8894 77
109.34 95.0684 77
107.959 95.4137 77
105.811 95.9204 77
103.662 96.4112 77
101.514 96.8835 77
99.5801 97.2169 77
99.3653 97.2539 77
97.2169 97.6243 77
95.0684 98.0404 77
92.92 98.3985 77
90.7715 98.7762 77
88.6231 99.2579 77
88.086 99.3653 77
86.4747 99.6772 77
84.3262 100.093 77
82.1778 100.406 77
80.0294 100.7 77
77.8809 100.83 77
75.7325 100.913 77
73.584 100.96 77
71.4356 100.977 77
69.2872 101.025 77
67.1387 101.025 77
64.9903 101.025 77
62.8419 101.025 77
60.6934 101.025 77
58.545 101.025 77
56.3965 100.96 77
54.2481 100.96 77
52.0997 100.895 77
49.9512 100.765 77
47.8028 100.57 77
45.6543 100.339 77
43.5059 99.9544 77
41.3575 99.4727 77
40.8204 99.3653 77
39.209 99.043 77
37.0606 98.6615 77
34.9122 98.2911 77
32.7637 98.0993 77
30.6153 97.9207 77
28.4668 97.7156 77
26.3184 97.4158 77
24.9756 97.2169 77
24.17 97.0975 77
22.0215 96.6996 77
19.8731 96.2666 77
17.7246 95.8848 77
15.5762 95.5229 77
13.4278 95.1114 77
13.2129 95.0684 77
11.2793 94.6966 77
9.13089 94.338 77
6.98246 93.9942 77
4.83402 93.6505 77
2.68558 93.3067 77
0.537142 93.0439 77
-1.07419 92.92 77
-1.6113 92.8816 77
-3.75973 92.7348 77
-5.90817 92.7348 77
-8.05661 92.7467 77
-10.205 92.8853 77
-10.5631 92.92 77
-12.3535 93.1052 77
-14.5019 93.4756 77
-16.6504 93.9201 77
-18.7988 94.3646 77
-20.9472 94.9533 77
-21.3501 95.0684 77
-23.0957 95.55 77
-25.2441 96.1043 77
-27.3926 96.7353 77
-29.1382 97.2169 77
-29.541 97.328 77
-31.6894 97.9207 77
-33.8379 98.5133 77
-35.9863 99.043 77
-37.3674 99.3653 77
-38.1347 99.5443 77
-40.2832 99.9544 77
-42.4316 100.205 77
-44.5801 100.339 77
-46.7285 100.406 77
-48.8769 100.44 77
-51.0254 100.44 77
-53.1738 100.44 77
-55.3223 100.44 77
-57.4707 100.44 77
-59.6191 100.374 77
-61.7676 100.309 77
-63.916 100.137 77
-66.0644 99.8017 77
-68.2129 99.4 77
-68.3919 99.3653 77
-70.3613 98.9841 77
-72.5098 98.4589 77
-74.6582 98.0139 77
-76.8066 97.598 77
-78.776 97.2169 77
-78.9551 97.1822 77
-81.1035 96.7664 77
-83.252 96.4199 77
-85.4004 96.0419 77
-87.5488 95.6575 77
-89.6973 95.311 77
-91.2012 95.0684 77
-91.8457 94.9645 77
-93.9941 94.632 77
-96.1426 94.2963 77
-98.291 93.8935 77
-100.439 93.4907 77
-102.588 93.0932 77
-103.483 92.92 77
-104.736 92.6774 77
-106.885 92.2616 77
-109.033 91.7765 77
-111.182 91.3606 77
-113.33 90.8755 77
-113.79 90.7715 77
-115.479 90.3904 77
-117.627 89.9052 77
-119.775 89.3508 77
-121.924 88.7964 77
-122.595 88.6231 77
-124.072 88.2419 77
-126.221 87.6496 77
-128.369 86.9782 77
-129.834 86.4747 77
-130.518 86.2321 77
-132.666 85.4698 77
-134.814 84.6381 77
-135.558 84.3262 77
-136.963 83.7175 77
-139.111 82.7149 77
-140.059 82.1778 77
-141.26 81.474 77
-143.408 80.1445 77
-143.569 80.0294 77
-145.557 78.5007 77
-146.289 77.8809 77
-147.705 76.5829 77
-148.556 75.7325 77
-149.854 74.3165 77
-150.473 73.584 77
-152.002 71.5967 77
-152.117 71.4356 77
-153.633 69.2872 77
-154.15 68.5889 77
-155.266 67.1387 77
-156.299 65.796 77
-156.943 64.9903 77
-158.447 63.3556 77
-158.984 62.8419 77
-160.596 61.4239 77
-161.61 60.6934 77
-162.744 59.9645 77
-164.893 58.9389 77
-165.877 58.545 77
-167.041 58.0945 77
-169.189 57.5401 77
-171.338 57.0549 77
-173.486 56.6987 77
-175.42 56.3965 77
-175.635 56.3619 77
-177.783 56.0154 77
-179.932 55.6244 77
-182.08 55.253 77
-184.229 54.8372 77
-186.377 54.3521 77
-186.837 54.2481 77
-188.525 53.8669 77
-190.674 53.2432 77
-192.822 52.5501 77
-194.092 52.0997 77
-194.971 51.7774 77
-197.119 50.8868 77
-199.053 49.9512 77
-199.268 49.8438 77
-201.416 48.7696 77
-203.122 47.8028 77
-203.564 47.5435 77
-205.713 46.2841 77
-206.674 45.6543 77
-207.861 44.8487 77
-209.741 43.5059 77
-210.01 43.307 77
-212.158 41.564 77
-212.402 41.3575 77
-214.307 39.6817 77
-214.799 39.209 77
-216.455 37.4809 77
-216.842 37.0606 77
-218.604 34.9633 77
-218.645 34.9122 77
-220.314 32.7637 77
-220.752 32.1072 77
-221.711 30.6153 77
-222.9 28.6564 77
-223.012 28.4668 77
-224.197 26.3184 77
-225.049 24.6713 77
-225.3 24.17 77
-226.192 22.0215 77
-227.018 19.8731 77
-227.197 19.336 77
-227.717 17.7246 77
-228.272 15.5762 77
-228.757 13.4278 77
-229.172 11.2793 77
-229.346 10.2051 77
-229.514 9.13089 77
-229.782 6.98246 77
-229.984 4.83402 77
-230.185 2.68558 77
-230.252 0.537142 77
-230.319 -1.6113 77
-230.252 -3.75973 77
-230.051 -5.90817 77
-229.782 -8.05661 77
-229.346 -10.0516 77
-229.311 -10.205 77
-228.687 -12.3535 77
-227.949 -14.5019 77
-227.197 -16.2372 77
-227.012 -16.6504 77
-225.901 -18.7988 77
-225.049 -20.2522 77
-224.611 -20.9472 77
-223.099 -23.0957 77
-222.9 -23.3514 77
-221.372 -25.2441 77
-220.752 -25.9765 77
-219.454 -27.3926 77
-218.604 -28.243 77
-217.249 -29.541 77
-216.455 -30.2434 77
-214.746 -31.6894 77
-214.307 -32.0475 77
-212.158 -33.6389 77
-211.86 -33.8379 77
-210.01 -35.0272 77
-208.43 -35.9863 77
-207.861 -36.3197 77
-205.713 -37.505 77
-204.409 -38.1347 77
-203.564 -38.5159 77
-201.416 -39.3476 77
-199.268 -40.0406 77
-198.432 -40.2832 77
-197.119 -40.6644 77
-194.971 -41.1896 77
-192.822 -41.5924 77
-190.674 -41.9281 77
-188.525 -42.1891 77
-186.377 -42.3958 77
-185.303 -42.4316 77
-184.229 -42.4663 77
-182.08 -42.4674 77
-179.932 -42.5356 77
-177.783 -42.5356 77
-175.635 -42.4674 77
-173.486 -42.4663 77
-172.949 -42.4316 77
-171.338 -42.3277 77
-169.189 -42.1966 77
-167.041 -41.9952 77
-164.893 -41.7267 77
-162.744 -41.5253 77
-160.596 -41.3238 77
-158.447 -41.2881 77
-156.299 -41.3932 77
-154.15 -41.7513 77
-152.109 -42.4316 77
-152.002 -42.4687 77
-149.854 -43.5442 77
-148.327 -44.5801 77
-147.705 -45.0527 77
-145.884 -46.7285 77
-145.557 -47.0703 77
-144.028 -48.8769 77
-143.408 -49.6826 77
-142.414 -51.0254 77
-141.26 -52.665 77
-140.902 -53.1738 77
-139.457 -55.3223 77
-139.111 -55.8057 77
-137.922 -57.4707 77
-136.963 -58.8135 77
-136.366 -59.6191 77
-134.854 -61.7676 77
-134.814 -61.8213 77
-133.263 -63.916 77
-132.666 -64.6833 77
-131.55 -66.0644 77
-130.518 -67.3433 77
-129.815 -68.2129 77
-128.369 -69.8476 77
-127.896 -70.3613 77
-126.221 -72.1828 77
-125.92 -72.5098 77
-124.072 -74.4344 77
-123.848 -74.6582 77
-121.924 -76.5059 77
-121.597 -76.8066 77
-119.775 -78.4824 77
-119.238 -78.9551 77
-117.627 -80.3185 77
-116.655 -81.1035 77
-115.479 -82.0186 77
-113.813 -83.252 77
-113.33 -83.5972 77
-111.182 -85.0551 77
-110.645 -85.4004 77
-109.033 -86.4005 77
-107.074 -87.5488 77
-106.885 -87.66 77
-104.736 -88.8453 77
-103.089 -89.6973 77
-102.588 -89.9479 77
-100.439 -90.9937 77
-98.5389 -91.8457 77
-98.291 -91.9531 77
-96.1426 -92.8841 77
-93.9941 -93.7435 77
-93.3675 -93.9941 77
-91.8457 -94.5832 77
-89.6973 -95.319 77
-87.5488 -96.0352 77
-87.1908 -96.1426 77
-85.4004 -96.6624 77
-83.252 -97.2526 77
-81.1035 -97.8255 77
-78.9551 -98.2564 77
-78.776 -98.291 77
-76.8066 -98.6722 77
-74.6582 -99.0187 77
-72.5098 -99.3652 77
-70.3613 -99.6159 77
-68.2129 -99.8307 77
-66.0644 -100.106 77
-63.916 -100.26 77
-62.1256 -100.439 77
