2.68558 -117.728 22
4.83402 -117.862 22
6.98246 -117.996 22
9.13089 -118.147 22
11.2793 -118.332 22
13.4278 -118.466 22
15.5762 -118.563 22
17.7246 -118.668 22
19.8731 -118.668 22
22.0215 -118.668 22
24.17 -118.668 22
26.3184 -118.563 22
28.4668 -118.466 22
30.6153 -118.332 22
32.7637 -118.131 22
34.9122 -117.87 22
37.0606 -117.661 22
37.2754 -117.627 22
39.209 -117.315 22
41.3575 -116.969 22
43.5059 -116.553 22
45.6543 -116.137 22
47.8028 -115.721 22
49.056 -115.479 22
49.9512 -115.299 22
52.0997 -114.82 22
54.2481 -114.371 22
56.3965 -113.919 22
58.545 -113.431 22
58.9478 -113.33 22
60.6934 -112.88 22
62.8419 -112.394 22
64.9903 -111.887 22
67.1387 -111.286 22
67.5991 -111.182 22
69.2872 -110.788 22
71.4356 -110.177 22
73.584 -109.553 22
75.3744 -109.033 22
75.7325 -108.926 22
77.8809 -108.236 22
80.0294 -107.493 22
81.6895 -106.885 22
82.1778 -106.706 22
84.3262 -105.88 22
86.4747 -104.987 22
87.0118 -104.736 22
88.6231 -103.984 22
90.7715 -102.921 22
91.4161 -102.588 22
92.92 -101.81 22
95.0684 -100.551 22
95.258 -100.439 22
97.2169 -99.2501 22
98.7088 -98.291 22
99.3653 -97.869 22
101.514 -96.4879 22
102.023 -96.1426 22
103.662 -94.9888 22
105.076 -93.9941 22
105.811 -93.4769 22
107.908 -91.8457 22
107.959 -91.8044 22
110.107 -90.1517 22
110.645 -89.6973 22
112.256 -88.2793 22
113.05 -87.5488 22
114.404 -86.2508 22
115.292 -85.4004 22
116.553 -84.1919 22
117.455 -83.252 22
118.701 -81.8975 22
119.404 -81.1035 22
120.85 -79.3945 22
121.208 -78.9551 22
122.874 -76.8066 22
122.998 -76.6455 22
124.418 -74.6582 22
125.147 -73.584 22
125.875 -72.5098 22
127.257 -70.3613 22
127.295 -70.2981 22
128.517 -68.2129 22
129.443 -66.6331 22
129.766 -66.0644 22
130.84 -63.916 22
131.592 -62.4121 22
131.904 -61.7676 22
132.805 -59.6191 22
133.705 -57.4707 22
133.74 -57.3812 22
134.537 -55.3223 22
135.352 -53.1738 22
135.889 -51.5625 22
136.062 -51.0254 22
136.728 -48.8769 22
137.332 -46.7285 22
137.933 -44.5801 22
138.037 -44.1197 22
138.418 -42.4316 22
138.876 -40.2832 22
139.319 -38.1347 22
139.682 -35.9863 22
140.012 -33.8379 22
140.186 -32.7637 22
140.353 -31.6894 22
140.622 -29.541 22
140.891 -27.3926 22
141.121 -25.2441 22
141.329 -23.0957 22
141.495 -20.9472 22
141.629 -18.7988 22
141.745 -16.6504 22
141.814 -14.5019 22
141.884 -12.3535 22
141.953 -10.205 22
142.022 -8.05661 22
142.092 -5.90817 22
142.161 -3.75973 22
142.299 -1.6113 22
142.334 -0.537078 22
142.368 0.537142 22
142.438 2.68558 22
142.502 4.83402 22
142.569 6.98246 22
142.577 9.13089 22
142.577 11.2793 22
142.577 13.4278 22
142.577 15.5762 22
142.569 17.7246 22
142.507 19.8731 22
142.438 22.0215 22
142.369 24.17 22
142.334 24.7071 22
142.227 26.3184 22
142.083 28.4668 22
141.869 30.6153 22
141.654 32.7637 22
141.398 34.9122 22
141.052 37.0606 22
140.705 39.209 22
140.29 41.3575 22
140.186 41.8946 22
139.874 43.5059 22
139.319 45.6543 22
138.809 47.8028 22
138.21 49.9512 22
138.037 50.548 22
137.587 52.0997 22
136.894 54.2481 22
136.201 56.3965 22
135.889 57.2754 22
135.423 58.545 22
134.564 60.6934 22
133.74 62.594 22
133.629 62.8419 22
132.63 64.9903 22
131.592 67.0671 22
131.555 67.1387 22
130.444 69.2872 22
129.443 70.9933 22
129.175 71.4356 22
127.794 73.584 22
127.295 74.2823 22
126.179 75.7325 22
125.147 76.9532 22
124.33 77.8809 22
122.998 79.3288 22
122.298 80.0294 22
120.85 81.3614 22
119.878 82.1778 22
118.701 83.1281 22
117.062 84.3262 22
116.553 84.6715 22
114.404 85.9759 22
113.473 86.4747 22
112.256 87.1044 22
110.107 88.086 22
108.765 88.6231 22
107.959 88.935 22
105.811 89.6973 22
103.662 90.3211 22
102.111 90.7715 22
101.514 90.9448 22
99.3653 91.5436 22
97.2169 92.0136 22
95.0684 92.4695 22
92.92 92.8853 22
92.7409 92.92 22
90.7715 93.2892 22
88.6231 93.6477 22
86.4747 94.0278 22
84.3262 94.3635 22
82.1778 94.6873 22
80.0294 94.9645 22
79.2237 95.0684 22
77.8809 95.2475 22
75.7325 95.5339 22
73.584 95.8204 22
71.4356 96.1785 22
69.2872 96.4892 22
67.1387 96.8946 22
65.2051 97.2169 22
64.9903 97.2515 22
62.8419 97.5391 22
60.6934 97.8256 22
58.545 97.9947 22
56.3965 98.112 22
54.2481 98.217 22
52.0997 98.2553 22
49.9512 98.2911 22
47.8028 98.2911 22
45.6543 98.2911 22
43.5059 98.2553 22
41.3575 98.2553 22
39.209 98.1837 22
37.0606 98.1837 22
34.9122 98.112 22
32.7637 98.0404 22
30.6153 97.9207 22
28.4668 97.7725 22
26.3184 97.5621 22
24.17 97.332 22
23.3643 97.2169 22
22.0215 97.025 22
19.8731 96.6996 22
17.7246 96.4609 22
15.5762 96.1426 22
13.4278 95.9039 22
11.2793 95.6652 22
9.13089 95.5061 22
6.98246 95.2674 22
4.83402 95.1082 22
3.7598 95.0684 22
2.68558 95.0301 22
0.537142 94.9533 22
-1.6113 94.9573 22
-3.22263 95.0684 22
-3.75973 95.1068 22
-5.90817 95.2602 22
-8.05661 95.4265 22
-10.205 95.7448 22
-12.3535 96.0631 22
-14.5019 96.3814 22
-16.6504 96.7792 22
-18.7988 97.1785 22
-19.0136 97.2169 22
-20.9472 97.5621 22
-23.0957 97.9947 22
-25.2441 98.3652 22
-27.3926 98.8282 22
-29.541 99.2579 22
-30.0781 99.3653 22
-31.6894 99.6772 22
-33.8379 100.024 22
-35.9863 100.272 22
-38.1347 100.473 22
-40.2832 100.54 22
-42.4316 100.57 22
-44.5801 100.635 22
-46.7285 100.635 22
-48.8769 100.635 22
-51.0254 100.635 22
-53.1738 100.57 22
-55.3223 100.57 22
-57.4707 100.505 22
-59.6191 100.374 22
-61.7676 100.137 22
-63.916 99.8158 22
-66.0644 99.4 22
-66.2179 99.3653 22
-68.2129 98.9148 22
-70.3613 98.4297 22
-72.5098 98.0561 22
-74.6582 97.6533 22
-76.8066 97.3176 22
-77.3437 97.2169 22
-78.9551 96.9147 22
-81.1035 96.5119 22
-83.252 96.1091 22
-85.4004 95.6575 22
-87.5488 95.1724 22
-88.0859 95.0684 22
-89.6973 94.7566 22
-91.8457 94.2963 22
-93.9941 93.8264 22
-96.1426 93.2892 22
-97.6196 92.92 22
-98.291 92.7467 22
-100.439 92.1923 22
-102.588 91.5685 22
-104.736 90.8755 22
-105.059 90.7715 22
-106.885 90.1825 22
-109.033 89.3751 22
-110.913 88.6231 22
-111.182 88.512 22
-113.33 87.4415 22
-115.036 86.4747 22
-115.479 86.2061 22
-117.627 84.825 22
-118.292 84.3262 22
-119.775 83.1281 22
-120.85 82.1778 22
-121.924 81.1483 22
-122.998 80.0294 22
-124.072 78.8087 22
-124.828 77.8809 22
-126.221 75.7922 22
-126.259 75.7325 22
-127.474 73.584 22
-128.369 71.6658 22
-128.477 71.4356 22
-129.374 69.2872 22
-130.067 67.1387 22
-130.518 65.7422 22
-130.76 64.9903 22
-131.315 62.8419 22
-131.869 60.6934 22
-132.285 58.545 22
-132.666 56.8569 22
-132.77 56.3965 22
-133.17 54.2481 22
-133.572 52.0997 22
-133.908 49.9512 22
-134.244 47.8028 22
-134.572 45.6543 22
-134.814 44.1504 22
-134.915 43.5059 22
-135.184 41.3575 22
-135.452 39.209 22
-135.721 37.0606 22
-136.057 34.9122 22
-136.344 32.7637 22
-136.72 30.6153 22
-136.963 29.1114 22
-137.064 28.4668 22
-137.399 26.3184 22
-137.76 24.17 22
-138.106 22.0215 22
-138.503 19.8731 22
-138.852 17.7246 22
-139.111 15.8448 22
-139.147 15.5762 22
-139.505 13.4278 22
-139.863 11.2793 22
-140.221 9.13089 22
-140.579 6.98246 22
-140.926 4.83402 22
-141.26 2.90042 22
-141.294 2.68558 22
-141.572 0.537142 22
-141.797 -1.6113 22
-141.94 -3.75973 22
-141.964 -5.90817 22
-141.835 -8.05661 22
-141.618 -10.205 22
-141.303 -12.3535 22
-141.26 -12.8906 22
-141.106 -14.5019 22
-141.106 -16.6504 22
-141.26 -18.2617 22
-141.305 -18.7988 22
-141.484 -20.9472 22
-141.484 -23.0957 22
-141.26 -24.4385 22
-141.113 -25.2441 22
-140.625 -27.3926 22
-140.137 -29.541 22
-139.872 -31.6894 22
-139.842 -33.8379 22
-139.979 -35.9863 22
-140.062 -38.1347 22
-140.026 -40.2832 22
-139.788 -42.4316 22
-139.39 -44.5801 22
-139.111 -45.8333 22
-138.878 -46.7285 22
-138.209 -48.8769 22
-137.583 -51.0254 22
-136.963 -52.8157 22
-136.823 -53.1738 22
-135.889 -55.3223 22
-134.949 -57.4707 22
-134.814 -57.7392 22
-133.687 -59.6191 22
-132.666 -61.4746 22
-132.487 -61.7676 22
-131.387 -63.916 22
-130.518 -65.9451 22
-130.464 -66.0644 22
-129.537 -68.2129 22
-128.576 -70.3613 22
-128.369 -70.745 22
-127.381 -72.5098 22
-126.221 -74.3225 22
-125.987 -74.6582 22
-124.306 -76.8066 22
-124.072 -77.0893 22
-122.384 -78.9551 22
-121.924 -79.4385 22
-120.171 -81.1035 22
-119.775 -81.4993 22
-117.694 -83.252 22
-117.627 -83.3085 22
-115.479 -84.8633 22
-114.6 -85.4004 22
-113.33 -86.1354 22
-111.182 -87.3474 22
-110.859 -87.5488 22
-109.033 -88.7663 22
-107.959 -89.6973 22
-106.885 -90.6283 22
-105.743 -91.8457 22
-104.736 -92.9199 22
-103.585 -93.9941 22
-102.588 -94.8669 22
-101.13 -96.1426 22
-100.439 -96.6797 22
-98.3677 -98.291 22
-98.291 -98.3447 22
-96.1426 -99.8175 22
-95.2336 -100.439 22
-93.9941 -101.172 22
-91.8457 -102.246 22
-91.0937 -102.588 22
-89.6973 -103.146 22
-87.5488 -103.796 22
-85.4004 -104.395 22
-84.3262 -104.736 22
-83.252 -105.05 22
-81.1035 -105.859 22
-78.9551 -106.831 22
-78.8477 -106.885 22
-76.8066 -107.772 22
-74.6582 -108.471 22
-72.6888 -109.033 22
-72.5098 -109.08 22
-70.3613 -109.473 22
-68.2129 -109.801 22
-66.0644 -110.221 22
-63.916 -110.883 22
-63.0208 -111.182 22
-61.7676 -111.523 22
-59.6191 -112.109 22
-57.4707 -112.563 22
-55.3223 -112.954 22
-53.4424 -113.33 22
-53.1738 -113.375 22
-51.0254 -113.657 22
-48.8769 -114.031 22
-46.7285 -114.355 22
-44.5801 -114.711 22
-42.4316 -115.018 22
-40.2832 -115.317 22
-39.209 -115.479 22
-38.1347 -115.613 22
-35.9863 -115.951 22
-33.8379 -116.239 22
-31.6894 -116.508 22
-29.541 -116.687 22
-27.3926 -116.777 22
-25.2441 -116.833 22
-23.0957 -116.833 22
-20.9472 -116.833 22
-18.7988 -116.956 22
-16.6504 -117.154 22
-14.5019 -117.255 22
-12.3535 -117.358 22
-10.205 -117.448 22
-8.05661 -117.454 22
-5.90817 -117.52 22
-3.75973 -117.454 22
-1.6113 -117.523 22
0.537142 -117.592 22
1.07425 -117.627 22
