-40.2832 -100.543 79.5
-38.1347 -100.613 79.5
-35.9863 -100.682 79.5
-33.8379 -100.751 79.5
-31.6894 -100.809 79.5
-29.541 -100.751 79.5
-27.3926 -100.742 79.5
-25.2441 -100.674 79.5
-23.0957 -100.543 79.5
-21.4844 -100.439 79.5
-20.9472 -100.404 79.5
-18.7988 -100.197 79.5
-16.6504 -99.974 79.5
-14.5019 -99.7118 79.5
-12.3535 -99.5038 79.5
-10.205 -99.2959 79.5
-8.05661 -99.088 79.5
-5.90817 -98.9288 79.5
-3.75973 -98.8108 79.5
-1.6113 -98.7946 79.5
0.537142 -98.7946 79.5
2.68558 -98.8617 79.5
4.83402 -98.996 79.5
6.98246 -99.1573 79.5
9.13089 -99.3317 79.5
11.2793 -99.5038 79.5
13.4278 -99.7118 79.5
15.5762 -99.9197 79.5
17.7246 -100.189 79.5
19.8731 -100.335 79.5
20.9473 -100.439 79.5
22.0215 -100.54 79.5
24.17 -100.674 79.5
26.3184 -100.751 79.5
28.4668 -100.809 79.5
30.6153 -100.809 79.5
32.7637 -100.809 79.5
34.9122 -100.751 79.5
37.0606 -100.674 79.5
39.209 -100.543 79.5
40.8204 -100.439 79.5
41.3575 -100.404 79.5
43.5059 -100.197 79.5
45.6543 -100.046 79.5
47.8028 -99.7811 79.5
49.9512 -99.5732 79.5
52.0997 -99.2959 79.5
54.2481 -98.996 79.5
56.3965 -98.7274 79.5
58.545 -98.395 79.5
59.3506 -98.291 79.5
60.6934 -98.112 79.5
62.8419 -97.7539 79.5
64.9903 -97.4247 79.5
67.1387 -97.0782 79.5
69.2872 -96.6624 79.5
71.4356 -96.2465 79.5
71.9727 -96.1426 79.5
73.584 -95.8203 79.5
75.7325 -95.3456 79.5
77.8809 -94.7911 79.5
80.0294 -94.2367 79.5
80.9693 -93.9941 79.5
82.1778 -93.6823 79.5
84.3262 -93.0585 79.5
86.4747 -92.4348 79.5
88.3008 -91.8457 79.5
88.6231 -91.7383 79.5
90.7715 -90.9505 79.5
92.92 -90.1628 79.5
94.1895 -89.6973 79.5
95.0684 -89.375 79.5
97.2169 -88.4844 79.5
99.3653 -87.5846 79.5
99.4479 -87.5488 79.5
101.514 -86.6536 79.5
103.662 -85.7227 79.5
104.353 -85.4004 79.5
105.811 -84.6966 79.5
107.959 -83.6458 79.5
108.747 -83.252 79.5
110.107 -82.5716 79.5
112.256 -81.4974 79.5
112.994 -81.1035 79.5
114.404 -80.3256 79.5
116.553 -79.1403 79.5
116.869 -78.9551 79.5
118.701 -77.8809 79.5
120.341 -76.8066 79.5
120.85 -76.4614 79.5
122.998 -74.9367 79.5
123.374 -74.6582 79.5
125.147 -73.2948 79.5
126.034 -72.5098 79.5
127.295 -71.3496 79.5
128.369 -70.3613 79.5
129.443 -69.3319 79.5
130.562 -68.2129 79.5
131.592 -67.1387 79.5
132.58 -66.0644 79.5
133.74 -64.7461 79.5
134.443 -63.916 79.5
135.889 -62.0361 79.5
136.088 -61.7676 79.5
137.6 -59.6191 79.5
138.037 -58.9627 79.5
138.996 -57.4707 79.5
140.186 -55.5118 79.5
140.301 -55.3223 79.5
141.605 -53.1738 79.5
142.334 -52.0399 79.5
142.964 -51.0254 79.5
144.291 -48.8769 79.5
144.483 -48.5785 79.5
145.672 -46.7285 79.5
146.631 -45.3151 79.5
147.148 -44.5801 79.5
148.779 -42.4828 79.5
148.822 -42.4316 79.5
150.788 -40.2832 79.5
150.928 -40.1489 79.5
153.076 -38.3413 79.5
153.412 -38.1347 79.5
155.225 -37.1346 79.5
157.373 -36.3086 79.5
158.984 -35.9863 79.5
159.522 -35.8824 79.5
161.67 -35.617 79.5
163.818 -35.498 79.5
165.967 -35.498 79.5
168.115 -35.5124 79.5
170.264 -35.5631 79.5
172.412 -35.5756 79.5
174.561 -35.5756 79.5
176.709 -35.5631 79.5
178.858 -35.4492 79.5
181.006 -35.3678 79.5
183.154 -35.1471 79.5
185.303 -34.847 79.5
187.451 -34.4757 79.5
189.6 -34.0111 79.5
190.271 -33.8379 79.5
191.748 -33.4567 79.5
193.897 -32.7637 79.5
196.045 -31.932 79.5
196.582 -31.6894 79.5
198.193 -30.9375 79.5
200.342 -29.8744 79.5
200.911 -29.541 79.5
202.49 -28.5819 79.5
204.243 -27.3926 79.5
204.639 -27.1141 79.5
206.787 -25.4507 79.5
207.021 -25.2441 79.5
208.936 -23.4824 79.5
209.338 -23.0957 79.5
211.084 -21.3501 79.5
211.456 -20.9472 79.5
213.191 -18.7988 79.5
213.233 -18.7476 79.5
214.805 -16.6504 79.5
215.381 -15.7552 79.5
216.187 -14.5019 79.5
217.418 -12.3535 79.5
217.529 -12.1386 79.5
218.465 -10.205 79.5
219.366 -8.05661 79.5
219.678 -7.1777 79.5
220.114 -5.90817 79.5
220.718 -3.75973 79.5
221.256 -1.6113 79.5
221.722 0.537142 79.5
221.826 1.07425 79.5
222.128 2.68558 79.5
222.397 4.83402 79.5
222.666 6.98246 79.5
222.867 9.13089 79.5
223.001 11.2793 79.5
223.068 13.4278 79.5
223.068 15.5762 79.5
223.068 17.7246 79.5
222.934 19.8731 79.5
222.733 22.0215 79.5
222.464 24.17 79.5
222.061 26.3184 79.5
221.826 27.3926 79.5
221.576 28.4668 79.5
220.931 30.6153 79.5
220.198 32.7637 79.5
219.678 34.0032 79.5
219.27 34.9122 79.5
218.233 37.0606 79.5
217.529 38.3362 79.5
217.031 39.209 79.5
215.65 41.3575 79.5
215.381 41.7334 79.5
214.018 43.5059 79.5
213.233 44.4778 79.5
212.244 45.6543 79.5
211.084 46.9154 79.5
210.268 47.8028 79.5
208.936 49.1903 79.5
208.106 49.9512 79.5
206.787 51.1114 79.5
205.664 52.0997 79.5
204.639 52.9352 79.5
202.866 54.2481 79.5
202.49 54.5167 79.5
200.342 55.8978 79.5
199.52 56.3965 79.5
198.193 57.1744 79.5
196.045 58.2943 79.5
195.544 58.545 79.5
193.897 59.342 79.5
191.748 60.2279 79.5
190.479 60.6934 79.5
189.6 61.0053 79.5
187.451 61.7341 79.5
185.303 62.3221 79.5
183.289 62.8419 79.5
183.154 62.8765 79.5
181.006 63.3616 79.5
178.858 63.8154 79.5
176.709 64.3319 79.5
174.561 64.817 79.5
173.964 64.9903 79.5
172.412 65.4408 79.5
170.264 66.1719 79.5
168.115 67.1017 79.5
168.048 67.1387 79.5
165.967 68.328 79.5
164.624 69.2872 79.5
163.818 69.9069 79.5
162.012 71.4356 79.5
161.67 71.7364 79.5
159.745 73.584 79.5
159.522 73.7989 79.5
157.507 75.7325 79.5
157.373 75.8614 79.5
155.225 77.757 79.5
155.078 77.8809 79.5
153.076 79.5121 79.5
152.378 80.0294 79.5
150.928 81.0652 79.5
149.197 82.1778 79.5
148.779 82.4371 79.5
146.631 83.6965 79.5
145.413 84.3262 79.5
144.483 84.7917 79.5
142.334 85.8163 79.5
140.876 86.4747 79.5
140.186 86.7865 79.5
138.037 87.6182 79.5
135.889 88.3881 79.5
135.205 88.6231 79.5
133.74 89.1267 79.5
131.592 89.7666 79.5
129.443 90.3904 79.5
128.131 90.7715 79.5
127.295 91.0065 79.5
125.147 91.4992 79.5
122.998 92.0537 79.5
120.85 92.5388 79.5
119.162 92.92 79.5
118.701 93.0207 79.5
116.553 93.4398 79.5
114.404 93.8935 79.5
112.256 94.3407 79.5
110.107 94.7566 79.5
108.726 95.0684 79.5
107.959 95.2417 79.5
105.811 95.7268 79.5
103.662 96.1785 79.5
101.514 96.6278 79.5
99.3653 97.0436 79.5
98.4701 97.2169 79.5
97.2169 97.4594 79.5
95.0684 97.806 79.5
92.92 98.2218 79.5
90.7715 98.6376 79.5
88.6231 99.1227 79.5
87.5489 99.3653 79.5
86.4747 99.6003 79.5
84.3262 100.003 79.5
82.1778 100.374 79.5
80.0294 100.635 79.5
77.8809 100.83 79.5
75.7325 100.895 79.5
73.584 100.96 79.5
71.4356 100.977 79.5
69.2872 101.025 79.5
67.1387 101.025 79.5
64.9903 101.025 79.5
62.8419 100.977 79.5
60.6934 100.977 79.5
58.545 100.96 79.5
56.3965 100.96 79.5
54.2481 100.895 79.5
52.0997 100.83 79.5
49.9512 100.7 79.5
47.8028 100.505 79.5
45.6543 100.232 79.5
43.5059 99.8158 79.5
41.3575 99.4011 79.5
41.204 99.3653 79.5
39.209 98.8838 79.5
37.0606 98.5133 79.5
34.9122 98.217 79.5
32.7637 97.9947 79.5
30.6153 97.7923 79.5
28.4668 97.5621 79.5
26.3184 97.2566 79.5
26.1036 97.2169 79.5
24.17 96.8716 79.5
22.0215 96.5145 79.5
19.8731 96.184 79.5
17.7246 95.7708 79.5
15.5762 95.3576 79.5
14.323 95.0684 79.5
13.4278 94.8618 79.5
11.2793 94.3921 79.5
9.13089 93.9529 79.5
6.98246 93.5168 79.5
4.83402 93.1118 79.5
3.7598 92.92 79.5
2.68558 92.7348 79.5
0.537142 92.4384 79.5
-1.6113 92.2396 79.5
-3.75973 92.168 79.5
-5.90817 92.123 79.5
-8.05661 92.1923 79.5
-10.205 92.4002 79.5
-12.3535 92.6693 79.5
-13.8574 92.92 79.5
-14.5019 93.0239 79.5
-16.6504 93.4398 79.5
-18.7988 93.8868 79.5
-20.9472 94.41 79.5
-23.0957 95.0326 79.5
-23.23 95.0684 79.5
-25.2441 95.5882 79.5
-27.3926 96.2119 79.5
-29.541 96.905 79.5
-30.6152 97.2169 79.5
-31.6894 97.5287 79.5
-33.8379 98.112 79.5
-35.9863 98.685 79.5
-38.1347 99.1863 79.5
-39.0299 99.3653 79.5
-40.2832 99.6079 79.5
-42.4316 99.9024 79.5
-44.5801 100.093 79.5
-46.7285 100.232 79.5
-48.8769 100.301 79.5
-51.0254 100.339 79.5
-53.1738 100.339 79.5
-55.3223 100.339 79.5
-57.4707 100.339 79.5
-59.6191 100.232 79.5
-61.7676 100.093 79.5
-63.916 99.8688 79.5
-66.0644 99.4693 79.5
-66.6016 99.3653 79.5
-68.2129 99.0534 79.5
-70.3613 98.5683 79.5
-72.5098 98.1525 79.5
-74.6582 97.7204 79.5
-76.8066 97.3208 79.5
-77.4512 97.2169 79.5
-78.9551 96.9743 79.5
-81.1035 96.5585 79.5
-83.252 96.2119 79.5
-85.4004 95.8654 79.5
-87.5488 95.5189 79.5
-89.6973 95.1724 79.5
-90.3418 95.0684 79.5
-91.8457 94.8334 79.5
-93.9941 94.4977 79.5
-96.1426 94.1621 79.5
-98.291 93.8264 79.5
-100.439 93.4235 79.5
-102.588 93.0239 79.5
-103.125 92.92 79.5
-104.736 92.6081 79.5
-106.885 92.1923 79.5
-109.033 91.7765 79.5
-111.182 91.3422 79.5
-113.33 90.8755 79.5
-113.79 90.7715 79.5
-115.479 90.3904 79.5
-117.627 89.9052 79.5
-119.775 89.3952 79.5
-121.924 88.8581 79.5
-122.759 88.6231 79.5
-124.072 88.2419 79.5
-126.221 87.6182 79.5
-128.369 86.9782 79.5
-129.834 86.4747 79.5
-130.518 86.2321 79.5
-132.666 85.5012 79.5
-134.814 84.7074 79.5
-135.723 84.3262 79.5
-136.963 83.8064 79.5
-139.111 82.8581 79.5
-140.472 82.1778 79.5
-141.26 81.7703 79.5
-143.408 80.5281 79.5
-144.143 80.0294 79.5
-145.557 79.0347 79.5
-146.973 77.8809 79.5
-147.705 77.2364 79.5
-149.34 75.7325 79.5
-149.854 75.2187 79.5
-151.357 73.584 79.5
-152.002 72.8167 79.5
-153.118 71.4356 79.5
-154.15 70.1568 79.5
-154.853 69.2872 79.5
-156.299 67.4073 79.5
-156.514 67.1387 79.5
-158.403 64.9903 79.5
-158.447 64.9415 79.5
-160.596 62.8848 79.5
-160.649 62.8419 79.5
-162.744 61.2305 79.5
-163.675 60.6934 79.5
-164.893 60.0412 79.5
-167.041 59.1006 79.5
-168.652 58.545 79.5
-169.189 58.3659 79.5
-171.338 57.8173 79.5
-173.486 57.3321 79.5
-175.635 56.9163 79.5
-177.783 56.5005 79.5
-178.32 56.3965 79.5
-179.932 56.0847 79.5
-182.08 55.6244 79.5
-184.229 55.1545 79.5
-186.377 54.6293 79.5
-187.854 54.2481 79.5
-188.525 54.0748 79.5
-190.674 53.3818 79.5
-192.822 52.6887 79.5
-194.227 52.0997 79.5
-194.971 51.7878 79.5
-197.119 50.8464 79.5
-198.91 49.9512 79.5
-199.268 49.766 79.5
-201.416 48.5807 79.5
-202.743 47.8028 79.5
-203.564 47.304 79.5
-205.713 45.9136 79.5
-206.089 45.6543 79.5
-207.861 44.3883 79.5
-209.038 43.5059 79.5
-210.01 42.7209 79.5
-211.621 41.3575 79.5
-212.158 40.8848 79.5
-213.98 39.209 79.5
-214.307 38.8957 79.5
-216.068 37.0606 79.5
-216.455 36.6211 79.5
-217.848 34.9122 79.5
-218.604 33.9402 79.5
-219.486 32.7637 79.5
-220.752 30.898 79.5
-220.937 30.6153 79.5
-222.197 28.4668 79.5
-222.9 27.1912 79.5
-223.382 26.3184 79.5
-224.419 24.17 79.5
-225.049 22.7652 79.5
-225.371 22.0215 79.5
-226.231 19.8731 79.5
-226.947 17.7246 79.5
-227.197 16.8891 79.5
-227.578 15.5762 79.5
-228.064 13.4278 79.5
-228.479 11.2793 79.5
-228.826 9.13089 79.5
-229.172 6.98246 79.5
-229.346 5.19209 79.5
-229.379 4.83402 79.5
-229.581 2.68558 79.5
-229.658 0.537142 79.5
-229.715 -1.6113 79.5
-229.648 -3.75973 79.5
-229.45 -5.90817 79.5
-229.346 -6.5527 79.5
-229.103 -8.05661 79.5
-228.687 -10.205 79.5
-228.064 -12.3535 79.5
-227.301 -14.5019 79.5
-227.197 -14.7321 79.5
-226.302 -16.6504 79.5
-225.234 -18.7988 79.5
-225.049 -19.0972 79.5
-223.86 -20.9472 79.5
-222.9 -22.3607 79.5
-222.363 -23.0957 79.5
-220.752 -25.0907 79.5
-220.623 -25.2441 79.5
-218.732 -27.3926 79.5
-218.604 -27.5268 79.5
-216.502 -29.541 79.5
-216.455 -29.5823 79.5
-214.307 -31.4002 79.5
-213.949 -31.6894 79.5
-212.158 -33.0819 79.5
-211.084 -33.8379 79.5
-210.01 -34.5668 79.5
-207.861 -35.8712 79.5
-207.66 -35.9863 79.5
-205.713 -37.0605 79.5
-203.564 -38.0989 79.5
-203.475 -38.1347 79.5
-201.416 -38.9317 79.5
-199.268 -39.6941 79.5
-197.441 -40.2832 79.5
-197.119 -40.3839 79.5
-194.971 -40.921 79.5
-192.822 -41.3238 79.5
-190.674 -41.7267 79.5
-188.525 -41.9952 79.5
-186.377 -42.1966 79.5
-184.229 -42.397 79.5
-183.154 -42.4316 79.5
-182.08 -42.4663 79.5
-179.932 -42.4674 79.5
-177.783 -42.4674 79.5
-175.635 -42.4674 79.5
-173.486 -42.4663 79.5
-172.412 -42.4316 79.5
-171.338 -42.397 79.5
-169.189 -42.3277 79.5
-167.041 -42.1891 79.5
-164.893 -41.9952 79.5
-162.744 -41.8425 79.5
-160.596 -41.7039 79.5
-158.447 -41.6595 79.5
-156.299 -41.7732 79.5
-154.15 -42.181 79.5
-153.315 -42.4316 79.5
-152.002 -42.8391 79.5
-149.854 -43.8511 79.5
-148.72 -44.5801 79.5
-147.705 -45.3105 79.5
-146.164 -46.7285 79.5
-145.557 -47.3633 79.5
-144.225 -48.8769 79.5
-143.408 -49.8974 79.5
-142.541 -51.0254 79.5
-141.26 -52.778 79.5
-140.981 -53.1738 79.5
-139.457 -55.3223 79.5
-139.111 -55.8057 79.5
-137.878 -57.4707 79.5
-136.963 -58.7711 79.5
-136.366 -59.6191 79.5
-134.814 -61.7139 79.5
-134.773 -61.7676 79.5
-133.121 -63.916 79.5
-132.666 -64.4787 79.5
-131.433 -66.0644 79.5
-130.518 -67.1875 79.5
-129.615 -68.2129 79.5
-128.369 -69.6289 79.5
-127.725 -70.3613 79.5
-126.221 -71.9279 79.5
-125.662 -72.5098 79.5
-124.072 -74.1658 79.5
-123.559 -74.6582 79.5
-121.924 -76.1621 79.5
-121.223 -76.8066 79.5
-119.775 -78.0874 79.5
-118.701 -78.9551 79.5
-117.627 -79.7906 79.5
-115.855 -81.1035 79.5
-115.479 -81.382 79.5
-113.33 -82.8939 79.5
-112.793 -83.252 79.5
-111.182 -84.2521 79.5
-109.223 -85.4004 79.5
-109.033 -85.5115 79.5
-106.885 -86.6969 79.5
-105.341 -87.5488 79.5
-104.736 -87.8711 79.5
-102.588 -88.8737 79.5
-100.823 -89.6973 79.5
-100.439 -89.8763 79.5
-98.291 -90.8073 79.5
-96.1426 -91.7383 79.5
-95.8496 -91.8457 79.5
-93.9941 -92.526 79.5
-91.8457 -93.3138 79.5
-89.9902 -93.9941 79.5
-89.6973 -94.0981 79.5
-87.5488 -94.7218 79.5
-85.4004 -95.3906 79.5
-83.252 -95.9693 79.5
-82.5806 -96.1426 79.5
-81.1035 -96.5118 79.5
-78.9551 -96.9396 79.5
-76.8066 -97.3554 79.5
-74.6582 -97.6823 79.5
-72.5098 -98.0404 79.5
-70.6299 -98.291 79.5
-70.3613 -98.3246 79.5
-68.2129 -98.5336 79.5
-66.0644 -98.7946 79.5
-63.916 -98.9494 79.5
-61.7676 -99.1303 79.5
-59.6191 -99.2959 79.5
-57.4707 -99.4345 79.5
-55.3223 -99.5443 79.5
-53.1738 -99.6875 79.5
-51.0254 -99.8097 79.5
-48.8769 -99.9579 79.5
-46.7285 -100.106 79.5
-44.5801 -100.254 79.5
-42.4316 -100.402 79.5
-41.8945 -100.439 79.5
