11.2793 -117.661 -75.5
13.4278 -117.8 -75.5
15.5762 -117.939 -75.5
17.7246 -118.077 -75.5
19.8731 -118.216 -75.5
22.0215 -118.399 -75.5
24.17 -118.466 -75.5
26.3184 -118.533 -75.5
28.4668 -118.493 -75.5
30.6153 -118.424 -75.5
32.7637 -118.285 -75.5
34.9122 -118.147 -75.5
37.0606 -118.008 -75.5
39.209 -117.8 -75.5
41.3575 -117.662 -75.5
41.7155 -117.627 -75.5
43.5059 -117.459 -75.5
45.6543 -117.258 -75.5
47.8028 -116.989 -75.5
49.9512 -116.653 -75.5
52.0997 -116.318 -75.5
54.2481 -115.915 -75.5
56.3965 -115.512 -75.5
56.5756 -115.479 -75.5
58.545 -115.097 -75.5
60.6934 -114.639 -75.5
62.8419 -114.127 -75.5
64.9903 -113.632 -75.5
66.0645 -113.33 -75.5
67.1387 -113.018 -75.5
69.2872 -112.464 -75.5
71.4356 -111.84 -75.5
73.4766 -111.182 -75.5
73.584 -111.147 -75.5
75.7325 -110.523 -75.5
77.8809 -109.83 -75.5
80.0294 -109.069 -75.5
80.1368 -109.033 -75.5
82.1778 -108.353 -75.5
84.3262 -107.565 -75.5
86.1817 -106.885 -75.5
86.4747 -106.777 -75.5
88.6231 -105.88 -75.5
90.7715 -104.915 -75.5
91.1552 -104.736 -75.5
92.92 -103.884 -75.5
95.0684 -102.773 -75.5
95.3844 -102.588 -75.5
97.2169 -101.514 -75.5
99.0494 -100.439 -75.5
99.3653 -100.248 -75.5
101.514 -98.8665 -75.5
102.409 -98.291 -75.5
103.662 -97.4555 -75.5
105.528 -96.1426 -75.5
105.811 -95.9437 -75.5
107.959 -94.3522 -75.5
108.419 -93.9941 -75.5
110.107 -92.6307 -75.5
111.079 -91.8457 -75.5
112.256 -90.8954 -75.5
113.61 -89.6973 -75.5
114.404 -88.9949 -75.5
116.039 -87.5488 -75.5
116.553 -87.0762 -75.5
118.374 -85.4004 -75.5
118.701 -85.0871 -75.5
120.536 -83.252 -75.5
120.85 -82.925 -75.5
122.595 -81.1035 -75.5
122.998 -80.6641 -75.5
124.502 -78.9551 -75.5
125.147 -78.1878 -75.5
126.262 -76.8066 -75.5
127.295 -75.4639 -75.5
127.892 -74.6582 -75.5
129.404 -72.5098 -75.5
129.443 -72.4466 -75.5
130.709 -70.3613 -75.5
131.592 -68.908 -75.5
131.986 -68.2129 -75.5
133.111 -66.0644 -75.5
133.74 -64.847 -75.5
134.206 -63.916 -75.5
135.259 -61.7676 -75.5
135.889 -60.3628 -75.5
136.211 -59.6191 -75.5
137.102 -57.4707 -75.5
138.001 -55.3223 -75.5
138.037 -55.2246 -75.5
138.765 -53.1738 -75.5
139.527 -51.0254 -75.5
140.186 -48.9844 -75.5
140.22 -48.8769 -75.5
140.891 -46.7285 -75.5
141.468 -44.5801 -75.5
142.022 -42.4316 -75.5
142.334 -41.0505 -75.5
142.502 -40.2832 -75.5
142.905 -38.1347 -75.5
143.24 -35.9863 -75.5
143.509 -33.8379 -75.5
143.669 -31.6894 -75.5
143.799 -29.541 -75.5
143.799 -27.3926 -75.5
143.734 -25.2441 -75.5
143.604 -23.0957 -75.5
143.442 -20.9472 -75.5
143.24 -18.7988 -75.5
142.972 -16.6504 -75.5
142.703 -14.5019 -75.5
142.435 -12.3535 -75.5
142.334 -11.709 -75.5
142.099 -10.205 -75.5
141.763 -8.05661 -75.5
141.428 -5.90817 -75.5
141.025 -3.75973 -75.5
140.555 -1.6113 -75.5
140.186 0.0767619 -75.5
140.082 0.537142 -75.5
139.548 2.68558 -75.5
139.011 4.83402 -75.5
138.418 6.98246 -75.5
138.037 8.29539 -75.5
137.795 9.13089 -75.5
137.102 11.2793 -75.5
136.409 13.4278 -75.5
135.889 15.0391 -75.5
135.715 15.5762 -75.5
134.953 17.7246 -75.5
134.177 19.8731 -75.5
133.74 21.0368 -75.5
133.359 22.0215 -75.5
132.527 24.17 -75.5
131.627 26.3184 -75.5
131.592 26.401 -75.5
130.726 28.4668 -75.5
129.825 30.6153 -75.5
129.443 31.4593 -75.5
128.835 32.7637 -75.5
127.832 34.9122 -75.5
127.295 36.0631 -75.5
126.813 37.0606 -75.5
125.755 39.209 -75.5
125.147 40.3504 -75.5
124.609 41.3575 -75.5
123.48 43.5059 -75.5
122.998 44.3787 -75.5
122.294 45.6543 -75.5
121.109 47.8028 -75.5
120.85 48.2451 -75.5
119.85 49.9512 -75.5
118.701 51.8013 -75.5
118.509 52.0997 -75.5
117.15 54.2481 -75.5
116.553 55.0962 -75.5
115.67 56.3965 -75.5
114.404 58.169 -75.5
114.126 58.545 -75.5
112.534 60.6934 -75.5
112.256 61.0515 -75.5
110.81 62.8419 -75.5
110.107 63.6719 -75.5
108.992 64.9903 -75.5
107.959 66.1579 -75.5
107.057 67.1387 -75.5
105.811 68.4367 -75.5
104.994 69.2872 -75.5
103.662 70.6192 -75.5
102.775 71.4356 -75.5
101.514 72.5958 -75.5
100.337 73.584 -75.5
99.3653 74.369 -75.5
97.5928 75.7325 -75.5
97.2169 76.011 -75.5
95.0684 77.4589 -75.5
94.3733 77.8809 -75.5
92.92 78.7329 -75.5
90.7715 79.8441 -75.5
90.3584 80.0294 -75.5
88.6231 80.7813 -75.5
86.4747 81.7123 -75.5
85.3109 82.1778 -75.5
84.3262 82.559 -75.5
82.1778 83.3213 -75.5
80.0294 84.0837 -75.5
79.3458 84.3262 -75.5
77.8809 84.846 -75.5
75.7325 85.5391 -75.5
73.584 86.224 -75.5
72.7485 86.4747 -75.5
71.4356 86.8558 -75.5
69.2872 87.4103 -75.5
67.1387 87.9647 -75.5
64.9903 88.5192 -75.5
64.5299 88.6231 -75.5
62.8419 88.9924 -75.5
60.6934 89.4623 -75.5
58.545 89.8359 -75.5
56.3965 90.2518 -75.5
54.2481 90.529 -75.5
52.0997 90.7369 -75.5
51.5625 90.7715 -75.5
49.9512 90.8755 -75.5
47.8028 90.9448 -75.5
45.6543 90.9448 -75.5
43.5059 90.8723 -75.5
42.4317 90.7715 -75.5
41.3575 90.6676 -75.5
39.209 90.3904 -75.5
37.0606 90.0439 -75.5
34.9122 89.628 -75.5
32.7637 89.1267 -75.5
30.6153 88.6567 -75.5
30.481 88.6231 -75.5
28.4668 88.1033 -75.5
26.3184 87.5825 -75.5
24.17 87.0638 -75.5
22.0215 86.5754 -75.5
21.6187 86.4747 -75.5
19.8731 86.0383 -75.5
17.7246 85.5391 -75.5
15.5762 85.0539 -75.5
13.4278 84.6284 -75.5
11.8164 84.3262 -75.5
11.2793 84.2223 -75.5
9.13089 83.8758 -75.5
6.98246 83.5985 -75.5
4.83402 83.3906 -75.5
2.68558 83.2856 -75.5
0.537142 83.2856 -75.5
-1.6113 83.3906 -75.5
-3.75973 83.6213 -75.5
-5.90817 83.9451 -75.5
-7.87757 84.3262 -75.5
-8.05661 84.3609 -75.5
-10.205 84.8969 -75.5
-12.3535 85.4005 -75.5
-14.5019 85.9549 -75.5
-16.5161 86.4747 -75.5
-16.6504 86.5093 -75.5
-18.7988 87.0454 -75.5
-20.9472 87.5825 -75.5
-23.0957 88.0524 -75.5
-25.2441 88.5192 -75.5
-25.7812 88.6231 -75.5
-27.3926 88.9252 -75.5
-29.541 89.2609 -75.5
-31.6894 89.5966 -75.5
-33.8379 89.8652 -75.5
-35.9863 90.1337 -75.5
-38.1347 90.4023 -75.5
-40.2832 90.5366 -75.5
-42.4316 90.6708 -75.5
-44.043 90.7715 -75.5
-44.5801 90.8051 -75.5
-46.7285 90.8051 -75.5
-48.8769 90.8062 -75.5
-51.0254 90.8051 -75.5
-52.0996 90.7715 -75.5
-53.1738 90.738 -75.5
-55.3223 90.6037 -75.5
-57.4707 90.4694 -75.5
-59.6191 90.2182 -75.5
-61.7676 89.9995 -75.5
-63.916 89.6973 -75.5
-66.0644 89.3281 -75.5
-68.2129 88.9924 -75.5
-70.1823 88.6231 -75.5
-70.3613 88.5885 -75.5
-72.5098 88.1033 -75.5
-74.6582 87.5489 -75.5
-76.8066 86.9252 -75.5
-78.2031 86.4747 -75.5
-78.9551 86.224 -75.5
-81.1035 85.3646 -75.5
-83.252 84.4337 -75.5
-83.4821 84.3262 -75.5
-85.4004 83.4002 -75.5
-87.5488 82.2889 -75.5
-87.7384 82.1778 -75.5
-89.6973 81.0295 -75.5
-91.3086 80.0294 -75.5
-91.8457 79.6713 -75.5
-93.9941 78.1594 -75.5
-94.3701 77.8809 -75.5
-96.1426 76.568 -75.5
-97.2168 75.7325 -75.5
-98.291 74.8301 -75.5
-99.707 73.584 -75.5
-100.439 72.9395 -75.5
-102.074 71.4356 -75.5
-102.588 70.9433 -75.5
-104.316 69.2872 -75.5
-104.736 68.8843 -75.5
-106.412 67.1387 -75.5
-106.885 66.6464 -75.5
-108.475 64.9903 -75.5
-109.033 64.4084 -75.5
-110.537 62.8419 -75.5
-111.182 62.1413 -75.5
-112.514 60.6934 -75.5
-113.33 59.7657 -75.5
-114.363 58.545 -75.5
-115.479 57.1638 -75.5
-116.075 56.3965 -75.5
-117.627 54.3018 -75.5
-117.667 54.2481 -75.5
-119.179 52.0997 -75.5
-119.775 51.2045 -75.5
-120.553 49.9512 -75.5
-121.813 47.8028 -75.5
-121.924 47.6132 -75.5
-123.072 45.6543 -75.5
-124.072 43.8416 -75.5
-124.251 43.5059 -75.5
-125.326 41.3575 -75.5
-126.221 39.5671 -75.5
-126.4 39.209 -75.5
-127.331 37.0606 -75.5
-128.262 34.9122 -75.5
-128.369 34.6436 -75.5
-129.121 32.7637 -75.5
-129.929 30.6153 -75.5
-130.518 29.0935 -75.5
-130.76 28.4668 -75.5
-131.523 26.3184 -75.5
-132.216 24.17 -75.5
-132.666 22.9004 -75.5
-132.978 22.0215 -75.5
-133.707 19.8731 -75.5
-134.433 17.7246 -75.5
-134.814 16.543 -75.5
-135.126 15.5762 -75.5
-135.819 13.4278 -75.5
-136.443 11.2793 -75.5
-136.963 9.668 -75.5
-137.131 9.13089 -75.5
-137.691 6.98246 -75.5
-138.245 4.83402 -75.5
-138.799 2.68558 -75.5
-139.111 1.30444 -75.5
-139.285 0.537142 -75.5
-139.839 -1.6113 -75.5
-140.324 -3.75973 -75.5
-140.809 -5.90817 -75.5
-141.26 -7.90315 -75.5
-141.294 -8.05661 -75.5
-141.763 -10.205 -75.5
-142.166 -12.3535 -75.5
-142.569 -14.5019 -75.5
-142.905 -16.6504 -75.5
-143.235 -18.7988 -75.5
-143.408 -20.5892 -75.5
-143.443 -20.9472 -75.5
-143.651 -23.0957 -75.5
-143.789 -25.2441 -75.5
-143.928 -27.3926 -75.5
-143.928 -29.541 -75.5
-143.928 -31.6894 -75.5
-143.859 -33.8379 -75.5
-143.72 -35.9863 -75.5
-143.512 -38.1347 -75.5
-143.408 -38.9404 -75.5
-143.235 -40.2832 -75.5
-142.888 -42.4316 -75.5
-142.473 -44.5801 -75.5
-141.965 -46.7285 -75.5
-141.364 -48.8769 -75.5
-141.26 -49.1992 -75.5
-140.671 -51.0254 -75.5
-139.908 -53.1738 -75.5
-139.111 -55.2327 -75.5
-139.076 -55.3223 -75.5
-138.145 -57.4707 -75.5
-137.142 -59.6191 -75.5
-136.963 -59.9772 -75.5
-136.068 -61.7676 -75.5
-134.926 -63.916 -75.5
-134.814 -64.1056 -75.5
-133.666 -66.0644 -75.5
-132.666 -67.7706 -75.5
-132.397 -68.2129 -75.5
-131.016 -70.3613 -75.5
-130.518 -71.0963 -75.5
-129.523 -72.5098 -75.5
-128.369 -74.1494 -75.5
-128.011 -74.6582 -75.5
-126.345 -76.8066 -75.5
-126.221 -76.9601 -75.5
-124.609 -78.9551 -75.5
-124.072 -79.5898 -75.5
-122.74 -81.1035 -75.5
-121.924 -81.9909 -75.5
-120.764 -83.252 -75.5
-119.775 -84.2814 -75.5
-118.608 -85.4004 -75.5
-117.627 -86.3027 -75.5
-116.273 -87.5488 -75.5
-115.479 -88.2512 -75.5
-113.77 -89.6973 -75.5
-113.33 -90.0553 -75.5
-111.182 -91.7263 -75.5
-111.021 -91.8457 -75.5
-109.033 -93.3178 -75.5
-108.12 -93.9941 -75.5
-106.885 -94.9092 -75.5
-105.132 -96.1426 -75.5
-104.736 -96.4111 -75.5
-102.588 -97.7923 -75.5
-101.812 -98.291 -75.5
-100.439 -99.143 -75.5
-98.291 -100.401 -75.5
-98.2239 -100.439 -75.5
-96.1426 -101.549 -75.5
-94.1956 -102.588 -75.5
-93.9941 -102.695 -75.5
-91.8457 -103.698 -75.5
-89.6973 -104.629 -75.5
-89.4494 -104.736 -75.5
-87.5488 -105.56 -75.5
-85.4004 -106.434 -75.5
-84.2367 -106.885 -75.5
-83.252 -107.266 -75.5
-81.1035 -108.098 -75.5
-78.9551 -108.86 -75.5
-78.5075 -109.033 -75.5
-76.8066 -109.692 -75.5
-74.6582 -110.41 -75.5
-72.5098 -111.146 -75.5
-72.3904 -111.182 -75.5
-70.3613 -111.771 -75.5
-68.2129 -112.357 -75.5
-66.0644 -112.949 -75.5
-64.5874 -113.33 -75.5
-63.916 -113.498 -75.5
-61.7676 -113.968 -75.5
-59.6191 -114.438 -75.5
-57.4707 -114.889 -75.5
-55.3223 -115.305 -75.5
-54.4271 -115.479 -75.5
-53.1738 -115.714 -75.5
-51.0254 -116.049 -75.5
-48.8769 -116.318 -75.5
-46.7285 -116.618 -75.5
-44.5801 -116.855 -75.5
-42.4316 -117.074 -75.5
-40.2832 -117.204 -75.5
-38.1347 -117.334 -75.5
-35.9863 -117.459 -75.5
-33.8379 -117.526 -75.5
-31.6894 -117.592 -75.5
-29.541 -117.592 -75.5
-27.3926 -117.592 -75.5
-25.2441 -117.526 -75.5
-23.0957 -117.459 -75.5
-20.9472 -117.399 -75.5
-18.7988 -117.334 -75.5
-16.6504 -117.269 -75.5
-14.5019 -117.204 -75.5
-12.3535 -117.153 -75.5
-10.205 -117.09 -75.5
-8.05661 -117.074 -75.5
-5.90817 -117.074 -75.5
-3.75973 -117.074 -75.5
-1.6113 -117.09 -75.5
0.537142 -117.139 -75.5
2.68558 -117.204 -75.5
4.83402 -117.325 -75.5
6.98246 -117.399 -75.5
9.13089 -117.526 -75.5
10.7422 -117.627 -75.5
