-12.3535 -117.738 19.5
-10.205 -117.806 19.5
-8.05661 -117.878 19.5
-5.90817 -117.939 19.5
-3.75973 -118.008 19.5
-1.6113 -118.063 19.5
0.537142 -118.147 19.5
2.68558 -118.285 19.5
4.83402 -118.466 19.5
6.98246 -118.6 19.5
9.13089 -118.802 19.5
11.2793 -119.003 19.5
13.4278 -119.186 19.5
15.5762 -119.394 19.5
17.7246 -119.533 19.5
19.8731 -119.54 19.5
22.0215 -119.54 19.5
24.17 -119.473 19.5
26.3184 -119.339 19.5
28.4668 -119.186 19.5
30.6153 -118.978 19.5
32.7637 -118.701 19.5
34.9122 -118.424 19.5
37.0606 -118.077 19.5
39.209 -117.731 19.5
39.8536 -117.627 19.5
41.3575 -117.376 19.5
43.5059 -116.947 19.5
45.6543 -116.483 19.5
47.8028 -116.068 19.5
49.9512 -115.582 19.5
50.4116 -115.479 19.5
52.0997 -115.085 19.5
54.2481 -114.612 19.5
56.3965 -114.127 19.5
58.545 -113.699 19.5
60.233 -113.33 19.5
60.6934 -113.223 19.5
62.8419 -112.672 19.5
64.9903 -112.187 19.5
67.1387 -111.632 19.5
68.8843 -111.182 19.5
69.2872 -111.074 19.5
71.4356 -110.501 19.5
73.584 -109.9 19.5
75.7325 -109.206 19.5
76.2696 -109.033 19.5
77.8809 -108.513 19.5
80.0294 -107.82 19.5
82.1778 -107.058 19.5
82.6254 -106.885 19.5
84.3262 -106.204 19.5
86.4747 -105.273 19.5
87.7142 -104.736 19.5
88.6231 -104.329 19.5
90.7715 -103.218 19.5
91.989 -102.588 19.5
92.92 -102.089 19.5
95.0684 -100.861 19.5
95.7635 -100.439 19.5
97.2169 -99.5571 19.5
99.3021 -98.291 19.5
99.3653 -98.2527 19.5
101.514 -96.8715 19.5
102.648 -96.1426 19.5
103.662 -95.4662 19.5
105.649 -93.9941 19.5
105.811 -93.8702 19.5
107.959 -92.2175 19.5
108.419 -91.8457 19.5
110.107 -90.4277 19.5
110.938 -89.6973 19.5
112.256 -88.5371 19.5
113.33 -87.5488 19.5
114.404 -86.5194 19.5
115.523 -85.4004 19.5
116.553 -84.3709 19.5
117.627 -83.252 19.5
118.701 -82.0843 19.5
119.604 -81.1035 19.5
120.85 -79.6875 19.5
121.469 -78.9551 19.5
122.998 -76.9678 19.5
123.117 -76.8066 19.5
124.629 -74.6582 19.5
125.147 -73.8824 19.5
126.029 -72.5098 19.5
127.295 -70.5404 19.5
127.406 -70.3613 19.5
128.638 -68.2129 19.5
129.443 -66.709 19.5
129.777 -66.0644 19.5
130.888 -63.916 19.5
131.592 -62.4581 19.5
131.914 -61.7676 19.5
132.845 -59.6191 19.5
133.705 -57.4707 19.5
133.74 -57.3812 19.5
134.564 -55.3223 19.5
135.352 -53.1738 19.5
135.889 -51.5625 19.5
136.062 -51.0254 19.5
136.686 -48.8769 19.5
137.309 -46.7285 19.5
137.864 -44.5801 19.5
138.037 -43.8128 19.5
138.339 -42.4316 19.5
138.809 -40.2832 19.5
139.177 -38.1347 19.5
139.548 -35.9863 19.5
139.816 -33.8379 19.5
140.082 -31.6894 19.5
140.186 -30.8838 19.5
140.353 -29.541 19.5
140.497 -27.3926 19.5
140.705 -25.2441 19.5
140.844 -23.0957 19.5
140.983 -20.9472 19.5
141.092 -18.7988 19.5
141.159 -16.6504 19.5
141.191 -14.5019 19.5
141.226 -12.3535 19.5
141.26 -10.205 19.5
141.293 -8.05661 19.5
141.293 -5.90817 19.5
141.361 -3.75973 19.5
141.398 -1.6113 19.5
141.428 0.537142 19.5
141.468 2.68558 19.5
141.537 4.83402 19.5
141.537 6.98246 19.5
141.582 9.13089 19.5
141.582 11.2793 19.5
141.51 13.4278 19.5
141.51 15.5762 19.5
141.439 17.7246 19.5
141.398 19.8731 19.5
141.329 22.0215 19.5
141.191 24.17 19.5
141.092 26.3184 19.5
140.913 28.4668 19.5
140.705 30.6153 19.5
140.488 32.7637 19.5
140.22 34.9122 19.5
140.186 35.127 19.5
139.874 37.0606 19.5
139.527 39.209 19.5
139.111 41.3575 19.5
138.696 43.5059 19.5
138.21 45.6543 19.5
138.037 46.4216 19.5
137.715 47.8028 19.5
137.102 49.9512 19.5
136.478 52.0997 19.5
135.889 54.1287 19.5
135.853 54.2481 19.5
135.092 56.3965 19.5
134.329 58.545 19.5
133.74 60.0668 19.5
133.49 60.6934 19.5
132.63 62.8419 19.5
131.699 64.9903 19.5
131.592 65.2051 19.5
130.625 67.1387 19.5
129.48 69.2872 19.5
129.443 69.3543 19.5
128.254 71.4356 19.5
127.295 72.8491 19.5
126.796 73.584 19.5
125.266 75.7325 19.5
125.147 75.879 19.5
123.385 77.8809 19.5
122.998 78.3013 19.5
121.27 80.0294 19.5
120.85 80.4322 19.5
118.855 82.1778 19.5
118.701 82.3017 19.5
116.553 83.8886 19.5
115.896 84.3262 19.5
114.404 85.2854 19.5
112.323 86.4747 19.5
112.256 86.5117 19.5
110.107 87.5131 19.5
107.959 88.4441 19.5
107.471 88.6231 19.5
105.811 89.2318 19.5
103.662 89.9745 19.5
101.514 90.5983 19.5
100.917 90.7715 19.5
99.3653 91.2079 19.5
97.2169 91.7072 19.5
95.0684 92.1923 19.5
92.92 92.6081 19.5
91.3087 92.92 19.5
90.7715 93.0207 19.5
88.6231 93.3564 19.5
86.4747 93.6921 19.5
84.3262 94.0278 19.5
82.1778 94.3635 19.5
80.0294 94.6873 19.5
77.8809 94.8952 19.5
76.5381 95.0684 19.5
75.7325 95.1724 19.5
73.584 95.4496 19.5
71.4356 95.7268 19.5
69.2872 96.004 19.5
67.1387 96.3105 19.5
64.9903 96.6278 19.5
62.8419 96.905 19.5
60.6934 97.1822 19.5
60.1563 97.2169 19.5
58.545 97.3176 19.5
56.3965 97.4518 19.5
54.2481 97.5098 19.5
52.0997 97.519 19.5
49.9512 97.5098 19.5
47.8028 97.5098 19.5
45.6543 97.519 19.5
43.5059 97.5749 19.5
41.3575 97.64 19.5
39.209 97.6533 19.5
37.0606 97.6533 19.5
34.9122 97.6533 19.5
32.7637 97.598 19.5
30.6153 97.4594 19.5
28.4668 97.2527 19.5
28.1983 97.2169 19.5
26.3184 96.9662 19.5
24.17 96.6798 19.5
22.0215 96.3217 19.5
19.8731 96.0352 19.5
17.7246 95.7488 19.5
15.5762 95.4623 19.5
13.4278 95.2475 19.5
11.2793 95.1042 19.5
10.7422 95.0684 19.5
9.13089 94.961 19.5
6.98246 94.7566 19.5
4.83402 94.5486 19.5
2.68558 94.41 19.5
0.537142 94.3407 19.5
-1.6113 94.3407 19.5
-3.75973 94.4793 19.5
-5.90817 94.6179 19.5
-8.05661 94.8894 19.5
-9.39939 95.0684 19.5
-10.205 95.1796 19.5
-12.3535 95.4759 19.5
-14.5019 95.8204 19.5
-16.6504 96.1785 19.5
-18.7988 96.6081 19.5
-20.9472 96.9743 19.5
-22.0215 97.2169 19.5
-23.0957 97.4518 19.5
-25.2441 97.8753 19.5
-27.3926 98.3918 19.5
-29.541 98.9148 19.5
-31.536 99.3653 19.5
-31.6894 99.4 19.5
-33.8379 99.8017 19.5
-35.9863 100.07 19.5
-38.1347 100.272 19.5
-40.2832 100.339 19.5
-42.4316 100.339 19.5
-44.5801 100.406 19.5
-46.7285 100.406 19.5
-48.8769 100.44 19.5
-51.0254 100.44 19.5
-53.1738 100.406 19.5
-55.3223 100.374 19.5
-57.4707 100.272 19.5
-59.6191 100.137 19.5
-61.7676 99.8688 19.5
-63.916 99.5331 19.5
-64.6833 99.3653 19.5
-66.0644 99.0534 19.5
-68.2129 98.5683 19.5
-70.3613 98.1525 19.5
-72.5098 97.7875 19.5
-74.6582 97.4518 19.5
-76.1621 97.2169 19.5
-76.8066 97.1129 19.5
-78.9551 96.7664 19.5
-81.1035 96.3776 19.5
-83.252 95.9748 19.5
-85.4004 95.5189 19.5
-87.5488 95.1031 19.5
-87.7023 95.0684 19.5
-89.6973 94.6179 19.5
-91.8457 94.1621 19.5
-93.9941 93.6921 19.5
-96.1426 93.1626 19.5
-97.0825 92.92 19.5
-98.291 92.6081 19.5
-100.439 92.0537 19.5
-102.588 91.4299 19.5
-104.629 90.7715 19.5
-104.736 90.7357 19.5
-106.885 89.9745 19.5
-109.033 89.0886 19.5
-110.107 88.6231 19.5
-111.182 88.1416 19.5
-113.33 87.0303 19.5
-114.278 86.4747 19.5
-115.479 85.7457 19.5
-117.466 84.3262 19.5
-117.627 84.2069 19.5
-119.775 82.4786 19.5
-120.102 82.1778 19.5
-121.924 80.4322 19.5
-122.296 80.0294 19.5
-124.031 77.8809 19.5
-124.072 77.8244 19.5
-125.492 75.7325 19.5
-126.221 74.5319 19.5
-126.758 73.584 19.5
-127.76 71.4356 19.5
-128.369 70.0309 19.5
-128.681 69.2872 19.5
-129.443 67.1387 19.5
-130.136 64.9903 19.5
-130.518 63.6774 19.5
-130.76 62.8419 19.5
-131.315 60.6934 19.5
-131.8 58.545 19.5
-132.285 56.3965 19.5
-132.666 54.4271 19.5
-132.701 54.2481 19.5
-133.102 52.0997 19.5
-133.505 49.9512 19.5
-133.841 47.8028 19.5
-134.177 45.6543 19.5
-134.512 43.5059 19.5
-134.814 41.5723 19.5
-134.849 41.3575 19.5
-135.196 39.209 19.5
-135.542 37.0606 19.5
-135.889 34.9122 19.5
-136.258 32.7637 19.5
-136.594 30.6153 19.5
-136.928 28.4668 19.5
-136.963 28.252 19.5
-137.265 26.3184 19.5
-137.601 24.17 19.5
-137.899 22.0215 19.5
-138.245 19.8731 19.5
-138.574 17.7246 19.5
-138.926 15.5762 19.5
-139.111 14.502 19.5
-139.285 13.4278 19.5
-139.631 11.2793 19.5
-139.935 9.13089 19.5
-140.293 6.98246 19.5
-140.63 4.83402 19.5
-140.926 2.68558 19.5
-141.221 0.537142 19.5
-141.26 0.179069 19.5
-141.439 -1.6113 19.5
-141.582 -3.75973 19.5
-141.593 -5.90817 19.5
-141.452 -8.05661 19.5
-141.26 -9.84698 19.5
-141.217 -10.205 19.5
-140.933 -12.3535 19.5
-140.723 -14.5019 19.5
-140.799 -16.6504 19.5
-141.004 -18.7988 19.5
-141.209 -20.9472 19.5
-141.209 -23.0957 19.5
-140.918 -25.2441 19.5
-140.527 -27.3926 19.5
-140.039 -29.541 19.5
-139.783 -31.6894 19.5
-139.842 -33.8379 19.5
-139.928 -35.9863 19.5
-140.026 -38.1347 19.5
-140.026 -40.2832 19.5
-139.788 -42.4316 19.5
-139.39 -44.5801 19.5
-139.111 -45.8333 19.5
-138.888 -46.7285 19.5
-138.295 -48.8769 19.5
-137.607 -51.0254 19.5
-136.963 -53.0395 19.5
-136.914 -53.1738 19.5
-135.982 -55.3223 19.5
-135.038 -57.4707 19.5
-134.814 -57.9183 19.5
-133.794 -59.6191 19.5
-132.666 -61.6699 19.5
-132.603 -61.7676 19.5
-131.431 -63.916 19.5
-130.566 -66.0644 19.5
-130.518 -66.1719 19.5
-129.63 -68.2129 19.5
-128.67 -70.3613 19.5
-128.369 -70.9397 19.5
-127.553 -72.5098 19.5
-126.262 -74.6582 19.5
-126.221 -74.7179 19.5
-124.654 -76.8066 19.5
-124.072 -77.5416 19.5
-122.852 -78.9551 19.5
-121.924 -80.0293 19.5
-120.79 -81.1035 19.5
-119.775 -82.1181 19.5
-118.5 -83.252 19.5
-117.627 -83.9869 19.5
-115.709 -85.4004 19.5
-115.479 -85.5615 19.5
-113.33 -86.8924 19.5
-112.148 -87.5488 19.5
-111.182 -88.1175 19.5
-109.033 -89.6257 19.5
-108.944 -89.6973 19.5
-106.885 -91.5978 19.5
-106.637 -91.8457 19.5
-104.736 -93.6105 19.5
-104.323 -93.9941 19.5
-102.588 -95.498 19.5
-101.844 -96.1426 19.5
-100.439 -97.1571 19.5
-98.9816 -98.291 19.5
-98.291 -98.7744 19.5
-96.1426 -100.38 19.5
-96.0599 -100.439 19.5
-93.9941 -101.66 19.5
-92.1387 -102.588 19.5
-91.8457 -102.717 19.5
-89.6973 -103.528 19.5
-87.5488 -104.129 19.5
-85.4004 -104.688 19.5
-85.2469 -104.736 19.5
-83.252 -105.318 19.5
-81.1035 -106.117 19.5
-79.4922 -106.885 19.5
-78.9551 -107.129 19.5
-76.8066 -108.061 19.5
-74.6582 -108.872 19.5
-74.1211 -109.033 19.5
-72.5098 -109.454 19.5
-70.3613 -109.801 19.5
-68.2129 -110.221 19.5
-66.0644 -110.764 19.5
-64.5605 -111.182 19.5
-63.916 -111.335 19.5
-61.7676 -111.949 19.5
-59.6191 -112.46 19.5
-57.4707 -112.934 19.5
-55.3223 -113.27 19.5
-55.0537 -113.33 19.5
-53.1738 -113.657 19.5
-51.0254 -113.965 19.5
-48.8769 -114.355 19.5
-46.7285 -114.711 19.5
-44.5801 -115.103 19.5
-42.7002 -115.479 19.5
-42.4316 -115.521 19.5
-40.2832 -115.702 19.5
-38.1347 -115.992 19.5
-35.9863 -116.273 19.5
-33.8379 -116.602 19.5
-31.6894 -116.833 19.5
-29.541 -116.992 19.5
-27.3926 -117.09 19.5
-25.2441 -117.09 19.5
-23.0957 -117.064 19.5
-20.9472 -117.09 19.5
-18.7988 -117.207 19.5
-16.6504 -117.403 19.5
-14.5019 -117.586 19.5
-13.9648 -117.627 19.5
