11.2793 -117.662 -70.5
13.4278 -117.862 -70.5
15.5762 -118.008 -70.5
17.7246 -118.147 -70.5
19.8731 -118.355 -70.5
22.0215 -118.533 -70.5
24.17 -118.6 -70.5
26.3184 -118.668 -70.5
28.4668 -118.636 -70.5
30.6153 -118.533 -70.5
32.7637 -118.399 -70.5
34.9122 -118.216 -70.5
37.0606 -118.077 -70.5
39.209 -117.87 -70.5
41.3575 -117.663 -70.5
41.8946 -117.627 -70.5
43.5059 -117.523 -70.5
45.6543 -117.315 -70.5
47.8028 -117.056 -70.5
49.9512 -116.788 -70.5
52.0997 -116.452 -70.5
54.2481 -116.116 -70.5
56.3965 -115.721 -70.5
57.9004 -115.479 -70.5
58.545 -115.375 -70.5
60.6934 -114.908 -70.5
62.8419 -114.438 -70.5
64.9903 -113.968 -70.5
67.1387 -113.434 -70.5
67.5416 -113.33 -70.5
69.2872 -112.88 -70.5
71.4356 -112.256 -70.5
73.584 -111.632 -70.5
75.1357 -111.182 -70.5
75.7325 -111.003 -70.5
77.8809 -110.315 -70.5
80.0294 -109.622 -70.5
81.8555 -109.033 -70.5
82.1778 -108.922 -70.5
84.3262 -108.138 -70.5
86.4747 -107.335 -70.5
87.5489 -106.885 -70.5
88.6231 -106.419 -70.5
90.7715 -105.488 -70.5
92.3829 -104.736 -70.5
92.92 -104.477 -70.5
95.0684 -103.366 -70.5
96.4783 -102.588 -70.5
97.2169 -102.166 -70.5
99.3653 -100.921 -70.5
100.141 -100.439 -70.5
101.514 -99.5571 -70.5
103.379 -98.291 -70.5
103.662 -98.0921 -70.5
105.811 -96.5802 -70.5
106.401 -96.1426 -70.5
107.959 -94.9444 -70.5
109.194 -93.9941 -70.5
110.107 -93.2918 -70.5
111.898 -91.8457 -70.5
112.256 -91.5449 -70.5
114.404 -89.7386 -70.5
114.453 -89.6973 -70.5
116.553 -87.9207 -70.5
116.973 -87.5488 -70.5
118.701 -85.959 -70.5
119.308 -85.4004 -70.5
120.85 -83.9233 -70.5
121.521 -83.252 -70.5
122.998 -81.6406 -70.5
123.453 -81.1035 -70.5
125.147 -79.1016 -70.5
125.266 -78.9551 -70.5
126.923 -76.8066 -70.5
127.295 -76.2978 -70.5
128.449 -74.6582 -70.5
129.443 -73.1662 -70.5
129.865 -72.5098 -70.5
131.247 -70.3613 -70.5
131.592 -69.7926 -70.5
132.487 -68.2129 -70.5
133.629 -66.0644 -70.5
133.74 -65.8496 -70.5
134.676 -63.916 -70.5
135.638 -61.7676 -70.5
135.889 -61.1891 -70.5
136.569 -59.6191 -70.5
137.448 -57.4707 -70.5
138.037 -55.9489 -70.5
138.28 -55.3223 -70.5
139.042 -53.1738 -70.5
139.792 -51.0254 -70.5
140.186 -49.8437 -70.5
140.488 -48.8769 -70.5
141.092 -46.7285 -70.5
141.676 -44.5801 -70.5
142.23 -42.4316 -70.5
142.334 -41.9712 -70.5
142.703 -40.2832 -70.5
143.083 -38.1347 -70.5
143.408 -35.9863 -70.5
143.604 -33.8379 -70.5
143.799 -31.6894 -70.5
143.864 -29.541 -70.5
143.882 -27.3926 -70.5
143.864 -25.2441 -70.5
143.734 -23.0957 -70.5
143.576 -20.9472 -70.5
143.375 -18.7988 -70.5
143.106 -16.6504 -70.5
142.838 -14.5019 -70.5
142.577 -12.3535 -70.5
142.334 -10.8496 -70.5
142.233 -10.205 -70.5
141.953 -8.05661 -70.5
141.562 -5.90817 -70.5
141.191 -3.75973 -70.5
140.756 -1.6113 -70.5
140.286 0.537142 -70.5
140.186 0.997521 -70.5
139.804 2.68558 -70.5
139.25 4.83402 -70.5
138.675 6.98246 -70.5
138.071 9.13089 -70.5
138.037 9.23832 -70.5
137.379 11.2793 -70.5
136.686 13.4278 -70.5
135.993 15.5762 -70.5
135.889 15.8692 -70.5
135.208 17.7246 -70.5
134.399 19.8731 -70.5
133.74 21.7286 -70.5
133.633 22.0215 -70.5
132.805 24.17 -70.5
131.973 26.3184 -70.5
131.592 27.2274 -70.5
131.072 28.4668 -70.5
130.171 30.6153 -70.5
129.443 32.3506 -70.5
129.264 32.7637 -70.5
128.262 34.9122 -70.5
127.295 36.9839 -70.5
127.259 37.0606 -70.5
126.221 39.209 -70.5
125.147 41.2903 -70.5
125.111 41.3575 -70.5
124.037 43.5059 -70.5
122.998 45.4529 -70.5
122.887 45.6543 -70.5
121.702 47.8028 -70.5
120.85 49.2561 -70.5
120.428 49.9512 -70.5
119.109 52.0997 -70.5
118.701 52.7561 -70.5
117.707 54.2481 -70.5
116.553 55.9788 -70.5
116.274 56.3965 -70.5
114.762 58.545 -70.5
114.404 59.0284 -70.5
113.171 60.6934 -70.5
112.256 61.8699 -70.5
111.471 62.8419 -70.5
110.107 64.5299 -70.5
109.721 64.9903 -70.5
107.959 66.9922 -70.5
107.835 67.1387 -70.5
105.94 69.2872 -70.5
105.811 69.4214 -70.5
103.877 71.4356 -70.5
103.662 71.6504 -70.5
101.56 73.584 -70.5
101.514 73.6254 -70.5
99.3653 75.3606 -70.5
98.8819 75.7325 -70.5
97.2169 76.9658 -70.5
95.8442 77.8809 -70.5
95.0684 78.3625 -70.5
92.92 79.5478 -70.5
91.989 80.0294 -70.5
90.7715 80.6381 -70.5
88.6231 81.5691 -70.5
87.2184 82.1778 -70.5
86.4747 82.4897 -70.5
84.3262 83.3594 -70.5
82.1778 84.1472 -70.5
81.6895 84.3262 -70.5
80.0294 84.9153 -70.5
77.8809 85.6777 -70.5
75.7325 86.3672 -70.5
75.3744 86.4747 -70.5
73.584 86.9945 -70.5
71.4356 87.6182 -70.5
69.2872 88.1726 -70.5
67.5416 88.6231 -70.5
67.1387 88.7271 -70.5
64.9903 89.2609 -70.5
62.8419 89.6638 -70.5
60.6934 90.1132 -70.5
58.545 90.4597 -70.5
56.6114 90.7715 -70.5
56.3965 90.8051 -70.5
54.2481 91.0834 -70.5
52.0997 91.3422 -70.5
49.9512 91.4992 -70.5
47.8028 91.6108 -70.5
45.6543 91.6108 -70.5
43.5059 91.4992 -70.5
41.3575 91.3422 -70.5
39.209 91.0737 -70.5
37.2754 90.7715 -70.5
37.0606 90.7369 -70.5
34.9122 90.3211 -70.5
32.7637 89.9052 -70.5
30.6153 89.4201 -70.5
28.4668 88.935 -70.5
27.0857 88.6231 -70.5
26.3184 88.4498 -70.5
24.17 87.8954 -70.5
22.0215 87.4103 -70.5
19.8731 86.9252 -70.5
17.8781 86.4747 -70.5
17.7246 86.44 -70.5
15.5762 85.9711 -70.5
13.4278 85.5683 -70.5
11.2793 85.1925 -70.5
9.13089 84.8969 -70.5
6.98246 84.6955 -70.5
4.83402 84.4941 -70.5
2.68558 84.4269 -70.5
0.537142 84.4269 -70.5
-1.6113 84.4941 -70.5
-3.75973 84.6284 -70.5
-5.90817 84.8969 -70.5
-8.05661 85.2326 -70.5
-10.205 85.7026 -70.5
-12.3535 86.1725 -70.5
-13.562 86.4747 -70.5
-14.5019 86.7025 -70.5
-16.6504 87.1796 -70.5
-18.7988 87.6791 -70.5
-20.9472 88.1726 -70.5
-22.9422 88.6231 -70.5
-23.0957 88.6567 -70.5
-25.2441 89.0595 -70.5
-27.3926 89.4894 -70.5
-29.541 89.8652 -70.5
-31.6894 90.2009 -70.5
-33.8379 90.529 -70.5
-35.9863 90.7369 -70.5
-36.5234 90.7715 -70.5
-38.1347 90.8755 -70.5
-40.2832 91.0141 -70.5
-42.4316 91.0834 -70.5
-44.5801 91.0834 -70.5
-46.7285 91.0938 -70.5
-48.8769 91.0938 -70.5
-51.0254 91.0834 -70.5
-53.1738 91.0222 -70.5
-55.3223 90.9506 -70.5
-57.4707 90.8755 -70.5
-59.082 90.7715 -70.5
-59.6191 90.7369 -70.5
-61.7676 90.5366 -70.5
-63.916 90.3211 -70.5
-66.0644 89.9995 -70.5
-68.2129 89.628 -70.5
-70.3613 89.2122 -70.5
-72.5098 88.7271 -70.5
-72.9701 88.6231 -70.5
-74.6582 88.2292 -70.5
-76.8066 87.6182 -70.5
-78.9551 86.9252 -70.5
-80.2246 86.4747 -70.5
-81.1035 86.1524 -70.5
-83.252 85.293 -70.5
-85.3237 84.3262 -70.5
-85.4004 84.2892 -70.5
-87.5488 83.1779 -70.5
-89.2549 82.1778 -70.5
-89.6973 81.9092 -70.5
-91.8457 80.6048 -70.5
-92.6938 80.0294 -70.5
-93.9941 79.147 -70.5
-95.7666 77.8809 -70.5
-96.1426 77.6024 -70.5
-98.291 75.9314 -70.5
-98.5468 75.7325 -70.5
-100.439 74.2038 -70.5
-101.14 73.584 -70.5
-102.588 72.252 -70.5
-103.438 71.4356 -70.5
-104.736 70.1895 -70.5
-105.639 69.2872 -70.5
-106.885 67.9892 -70.5
-107.701 67.1387 -70.5
-109.033 65.7512 -70.5
-109.764 64.9903 -70.5
-111.182 63.379 -70.5
-111.654 62.8419 -70.5
-113.33 60.9376 -70.5
-113.537 60.6934 -70.5
-115.272 58.545 -70.5
-115.479 58.2892 -70.5
-116.951 56.3965 -70.5
-117.627 55.4354 -70.5
-118.462 54.2481 -70.5
-119.775 52.2787 -70.5
-119.887 52.0997 -70.5
-121.146 49.9512 -70.5
-121.924 48.6242 -70.5
-122.405 47.8028 -70.5
-123.591 45.6543 -70.5
-124.072 44.7815 -70.5
-124.753 43.5059 -70.5
-125.827 41.3575 -70.5
-126.221 40.5697 -70.5
-126.879 39.209 -70.5
-127.832 37.0606 -70.5
-128.369 35.8211 -70.5
-128.75 34.9122 -70.5
-129.582 32.7637 -70.5
-130.344 30.6153 -70.5
-130.518 30.1677 -70.5
-131.155 28.4668 -70.5
-131.938 26.3184 -70.5
-132.666 24.2676 -70.5
-132.701 24.17 -70.5
-133.438 22.0215 -70.5
-134.156 19.8731 -70.5
-134.814 17.8321 -70.5
-134.849 17.7246 -70.5
-135.587 15.5762 -70.5
-136.235 13.4278 -70.5
-136.859 11.2793 -70.5
-136.963 10.9213 -70.5
-137.483 9.13089 -70.5
-138.106 6.98246 -70.5
-138.661 4.83402 -70.5
-139.111 3.08841 -70.5
-139.215 2.68558 -70.5
-139.749 0.537142 -70.5
-140.255 -1.6113 -70.5
-140.756 -3.75973 -70.5
-141.26 -5.7739 -70.5
-141.293 -5.90817 -70.5
-141.71 -8.05661 -70.5
-142.166 -10.205 -70.5
-142.569 -12.3535 -70.5
-142.905 -14.5019 -70.5
-143.304 -16.6504 -70.5
-143.408 -17.456 -70.5
-143.581 -18.7988 -70.5
-143.859 -20.9472 -70.5
-144.113 -23.0957 -70.5
-144.315 -25.2441 -70.5
-144.449 -27.3926 -70.5
-144.516 -29.541 -70.5
-144.449 -31.6894 -70.5
-144.382 -33.8379 -70.5
-144.205 -35.9863 -70.5
-143.979 -38.1347 -70.5
-143.71 -40.2832 -70.5
-143.408 -42.2168 -70.5
-143.374 -42.4316 -70.5
-142.958 -44.5801 -70.5
-142.473 -46.7285 -70.5
-141.849 -48.8769 -70.5
-141.26 -50.906 -70.5
-141.224 -51.0254 -70.5
-140.463 -53.1738 -70.5
-139.631 -55.3223 -70.5
-139.111 -56.665 -70.5
-138.789 -57.4707 -70.5
-137.829 -59.6191 -70.5
-136.963 -61.5374 -70.5
-136.852 -61.7676 -70.5
-135.781 -63.916 -70.5
-134.814 -65.7288 -70.5
-134.623 -66.0644 -70.5
-133.37 -68.2129 -70.5
-132.666 -69.3468 -70.5
-132.014 -70.3613 -70.5
-130.557 -72.5098 -70.5
-130.518 -72.5663 -70.5
-129.046 -74.6582 -70.5
-128.369 -75.5713 -70.5
-127.419 -76.8066 -70.5
-126.221 -78.2227 -70.5
-125.601 -78.9551 -70.5
-124.072 -80.7617 -70.5
-123.771 -81.1035 -70.5
-121.924 -83.0282 -70.5
-121.709 -83.252 -70.5
-119.775 -85.2661 -70.5
-119.641 -85.4004 -70.5
-117.627 -87.334 -70.5
-117.393 -87.5488 -70.5
-115.479 -89.2428 -70.5
-114.941 -89.6973 -70.5
-113.33 -91.0102 -70.5
-112.256 -91.8457 -70.5
-111.182 -92.6812 -70.5
-109.494 -93.9941 -70.5
-109.033 -94.3394 -70.5
-106.885 -95.7845 -70.5
-106.348 -96.1426 -70.5
-104.736 -97.1784 -70.5
-102.904 -98.291 -70.5
-102.588 -98.4828 -70.5
-100.439 -99.7357 -70.5
-99.2389 -100.439 -70.5
-98.291 -100.977 -70.5
-96.1426 -102.106 -70.5
-95.2116 -102.588 -70.5
-93.9941 -103.197 -70.5
-91.8457 -104.199 -70.5
-90.6062 -104.736 -70.5
-89.6973 -105.13 -70.5
-87.5488 -106.018 -70.5
-85.483 -106.885 -70.5
-85.4004 -106.919 -70.5
-83.252 -107.682 -70.5
-81.1035 -108.496 -70.5
-79.6387 -109.033 -70.5
-78.9551 -109.276 -70.5
-76.8066 -109.969 -70.5
-74.6582 -110.662 -70.5
-73.0469 -111.182 -70.5
-72.5098 -111.349 -70.5
-70.3613 -111.979 -70.5
-68.2129 -112.558 -70.5
-66.0644 -113.157 -70.5
-65.3931 -113.33 -70.5
-63.916 -113.699 -70.5
-61.7676 -114.169 -70.5
-59.6191 -114.612 -70.5
-57.4707 -115.028 -70.5
-55.3223 -115.444 -70.5
-55.1074 -115.479 -70.5
-53.1738 -115.781 -70.5
-51.0254 -116.068 -70.5
-48.8769 -116.385 -70.5
-46.7285 -116.618 -70.5
-44.5801 -116.855 -70.5
-42.4316 -117.008 -70.5
-40.2832 -117.153 -70.5
-38.1347 -117.269 -70.5
-35.9863 -117.399 -70.5
-33.8379 -117.464 -70.5
-31.6894 -117.526 -70.5
-29.541 -117.593 -70.5
-27.3926 -117.526 -70.5
-25.2441 -117.464 -70.5
-23.0957 -117.399 -70.5
-20.9472 -117.334 -70.5
-18.7988 -117.269 -70.5
-16.6504 -117.216 -70.5
-14.5019 -117.153 -70.5
-12.3535 -117.139 -70.5
-10.205 -117.09 -70.5
-8.05661 -117.074 -70.5
-5.90817 -117.074 -70.5
-3.75973 -117.074 -70.5
-1.6113 -117.074 -70.5
0.537142 -117.139 -70.5
2.68558 -117.204 -70.5
4.83402 -117.269 -70.5
6.98246 -117.399 -70.5
9.13089 -117.526 -70.5
10.7422 -117.627 -70.5
