-29.541 -117.661 -73
-28.4668 -117.627 -73
-27.3926 -117.593 -73
-25.2441 -117.593 -73
-23.0957 -117.464 -73
-20.9472 -117.399 -73
-18.7988 -117.334 -73
-16.6504 -117.269 -73
-14.5019 -117.204 -73
-12.3535 -117.139 -73
-10.205 -117.09 -73
-8.05661 -117.074 -73
-5.90817 -117.074 -73
-3.75973 -117.074 -73
-1.6113 -117.074 -73
0.537142 -117.139 -73
2.68558 -117.204 -73
4.83402 -117.269 -73
6.98246 -117.392 -73
9.13089 -117.526 -73
10.7422 -117.627 -73
11.2793 -117.661 -73
13.4278 -117.8 -73
15.5762 -117.939 -73
17.7246 -118.077 -73
19.8731 -118.285 -73
22.0215 -118.399 -73
24.17 -118.533 -73
26.3184 -118.533 -73
28.4668 -118.533 -73
30.6153 -118.466 -73
32.7637 -118.355 -73
34.9122 -118.198 -73
37.0606 -118.008 -73
39.209 -117.87 -73
41.3575 -117.662 -73
41.8946 -117.627 -73
43.5059 -117.523 -73
45.6543 -117.258 -73
47.8028 -116.989 -73
49.9512 -116.721 -73
52.0997 -116.385 -73
54.2481 -115.982 -73
56.3965 -115.582 -73
56.9336 -115.479 -73
58.545 -115.176 -73
60.6934 -114.751 -73
62.8419 -114.304 -73
64.9903 -113.781 -73
66.7359 -113.33 -73
67.1387 -113.226 -73
69.2872 -112.672 -73
71.4356 -112.021 -73
73.584 -111.355 -73
74.1808 -111.182 -73
75.7325 -110.716 -73
77.8809 -109.969 -73
80.0294 -109.276 -73
80.7813 -109.033 -73
82.1778 -108.568 -73
84.3262 -107.78 -73
86.4747 -106.989 -73
86.7226 -106.885 -73
88.6231 -106.088 -73
90.7715 -105.13 -73
91.6156 -104.736 -73
92.92 -104.128 -73
95.0684 -102.995 -73
95.807 -102.588 -73
97.2169 -101.81 -73
99.3653 -100.555 -73
99.5443 -100.439 -73
101.514 -99.1734 -73
102.886 -98.291 -73
103.662 -97.7738 -73
105.811 -96.2619 -73
105.972 -96.1426 -73
107.959 -94.6705 -73
108.829 -93.9941 -73
110.107 -92.9612 -73
111.489 -91.8457 -73
112.256 -91.2012 -73
113.965 -89.6973 -73
114.404 -89.3254 -73
116.504 -87.5488 -73
116.553 -87.5059 -73
118.701 -85.5293 -73
118.836 -85.4004 -73
120.85 -83.4668 -73
121.065 -83.252 -73
122.998 -81.1502 -73
123.041 -81.1035 -73
124.857 -78.9551 -73
125.147 -78.597 -73
126.593 -76.8066 -73
127.295 -75.8935 -73
128.177 -74.6582 -73
129.443 -72.7924 -73
129.635 -72.5098 -73
130.962 -70.3613 -73
131.592 -69.2871 -73
132.222 -68.2129 -73
133.346 -66.0644 -73
133.74 -65.2767 -73
134.421 -63.916 -73
135.423 -61.7676 -73
135.889 -60.6933 -73
136.354 -59.6191 -73
137.24 -57.4707 -73
138.037 -55.4118 -73
138.073 -55.3223 -73
138.903 -53.1738 -73
139.649 -51.0254 -73
140.186 -49.414 -73
140.359 -48.8769 -73
140.983 -46.7285 -73
141.606 -44.5801 -73
142.161 -42.4316 -73
142.334 -41.6643 -73
142.636 -40.2832 -73
143.039 -38.1347 -73
143.343 -35.9863 -73
143.604 -33.8379 -73
143.734 -31.6894 -73
143.864 -29.541 -73
143.864 -27.3926 -73
143.799 -25.2441 -73
143.71 -23.0957 -73
143.538 -20.9472 -73
143.308 -18.7988 -73
143.062 -16.6504 -73
142.785 -14.5019 -73
142.507 -12.3535 -73
142.334 -11.0107 -73
142.23 -10.205 -73
141.884 -8.05661 -73
141.495 -5.90817 -73
141.092 -3.75973 -73
140.636 -1.6113 -73
140.186 0.383682 -73
140.151 0.537142 -73
139.666 2.68558 -73
139.145 4.83402 -73
138.557 6.98246 -73
138.037 8.77282 -73
137.933 9.13089 -73
137.309 11.2793 -73
136.594 13.4278 -73
135.889 15.4786 -73
135.854 15.5762 -73
135.092 17.7246 -73
134.329 19.8731 -73
133.74 21.3949 -73
133.498 22.0215 -73
132.666 24.17 -73
131.834 26.3184 -73
131.592 26.8968 -73
130.933 28.4668 -73
129.981 30.6153 -73
129.443 31.8548 -73
129.05 32.7637 -73
128.047 34.9122 -73
127.295 36.4161 -73
126.973 37.0606 -73
125.97 39.209 -73
125.147 40.8562 -73
124.887 41.3575 -73
123.75 43.5059 -73
122.998 44.9158 -73
122.591 45.6543 -73
121.405 47.8028 -73
120.85 48.7506 -73
120.121 49.9512 -73
118.816 52.0997 -73
118.701 52.2787 -73
117.435 54.2481 -73
116.553 55.5485 -73
115.977 56.3965 -73
114.444 58.545 -73
114.404 58.5987 -73
112.853 60.6934 -73
112.256 61.4607 -73
111.14 62.8419 -73
110.107 64.0626 -73
109.322 64.9903 -73
107.959 66.5316 -73
107.4 67.1387 -73
105.811 68.8668 -73
105.408 69.2872 -73
103.662 71.0328 -73
103.242 71.4356 -73
101.514 73.0254 -73
100.879 73.584 -73
99.3653 74.8174 -73
98.1888 75.7325 -73
97.2169 76.4614 -73
95.125 77.8809 -73
95.0684 77.918 -73
92.92 79.1033 -73
91.1296 80.0294 -73
90.7715 80.2146 -73
88.6231 81.211 -73
86.4747 82.142 -73
86.3852 82.1778 -73
84.3262 82.9748 -73
82.1778 83.7891 -73
80.713 84.3262 -73
80.0294 84.5688 -73
77.8809 85.2618 -73
75.7325 85.9549 -73
73.9421 86.4747 -73
73.584 86.5786 -73
71.4356 87.2468 -73
69.2872 87.8261 -73
67.1387 88.3805 -73
66.1988 88.6231 -73
64.9903 88.9252 -73
62.8419 89.3508 -73
60.6934 89.798 -73
58.545 90.1825 -73
56.3965 90.529 -73
54.5167 90.7715 -73
54.2481 90.8062 -73
52.0997 91.0141 -73
49.9512 91.1527 -73
47.8028 91.222 -73
45.6543 91.222 -73
43.5059 91.1527 -73
41.3575 91.0141 -73
39.4776 90.7715 -73
39.209 90.7369 -73
37.0606 90.3904 -73
34.9122 89.9745 -73
32.7637 89.5587 -73
30.6153 89.0595 -73
28.8697 88.6231 -73
28.4668 88.5192 -73
26.3184 88.034 -73
24.17 87.5153 -73
22.0215 87.0454 -73
19.8731 86.5754 -73
19.4703 86.4747 -73
17.7246 86.0383 -73
15.5762 85.6084 -73
13.4278 85.1655 -73
11.2793 84.7626 -73
9.13089 84.4269 -73
8.32523 84.3262 -73
6.98246 84.153 -73
4.83402 83.957 -73
2.68558 83.8227 -73
0.537142 83.8064 -73
-1.6113 83.8898 -73
-3.75973 84.0837 -73
-5.63962 84.3262 -73
-5.90817 84.3609 -73
-8.05661 84.7626 -73
-10.205 85.2618 -73
-12.3535 85.747 -73
-14.5019 86.3014 -73
-15.1733 86.4747 -73
-16.6504 86.8439 -73
-18.7988 87.381 -73
-20.9472 87.851 -73
-23.0957 88.321 -73
-24.4768 88.6231 -73
-25.2441 88.791 -73
-27.3926 89.1938 -73
-29.541 89.5966 -73
-31.6894 89.9995 -73
-33.8379 90.268 -73
-35.9863 90.529 -73
-38.1347 90.7369 -73
-38.6719 90.7715 -73
-40.2832 90.8723 -73
-42.4316 90.9448 -73
-44.5801 91.0065 -73
-46.7285 91.0141 -73
-48.8769 91.0141 -73
-51.0254 91.0141 -73
-53.1738 90.9448 -73
-55.3223 90.8723 -73
-56.9336 90.7715 -73
-57.4707 90.7369 -73
-59.6191 90.5366 -73
-61.7676 90.3351 -73
-63.916 89.9995 -73
-66.0644 89.7309 -73
-68.2129 89.3281 -73
-70.3613 88.9252 -73
-71.7425 88.6231 -73
-72.5098 88.4498 -73
-74.6582 87.8954 -73
-76.8066 87.2717 -73
-78.9551 86.5105 -73
-79.0527 86.4747 -73
-81.1035 85.7227 -73
-83.252 84.846 -73
-84.4029 84.3262 -73
-85.4004 83.8447 -73
-87.5488 82.7334 -73
-88.5559 82.1778 -73
-89.6973 81.5256 -73
-91.8457 80.1445 -73
-92.0247 80.0294 -73
-93.9941 78.7164 -73
-95.1221 77.8809 -73
-96.1426 77.125 -73
-97.8516 75.7325 -73
-98.291 75.3606 -73
-100.391 73.584 -73
-100.439 73.5411 -73
-102.588 71.6422 -73
-102.812 71.4356 -73
-104.736 69.511 -73
-104.96 69.2872 -73
-106.885 67.3625 -73
-107.1 67.1387 -73
-109.033 65.037 -73
-109.076 64.9903 -73
-111.053 62.8419 -73
-111.182 62.6954 -73
-112.876 60.6934 -73
-113.33 60.1563 -73
-114.694 58.545 -73
-115.479 57.5731 -73
-116.429 56.3965 -73
-117.627 54.8389 -73
-118.049 54.2481 -73
-119.497 52.0997 -73
-119.775 51.6573 -73
-120.811 49.9512 -73
-121.924 48.1187 -73
-122.109 47.8028 -73
-123.294 45.6543 -73
-124.072 44.2444 -73
-124.466 43.5059 -73
-125.54 41.3575 -73
-126.221 39.9968 -73
-126.615 39.209 -73
-127.572 37.0606 -73
-128.369 35.1601 -73
-128.473 34.9122 -73
-129.305 32.7637 -73
-130.124 30.6153 -73
-130.518 29.5411 -73
-130.899 28.4668 -73
-131.661 26.3184 -73
-132.423 24.17 -73
-132.666 23.4864 -73
-133.186 22.0215 -73
-133.908 19.8731 -73
-134.641 17.7246 -73
-134.814 17.1875 -73
-135.318 15.5762 -73
-135.989 13.4278 -73
-136.651 11.2793 -73
-136.963 10.2051 -73
-137.275 9.13089 -73
-137.899 6.98246 -73
-138.453 4.83402 -73
-139.007 2.68558 -73
-139.111 2.2252 -73
-139.493 0.537142 -73
-140.018 -1.6113 -73
-140.532 -3.75973 -73
-141.017 -5.90817 -73
-141.26 -6.98239 -73
-141.495 -8.05661 -73
-141.898 -10.205 -73
-142.368 -12.3535 -73
-142.75 -14.5019 -73
-143.096 -16.6504 -73
-143.374 -18.7988 -73
-143.408 -19.0674 -73
-143.643 -20.9472 -73
-143.859 -23.0957 -73
-143.997 -25.2441 -73
-144.136 -27.3926 -73
-144.18 -29.541 -73
-144.18 -31.6894 -73
-144.113 -33.8379 -73
-143.928 -35.9863 -73
-143.777 -38.1347 -73
-143.509 -40.2832 -73
-143.408 -40.9277 -73
-143.166 -42.4316 -73
-142.703 -44.5801 -73
-142.195 -46.7285 -73
-141.629 -48.8769 -73
-141.26 -50.0586 -73
-140.948 -51.0254 -73
-140.186 -53.1738 -73
-139.354 -55.3223 -73
-139.111 -55.9007 -73
-138.431 -57.4707 -73
-137.444 -59.6191 -73
-136.963 -60.6166 -73
-136.426 -61.7676 -73
-135.352 -63.916 -73
-134.814 -64.9231 -73
-134.185 -66.0644 -73
-132.925 -68.2129 -73
-132.666 -68.6306 -73
-131.553 -70.3613 -73
-130.518 -71.8878 -73
-130.08 -72.5098 -73
-128.568 -74.6582 -73
-128.369 -74.914 -73
-126.897 -76.8066 -73
-126.221 -77.6367 -73
-125.105 -78.9551 -73
-124.072 -80.1227 -73
-123.205 -81.1035 -73
-121.924 -82.491 -73
-121.193 -83.252 -73
-119.775 -84.729 -73
-119.075 -85.4004 -73
-117.627 -86.7879 -73
-116.797 -87.5488 -73
-115.479 -88.709 -73
-114.355 -89.6973 -73
-113.33 -90.5649 -73
-111.744 -91.8457 -73
-111.182 -92.2833 -73
-109.033 -93.7952 -73
-108.765 -93.9941 -73
-106.885 -95.3369 -73
-105.697 -96.1426 -73
-104.736 -96.7948 -73
-102.588 -98.1717 -73
-102.398 -98.291 -73
-100.439 -99.4393 -73
-98.7333 -100.439 -73
-98.291 -100.699 -73
-96.1426 -101.81 -73
-94.6387 -102.588 -73
-93.9941 -102.91 -73
-91.8457 -103.984 -73
-90.1104 -104.736 -73
-89.6973 -104.91 -73
-87.5488 -105.846 -73
-85.4004 -106.706 -73
-84.9528 -106.885 -73
-83.252 -107.543 -73
-81.1035 -108.306 -73
-79.0527 -109.033 -73
-78.9551 -109.068 -73
-76.8066 -109.83 -73
-74.6582 -110.523 -73
-72.6172 -111.182 -73
-72.5098 -111.216 -73
-70.3613 -111.84 -73
-68.2129 -112.464 -73
-66.0644 -113.018 -73
-64.8559 -113.33 -73
-63.916 -113.565 -73
-61.7676 -114.058 -73
-59.6191 -114.505 -73
-57.4707 -114.959 -73
-55.3223 -115.375 -73
-54.6777 -115.479 -73
-53.1738 -115.714 -73
-51.0254 -116.049 -73
-48.8769 -116.385 -73
-46.7285 -116.618 -73
-44.5801 -116.878 -73
-42.4316 -117.074 -73
-40.2832 -117.204 -73
-38.1347 -117.334 -73
-35.9863 -117.459 -73
-33.8379 -117.526 -73
-31.6894 -117.593 -73
-30.6152 -117.627 -73
