11.2793 -117.661 -85.5
13.4278 -117.731 -85.5
15.5762 -117.87 -85.5
17.7246 -117.949 -85.5
19.8731 -118.077 -85.5
22.0215 -118.164 -85.5
24.17 -118.236 -85.5
26.3184 -118.285 -85.5
28.4668 -118.236 -85.5
30.6153 -118.216 -85.5
32.7637 -118.092 -85.5
34.9122 -117.949 -85.5
37.0606 -117.8 -85.5
39.209 -117.662 -85.5
39.7461 -117.627 -85.5
41.3575 -117.523 -85.5
43.5059 -117.315 -85.5
45.6543 -117.056 -85.5
47.8028 -116.721 -85.5
49.9512 -116.318 -85.5
52.0997 -115.982 -85.5
54.2481 -115.513 -85.5
54.4016 -115.479 -85.5
56.3965 -115.028 -85.5
58.545 -114.543 -85.5
60.6934 -114.058 -85.5
62.8419 -113.503 -85.5
63.5132 -113.33 -85.5
64.9903 -112.936 -85.5
67.1387 -112.325 -85.5
69.2872 -111.701 -85.5
70.8985 -111.182 -85.5
71.4356 -111.008 -85.5
73.584 -110.315 -85.5
75.7325 -109.622 -85.5
77.3926 -109.033 -85.5
77.8809 -108.854 -85.5
80.0294 -108.098 -85.5
82.1778 -107.266 -85.5
83.1625 -106.885 -85.5
84.3262 -106.419 -85.5
86.4747 -105.488 -85.5
88.2099 -104.736 -85.5
88.6231 -104.557 -85.5
90.7715 -103.555 -85.5
92.7051 -102.588 -85.5
92.92 -102.477 -85.5
95.0684 -101.291 -85.5
96.6126 -100.439 -85.5
97.2169 -100.094 -85.5
99.3653 -98.713 -85.5
100.022 -98.291 -85.5
101.514 -97.3319 -85.5
103.266 -96.1426 -85.5
103.662 -95.8641 -85.5
105.811 -94.3394 -85.5
106.294 -93.9941 -85.5
107.959 -92.7133 -85.5
109.033 -91.8457 -85.5
110.107 -91.0102 -85.5
111.719 -89.6973 -85.5
112.256 -89.2428 -85.5
114.258 -87.5488 -85.5
114.404 -87.4199 -85.5
116.553 -85.4434 -85.5
116.6 -85.4004 -85.5
118.701 -83.3862 -85.5
118.836 -83.252 -85.5
120.85 -81.1502 -85.5
120.893 -81.1035 -85.5
122.869 -78.9551 -85.5
122.998 -78.8016 -85.5
124.609 -76.8066 -85.5
125.147 -76.1416 -85.5
126.3 -74.6582 -85.5
127.295 -73.2448 -85.5
127.812 -72.5098 -85.5
129.245 -70.3613 -85.5
129.443 -70.0454 -85.5
130.518 -68.2129 -85.5
131.592 -66.3804 -85.5
131.777 -66.0644 -85.5
132.962 -63.916 -85.5
133.74 -62.4121 -85.5
134.063 -61.7676 -85.5
135.111 -59.6191 -85.5
135.889 -58.0078 -85.5
136.139 -57.4707 -85.5
137.07 -55.3223 -85.5
137.93 -53.1738 -85.5
138.037 -52.8808 -85.5
138.696 -51.0254 -85.5
139.458 -48.8769 -85.5
140.082 -46.7285 -85.5
140.186 -46.3704 -85.5
140.689 -44.5801 -85.5
141.226 -42.4316 -85.5
141.696 -40.2832 -85.5
142.092 -38.1347 -85.5
142.334 -36.6308 -85.5
142.438 -35.9863 -85.5
142.646 -33.8379 -85.5
142.785 -31.6894 -85.5
142.871 -29.541 -85.5
142.871 -27.3926 -85.5
142.854 -25.2441 -85.5
142.715 -23.0957 -85.5
142.577 -20.9472 -85.5
142.435 -18.7988 -85.5
142.334 -17.7246 -85.5
142.23 -16.6504 -85.5
141.965 -14.5019 -85.5
141.696 -12.3535 -85.5
141.361 -10.205 -85.5
141.025 -8.05661 -85.5
140.636 -5.90817 -85.5
140.286 -3.75973 -85.5
140.186 -3.29936 -85.5
139.804 -1.6113 -85.5
139.319 0.537142 -85.5
138.834 2.68558 -85.5
138.28 4.83402 -85.5
138.037 5.66952 -85.5
137.656 6.98246 -85.5
137.032 9.13089 -85.5
136.339 11.2793 -85.5
135.889 12.6758 -85.5
135.646 13.4278 -85.5
134.884 15.5762 -85.5
134.11 17.7246 -85.5
133.74 18.6336 -85.5
133.221 19.8731 -85.5
132.389 22.0215 -85.5
131.592 23.9221 -85.5
131.484 24.17 -85.5
130.518 26.3184 -85.5
129.551 28.4668 -85.5
129.443 28.697 -85.5
128.548 30.6153 -85.5
127.546 32.7637 -85.5
127.295 33.3008 -85.5
126.517 34.9122 -85.5
125.469 37.0606 -85.5
125.147 37.6648 -85.5
124.323 39.209 -85.5
123.183 41.3575 -85.5
122.998 41.6932 -85.5
121.998 43.5059 -85.5
120.85 45.4648 -85.5
120.739 45.6543 -85.5
119.479 47.8028 -85.5
118.701 49.056 -85.5
118.126 49.9512 -85.5
116.745 52.0997 -85.5
116.553 52.3981 -85.5
115.319 54.2481 -85.5
114.404 55.4834 -85.5
113.752 56.3965 -85.5
112.256 58.3915 -85.5
112.132 58.545 -85.5
110.397 60.6934 -85.5
110.107 61.0352 -85.5
108.518 62.8419 -85.5
107.959 63.449 -85.5
106.541 64.9903 -85.5
105.811 65.7512 -85.5
104.423 67.1387 -85.5
103.662 67.8996 -85.5
102.214 69.2872 -85.5
101.514 69.9317 -85.5
99.8048 71.4356 -85.5
99.3653 71.8223 -85.5
97.2169 73.5427 -85.5
97.1632 73.584 -85.5
95.0684 75.1357 -85.5
94.1732 75.7325 -85.5
92.92 76.5104 -85.5
90.7715 77.7658 -85.5
90.5567 77.8809 -85.5
88.6231 78.8477 -85.5
86.4747 79.8503 -85.5
86.0615 80.0294 -85.5
84.3262 80.7571 -85.5
82.1778 81.5887 -85.5
80.5176 82.1778 -85.5
80.0294 82.3511 -85.5
77.8809 83.1134 -85.5
75.7325 83.8064 -85.5
74.1212 84.3262 -85.5
73.584 84.4941 -85.5
71.4356 85.0983 -85.5
69.2872 85.6777 -85.5
67.1387 86.2321 -85.5
66.1988 86.4747 -85.5
64.9903 86.7768 -85.5
62.8419 87.2024 -85.5
60.6934 87.6496 -85.5
58.545 88.0524 -85.5
56.3965 88.3881 -85.5
54.8926 88.6231 -85.5
54.2481 88.7238 -85.5
52.0997 88.935 -85.5
49.9512 89.0736 -85.5
47.8028 89.1429 -85.5
45.6543 89.1429 -85.5
43.5059 89.0043 -85.5
41.3575 88.7964 -85.5
40.0147 88.6231 -85.5
39.209 88.5192 -85.5
37.0606 88.1726 -85.5
34.9122 87.7568 -85.5
32.7637 87.2717 -85.5
30.6153 86.7172 -85.5
29.6753 86.4747 -85.5
28.4668 86.1628 -85.5
26.3184 85.6084 -85.5
24.17 85.0539 -85.5
22.0215 84.4995 -85.5
21.2542 84.3262 -85.5
19.8731 84.0144 -85.5
17.7246 83.4599 -85.5
15.5762 83.017 -85.5
13.4278 82.559 -85.5
11.4584 82.1778 -85.5
11.2793 82.1431 -85.5
9.13089 81.8085 -85.5
6.98246 81.5194 -85.5
4.83402 81.3115 -85.5
2.68558 81.2043 -85.5
0.537142 81.2422 -85.5
-1.6113 81.4057 -85.5
-3.75973 81.7273 -85.5
-5.90817 82.142 -85.5
-6.06163 82.1778 -85.5
-8.05661 82.6283 -85.5
-10.205 83.1827 -85.5
-12.3535 83.7891 -85.5
-14.1439 84.3262 -85.5
-14.5019 84.4302 -85.5
-16.6504 84.9846 -85.5
-18.7988 85.6084 -85.5
-20.9472 86.1524 -85.5
-22.3284 86.4747 -85.5
-23.0957 86.6479 -85.5
-25.2441 87.1331 -85.5
-27.3926 87.5489 -85.5
-29.541 87.9182 -85.5
-31.6894 88.2419 -85.5
-33.8379 88.4498 -85.5
-35.6282 88.6231 -85.5
-35.9863 88.6578 -85.5
-38.1347 88.8657 -85.5
-40.2832 88.935 -85.5
-42.4316 89.0736 -85.5
-44.5801 89.1429 -85.5
-46.7285 89.2122 -85.5
-48.8769 89.2122 -85.5
-51.0254 89.2122 -85.5
-53.1738 89.2122 -85.5
-55.3223 89.1429 -85.5
-57.4707 89.0043 -85.5
-59.6191 88.8657 -85.5
-61.7676 88.7238 -85.5
-62.5732 88.6231 -85.5
-63.916 88.4553 -85.5
-66.0644 88.1867 -85.5
-68.2129 87.851 -85.5
-70.3613 87.381 -85.5
-72.5098 86.9111 -85.5
-74.0614 86.4747 -85.5
-74.6582 86.3014 -85.5
-76.8066 85.6084 -85.5
-78.9551 84.846 -85.5
-80.1946 84.3262 -85.5
-81.1035 83.9324 -85.5
-83.252 82.9557 -85.5
-84.7559 82.1778 -85.5
-85.4004 81.8444 -85.5
-87.5488 80.585 -85.5
-88.4967 80.0294 -85.5
-89.6973 79.2734 -85.5
-91.786 77.8809 -85.5
-91.8457 77.8396 -85.5
-93.9941 76.2497 -85.5
-94.6924 75.7325 -85.5
-96.1426 74.6169 -85.5
-97.3633 73.584 -85.5
-98.291 72.799 -85.5
-99.9023 71.4356 -85.5
-100.439 70.9629 -85.5
-102.261 69.2872 -85.5
-102.588 68.9864 -85.5
-104.513 67.1387 -85.5
-104.736 66.9239 -85.5
-106.75 64.9903 -85.5
-106.885 64.8502 -85.5
-108.732 62.8419 -85.5
-109.033 62.5285 -85.5
-110.795 60.6934 -85.5
-111.182 60.254 -85.5
-112.628 58.545 -85.5
-113.33 57.7149 -85.5
-114.49 56.3965 -85.5
-115.479 55.22 -85.5
-116.234 54.2481 -85.5
-117.627 52.3682 -85.5
-117.819 52.0997 -85.5
-119.277 49.9512 -85.5
-119.775 49.1754 -85.5
-120.658 47.8028 -85.5
-121.924 45.7175 -85.5
-121.961 45.6543 -85.5
-123.22 43.5059 -85.5
-124.072 41.9617 -85.5
-124.406 41.3575 -85.5
-125.517 39.209 -85.5
-126.221 37.8484 -85.5
-126.615 37.0606 -85.5
-127.617 34.9122 -85.5
-128.369 33.1769 -85.5
-128.548 32.7637 -85.5
-129.443 30.6153 -85.5
-130.275 28.4668 -85.5
-130.518 27.7832 -85.5
-131.021 26.3184 -85.5
-131.76 24.17 -85.5
-132.498 22.0215 -85.5
-132.666 21.4844 -85.5
-133.186 19.8731 -85.5
-133.879 17.7246 -85.5
-134.503 15.5762 -85.5
-134.814 14.502 -85.5
-135.126 13.4278 -85.5
-135.75 11.2793 -85.5
-136.374 9.13089 -85.5
-136.928 6.98246 -85.5
-136.963 6.8631 -85.5
-137.534 4.83402 -85.5
-138.106 2.68558 -85.5
-138.661 0.537142 -85.5
-139.111 -1.45784 -85.5
-139.146 -1.6113 -85.5
-139.682 -3.75973 -85.5
-140.152 -5.90817 -85.5
-140.622 -8.05661 -85.5
-141.087 -10.205 -85.5
-141.26 -10.9723 -85.5
-141.562 -12.3535 -85.5
-141.965 -14.5019 -85.5
-142.3 -16.6504 -85.5
-142.636 -18.7988 -85.5
-142.905 -20.9472 -85.5
-143.106 -23.0957 -85.5
-143.304 -25.2441 -85.5
-143.375 -27.3926 -85.5
-143.408 -28.4668 -85.5
-143.443 -29.541 -85.5
-143.442 -31.6894 -85.5
-143.408 -32.2265 -85.5
-143.308 -33.8379 -85.5
-143.166 -35.9863 -85.5
-142.905 -38.1347 -85.5
-142.569 -40.2832 -85.5
-142.166 -42.4316 -85.5
-141.696 -44.5801 -85.5
-141.26 -46.1317 -85.5
-141.087 -46.7285 -85.5
-140.463 -48.8769 -85.5
-139.72 -51.0254 -85.5
-139.111 -52.6855 -85.5
-138.932 -53.1738 -85.5
-138.001 -55.3223 -85.5
-137.07 -57.4707 -85.5
-136.963 -57.6855 -85.5
-135.996 -59.6191 -85.5
-134.85 -61.7676 -85.5
-134.814 -61.8347 -85.5
-133.625 -63.916 -85.5
-132.666 -65.4957 -85.5
-132.333 -66.0644 -85.5
-130.999 -68.2129 -85.5
-130.518 -68.9479 -85.5
-129.558 -70.3613 -85.5
-128.369 -72.0264 -85.5
-128.011 -72.5098 -85.5
-126.42 -74.6582 -85.5
-126.221 -74.914 -85.5
-124.749 -76.8066 -85.5
-124.072 -77.6367 -85.5
-122.912 -78.9551 -85.5
-121.924 -80.0293 -85.5
-120.936 -81.1035 -85.5
-119.775 -82.312 -85.5
-118.835 -83.252 -85.5
-117.627 -84.4121 -85.5
-116.553 -85.4004 -85.5
-115.479 -86.4298 -85.5
-114.258 -87.5488 -85.5
-113.33 -88.3652 -85.5
-111.816 -89.6973 -85.5
-111.182 -90.2344 -85.5
-109.187 -91.8457 -85.5
-109.033 -91.9651 -85.5
-106.885 -93.5565 -85.5
-106.263 -93.9941 -85.5
-104.736 -95.0684 -85.5
-103.21 -96.1426 -85.5
-102.588 -96.5646 -85.5
-100.439 -97.9457 -85.5
-99.9023 -98.291 -85.5
-98.291 -99.2912 -85.5
-96.2097 -100.439 -85.5
-96.1426 -100.476 -85.5
-93.9941 -101.662 -85.5
-92.2038 -102.588 -85.5
-91.8457 -102.767 -85.5
-89.6973 -103.841 -85.5
-87.779 -104.736 -85.5
-87.5488 -104.844 -85.5
-85.4004 -105.775 -85.5
-83.252 -106.706 -85.5
-82.8044 -106.885 -85.5
-81.1035 -107.543 -85.5
-78.9551 -108.375 -85.5
-77.2542 -109.033 -85.5
-76.8066 -109.206 -85.5
-74.6582 -109.969 -85.5
-72.5098 -110.662 -85.5
-70.8984 -111.182 -85.5
-70.3613 -111.355 -85.5
-68.2129 -112.021 -85.5
-66.0644 -112.625 -85.5
-63.916 -113.226 -85.5
-63.4556 -113.33 -85.5
-61.7676 -113.711 -85.5
-59.6191 -114.236 -85.5
-57.4707 -114.682 -85.5
-55.3223 -115.097 -85.5
-53.3529 -115.479 -85.5
-53.1738 -115.512 -85.5
-51.0254 -115.848 -85.5
-48.8769 -116.183 -85.5
-46.7285 -116.488 -85.5
-44.5801 -116.748 -85.5
-42.4316 -117.008 -85.5
-40.2832 -117.139 -85.5
-38.1347 -117.325 -85.5
-35.9863 -117.399 -85.5
-33.8379 -117.526 -85.5
-31.6894 -117.593 -85.5
-29.541 -117.593 -85.5
-27.3926 -117.593 -85.5
-25.2441 -117.526 -85.5
-23.0957 -117.459 -85.5
-20.9472 -117.399 -85.5
-18.7988 -117.334 -85.5
-16.6504 -117.269 -85.5
-14.5019 -117.204 -85.5
-12.3535 -117.139 -85.5
-10.205 -117.09 -85.5
-8.05661 -117.074 -85.5
-5.90817 -117.074 -85.5
-3.75973 -117.074 -85.5
-1.6113 -117.074 -85.5
0.537142 -117.139 -85.5
2.68558 -117.204 -85.5
4.83402 -117.269 -85.5
6.98246 -117.399 -85.5
9.13089 -117.526 -85.5
10.7422 -117.627 -85.5
