13.4278 -119.809 -30.5
15.5762 -120.01 -30.5
17.7246 -120.212 -30.5
19.8731 -120.434 -30.5
22.0215 -120.615 -30.5
24.17 -120.816 -30.5
26.3184 -120.98 -30.5
28.4668 -121.11 -30.5
30.6153 -121.197 -30.5
32.7637 -121.24 -30.5
34.9122 -121.24 -30.5
37.0606 -121.24 -30.5
39.209 -121.175 -30.5
41.3575 -121.045 -30.5
43.5059 -120.883 -30.5
45.6543 -120.615 -30.5
47.8028 -120.364 -30.5
49.9512 -120.078 -30.5
51.5625 -119.775 -30.5
52.0997 -119.675 -30.5
54.2481 -119.325 -30.5
56.3965 -118.936 -30.5
58.545 -118.533 -30.5
60.6934 -118.008 -30.5
62.3815 -117.627 -30.5
62.8419 -117.523 -30.5
64.9903 -116.969 -30.5
67.1387 -116.345 -30.5
69.2872 -115.721 -30.5
70.1227 -115.479 -30.5
71.4356 -115.097 -30.5
73.584 -114.438 -30.5
75.7325 -113.711 -30.5
76.8067 -113.33 -30.5
77.8809 -112.949 -30.5
80.0294 -112.187 -30.5
82.1778 -111.286 -30.5
82.4257 -111.182 -30.5
84.3262 -110.358 -30.5
86.4747 -109.355 -30.5
87.1652 -109.033 -30.5
88.6231 -108.353 -30.5
90.7715 -107.292 -30.5
91.5593 -106.885 -30.5
92.92 -106.181 -30.5
95.0684 -105.07 -30.5
95.6727 -104.736 -30.5
97.2169 -103.854 -30.5
99.3021 -102.588 -30.5
99.3653 -102.551 -30.5
101.514 -101.291 -30.5
102.814 -100.439 -30.5
103.662 -99.864 -30.5
105.811 -98.4104 -30.5
105.972 -98.291 -30.5
107.959 -96.8189 -30.5
108.829 -96.1426 -30.5
110.107 -95.1097 -30.5
111.426 -93.9941 -30.5
112.256 -93.2918 -30.5
113.891 -91.8457 -30.5
114.404 -91.373 -30.5
116.226 -89.6973 -30.5
116.553 -89.384 -30.5
118.388 -87.5488 -30.5
118.701 -87.2219 -30.5
120.447 -85.4004 -30.5
120.85 -84.98 -30.5
122.378 -83.252 -30.5
122.998 -82.5195 -30.5
124.196 -81.1035 -30.5
125.147 -79.927 -30.5
125.932 -78.9551 -30.5
127.295 -77.1826 -30.5
127.573 -76.8066 -30.5
129.085 -74.6582 -30.5
129.443 -74.1211 -30.5
130.444 -72.5098 -30.5
131.592 -70.5509 -30.5
131.703 -70.3613 -30.5
132.845 -68.2129 -30.5
133.74 -66.4225 -30.5
133.919 -66.0644 -30.5
134.922 -63.916 -30.5
135.853 -61.7676 -30.5
135.889 -61.6849 -30.5
136.755 -59.6191 -30.5
137.572 -57.4707 -30.5
138.037 -56.2012 -30.5
138.339 -55.3223 -30.5
138.973 -53.1738 -30.5
139.597 -51.0254 -30.5
140.151 -48.8769 -30.5
140.186 -48.7235 -30.5
140.622 -46.7285 -30.5
141.025 -44.5801 -30.5
141.428 -42.4316 -30.5
141.763 -40.2832 -30.5
142.022 -38.1347 -30.5
142.23 -35.9863 -30.5
142.299 -33.8379 -30.5
142.334 -32.7637 -30.5
142.369 -31.6894 -30.5
142.438 -29.541 -30.5
142.438 -27.3926 -30.5
142.37 -25.2441 -30.5
142.37 -23.0957 -30.5
142.37 -20.9472 -30.5
142.369 -18.7988 -30.5
142.334 -17.7246 -30.5
142.299 -16.6504 -30.5
142.299 -14.5019 -30.5
142.233 -12.3535 -30.5
142.166 -10.205 -30.5
142.099 -8.05661 -30.5
141.965 -5.90817 -30.5
141.781 -3.75973 -30.5
141.629 -1.6113 -30.5
141.39 0.537142 -30.5
141.13 2.68558 -30.5
140.823 4.83402 -30.5
140.555 6.98246 -30.5
140.186 8.95186 -30.5
140.151 9.13089 -30.5
139.804 11.2793 -30.5
139.414 13.4278 -30.5
139.011 15.5762 -30.5
138.541 17.7246 -30.5
138.071 19.8731 -30.5
138.037 20.0074 -30.5
137.517 22.0215 -30.5
136.929 24.17 -30.5
136.325 26.3184 -30.5
135.889 27.8701 -30.5
135.715 28.4668 -30.5
135.05 30.6153 -30.5
134.311 32.7637 -30.5
133.74 34.4239 -30.5
133.567 34.9122 -30.5
132.735 37.0606 -30.5
131.904 39.209 -30.5
131.592 40.0147 -30.5
131.055 41.3575 -30.5
130.171 43.5059 -30.5
129.443 45.2412 -30.5
129.264 45.6543 -30.5
128.333 47.8028 -30.5
127.399 49.9512 -30.5
127.295 50.1814 -30.5
126.4 52.0997 -30.5
125.326 54.2481 -30.5
125.147 54.6062 -30.5
124.221 56.3965 -30.5
123.106 58.545 -30.5
122.998 58.7345 -30.5
121.85 60.6934 -30.5
120.85 62.3995 -30.5
120.581 62.8419 -30.5
119.277 64.9903 -30.5
118.701 65.8855 -30.5
117.866 67.1387 -30.5
116.553 69.0045 -30.5
116.354 69.2872 -30.5
114.694 71.4356 -30.5
114.404 71.7937 -30.5
112.958 73.584 -30.5
112.256 74.378 -30.5
110.958 75.7325 -30.5
110.107 76.5829 -30.5
108.753 77.8809 -30.5
107.959 78.5833 -30.5
106.169 80.0294 -30.5
105.811 80.3079 -30.5
103.662 81.8325 -30.5
103.153 82.1778 -30.5
101.514 83.2904 -30.5
99.8076 84.3262 -30.5
99.3653 84.5855 -30.5
97.2169 85.7227 -30.5
95.713 86.4747 -30.5
95.0684 86.7969 -30.5
92.92 87.7279 -30.5
90.7715 88.5873 -30.5
90.682 88.6231 -30.5
88.6231 89.4201 -30.5
86.4747 90.1132 -30.5
84.3262 90.7369 -30.5
84.2069 90.7715 -30.5
82.1778 91.3606 -30.5
80.0294 91.8793 -30.5
77.8809 92.4002 -30.5
75.7325 92.816 -30.5
75.1954 92.92 -30.5
73.584 93.2319 -30.5
71.4356 93.6249 -30.5
69.2872 93.9249 -30.5
67.1387 94.2714 -30.5
64.9903 94.5486 -30.5
62.8419 94.8259 -30.5
60.962 95.0684 -30.5
60.6934 95.1031 -30.5
58.545 95.3705 -30.5
56.3965 95.572 -30.5
54.2481 95.7062 -30.5
52.0997 95.8405 -30.5
49.9512 95.9077 -30.5
47.8028 95.9748 -30.5
45.6543 95.9748 -30.5
43.5059 95.9347 -30.5
41.3575 95.8405 -30.5
39.209 95.7062 -30.5
37.0606 95.4496 -30.5
34.9122 95.1724 -30.5
34.1065 95.0684 -30.5
32.7637 94.8952 -30.5
30.6153 94.5486 -30.5
28.4668 94.2021 -30.5
26.3184 93.8556 -30.5
24.17 93.5091 -30.5
22.0215 93.2221 -30.5
19.8731 92.9536 -30.5
19.6582 92.92 -30.5
17.7246 92.6179 -30.5
15.5762 92.4164 -30.5
13.4278 92.1479 -30.5
11.2793 91.9151 -30.5
9.13089 91.6779 -30.5
6.98246 91.4992 -30.5
4.83402 91.3606 -30.5
2.68558 91.222 -30.5
0.537142 91.1527 -30.5
-1.6113 91.0938 -30.5
-3.75973 91.1527 -30.5
-5.90817 91.237 -30.5
-8.05661 91.4299 -30.5
-10.205 91.6379 -30.5
-12.3535 91.9151 -30.5
-14.5019 92.215 -30.5
-16.6504 92.5388 -30.5
-18.7988 92.8853 -30.5
-19.0136 92.92 -30.5
-20.9472 93.2221 -30.5
-23.0957 93.5578 -30.5
-25.2441 93.9249 -30.5
-27.3926 94.2714 -30.5
-29.541 94.5649 -30.5
-31.6894 94.8259 -30.5
-33.8379 95.0338 -30.5
-34.375 95.0684 -30.5
-35.9863 95.1724 -30.5
-38.1347 95.311 -30.5
-40.2832 95.3907 -30.5
-42.4316 95.4623 -30.5
-44.5801 95.5339 -30.5
-46.7285 95.5882 -30.5
-48.8769 95.5882 -30.5
-51.0254 95.5339 -30.5
-53.1738 95.5189 -30.5
-55.3223 95.3907 -30.5
-57.4707 95.311 -30.5
-59.6191 95.2417 -30.5
-61.4095 95.0684 -30.5
-61.7676 95.0338 -30.5
-63.916 94.8952 -30.5
-66.0644 94.632 -30.5
-68.2129 94.3635 -30.5
-70.3613 94.0278 -30.5
-72.5098 93.6921 -30.5
-74.6582 93.2892 -30.5
-76.3463 92.92 -30.5
-76.8066 92.8193 -30.5
-78.9551 92.3493 -30.5
-81.1035 91.8793 -30.5
-83.252 91.2751 -30.5
-85.0423 90.7715 -30.5
-85.4004 90.6676 -30.5
-87.5488 89.9745 -30.5
-89.6973 89.2122 -30.5
-91.2191 88.6231 -30.5
-91.8457 88.3725 -30.5
-93.9941 87.3699 -30.5
-95.9124 86.4747 -30.5
-96.1426 86.3635 -30.5
-98.291 85.1782 -30.5
-99.6636 84.3262 -30.5
-100.439 83.809 -30.5
-102.588 82.2972 -30.5
-102.741 82.1778 -30.5
-104.736 80.5665 -30.5
-105.371 80.0294 -30.5
-106.885 78.6973 -30.5
-107.735 77.8809 -30.5
-109.033 76.5829 -30.5
-109.884 75.7325 -30.5
-111.182 74.378 -30.5
-111.912 73.584 -30.5
-113.33 72.0428 -30.5
-113.867 71.4356 -30.5
-115.479 69.4406 -30.5
-115.602 69.2872 -30.5
-117.255 67.1387 -30.5
-117.627 66.6299 -30.5
-118.781 64.9903 -30.5
-119.775 63.4983 -30.5
-120.197 62.8419 -30.5
-121.579 60.6934 -30.5
-121.924 60.0892 -30.5
-122.776 58.545 -30.5
-123.961 56.3965 -30.5
-124.072 56.1951 -30.5
-125.111 54.2481 -30.5
-126.113 52.0997 -30.5
-126.221 51.8695 -30.5
-127.087 49.9512 -30.5
-127.975 47.8028 -30.5
-128.369 46.8181 -30.5
-128.806 45.6543 -30.5
-129.582 43.5059 -30.5
-130.344 41.3575 -30.5
-130.518 40.8204 -30.5
-131.021 39.209 -30.5
-131.693 37.0606 -30.5
-132.297 34.9122 -30.5
-132.666 33.5992 -30.5
-132.909 32.7637 -30.5
-133.505 30.6153 -30.5
-134.087 28.4668 -30.5
-134.707 26.3184 -30.5
-134.814 25.9156 -30.5
-135.265 24.17 -30.5
-135.819 22.0215 -30.5
-136.374 19.8731 -30.5
-136.928 17.7246 -30.5
-136.963 17.5904 -30.5
-137.466 15.5762 -30.5
-137.936 13.4278 -30.5
-138.453 11.2793 -30.5
-138.938 9.13089 -30.5
-139.111 8.3636 -30.5
-139.423 6.98246 -30.5
-139.908 4.83402 -30.5
-140.393 2.68558 -30.5
-140.879 0.537142 -30.5
-141.26 -1.15092 -30.5
-141.36 -1.6113 -30.5
-141.78 -3.75973 -30.5
-142.195 -5.90817 -30.5
-142.569 -8.05661 -30.5
-142.958 -10.205 -30.5
-143.235 -12.3535 -30.5
-143.408 -13.6963 -30.5
-143.509 -14.5019 -30.5
-143.71 -16.6504 -30.5
-143.859 -18.7988 -30.5
-143.997 -20.9472 -30.5
-144.067 -23.0957 -30.5
-144.136 -25.2441 -30.5
-144.089 -27.3926 -30.5
-144.067 -29.541 -30.5
-143.945 -31.6894 -30.5
-143.859 -33.8379 -30.5
-143.72 -35.9863 -30.5
-143.581 -38.1347 -30.5
-143.408 -39.9251 -30.5
-143.374 -40.2832 -30.5
-143.166 -42.4316 -30.5
-142.838 -44.5801 -30.5
-142.502 -46.7285 -30.5
-142.032 -48.8769 -30.5
-141.495 -51.0254 -30.5
-141.26 -51.8609 -30.5
-140.879 -53.1738 -30.5
-140.219 -55.3223 -30.5
-139.493 -57.4707 -30.5
-139.111 -58.5449 -30.5
-138.73 -59.6191 -30.5
-137.899 -61.7676 -30.5
-137.064 -63.916 -30.5
-136.963 -64.1462 -30.5
-136.068 -66.0644 -30.5
-135.065 -68.2129 -30.5
-134.814 -68.7142 -30.5
-133.991 -70.3613 -30.5
-132.777 -72.5098 -30.5
-132.666 -72.6888 -30.5
-131.444 -74.6582 -30.5
-130.518 -76.0716 -30.5
-130 -76.8066 -30.5
-128.409 -78.9551 -30.5
-128.369 -79.0062 -30.5
-126.675 -81.1035 -30.5
-126.221 -81.6406 -30.5
-124.803 -83.252 -30.5
-124.072 -84.0459 -30.5
-122.774 -85.4004 -30.5
-121.924 -86.2508 -30.5
-120.626 -87.5488 -30.5
-119.775 -88.3993 -30.5
-118.421 -89.6973 -30.5
-117.627 -90.3996 -30.5
-115.992 -91.8457 -30.5
-115.479 -92.3002 -30.5
-113.381 -93.9941 -30.5
-113.33 -94.0339 -30.5
-111.182 -95.6254 -30.5
-110.483 -96.1426 -30.5
-109.033 -97.2168 -30.5
-107.507 -98.291 -30.5
-106.885 -98.713 -30.5
-104.736 -100.094 -30.5
-104.199 -100.439 -30.5
-102.588 -101.44 -30.5
-100.629 -102.588 -30.5
-100.439 -102.695 -30.5
-98.291 -103.841 -30.5
-96.6126 -104.736 -30.5
-96.1426 -104.979 -30.5
-93.9941 -105.99 -30.5
-92.0759 -106.885 -30.5
-91.8457 -106.989 -30.5
-89.6973 -107.89 -30.5
-87.5488 -108.721 -30.5
-86.7432 -109.033 -30.5
-85.4004 -109.553 -30.5
-83.252 -110.315 -30.5
-81.1035 -111.074 -30.5
-80.7454 -111.182 -30.5
-78.9551 -111.701 -30.5
-76.8066 -112.325 -30.5
-74.6582 -112.949 -30.5
-73.1811 -113.33 -30.5
-72.5098 -113.498 -30.5
-70.3613 -113.988 -30.5
-68.2129 -114.438 -30.5
-66.0644 -114.841 -30.5
-63.916 -115.236 -30.5
-62.4121 -115.479 -30.5
-61.7676 -115.579 -30.5
-59.6191 -115.915 -30.5
-57.4707 -116.183 -30.5
-55.3223 -116.452 -30.5
-53.1738 -116.721 -30.5
-51.0254 -116.943 -30.5
-48.8769 -117.191 -30.5
-46.7285 -117.325 -30.5
-44.5801 -117.459 -30.5
-42.4316 -117.592 -30.5
-41.3574 -117.627 -30.5
-40.2832 -117.662 -30.5
-38.1347 -117.663 -30.5
-35.9863 -117.663 -30.5
-33.8379 -117.734 -30.5
-31.6894 -117.663 -30.5
-29.541 -117.734 -30.5
-27.3926 -117.664 -30.5
-25.2441 -117.663 -30.5
-23.0957 -117.663 -30.5
-20.9472 -117.663 -30.5
-18.7988 -117.663 -30.5
-16.6504 -117.663 -30.5
-14.5019 -117.663 -30.5
-12.3535 -117.734 -30.5
-10.205 -117.806 -30.5
-8.05661 -117.878 -30.5
-5.90817 -118.021 -30.5
-3.75973 -118.164 -30.5
-1.6113 -118.355 -30.5
0.537142 -118.563 -30.5
2.68558 -118.802 -30.5
4.83402 -119.003 -30.5
6.98246 -119.205 -30.5
9.13089 -119.406 -30.5
11.2793 -119.608 -30.5
13.0697 -119.775 -30.5
