9.13089 -117.662 -65.5
11.2793 -117.862 -65.5
13.4278 -118.008 -65.5
15.5762 -118.216 -65.5
17.7246 -118.399 -65.5
19.8731 -118.6 -65.5
22.0215 -118.735 -65.5
24.17 -118.831 -65.5
26.3184 -118.896 -65.5
28.4668 -118.831 -65.5
30.6153 -118.766 -65.5
32.7637 -118.636 -65.5
34.9122 -118.466 -65.5
37.0606 -118.285 -65.5
39.209 -118.077 -65.5
41.3575 -117.929 -65.5
43.5059 -117.728 -65.5
44.5801 -117.627 -65.5
45.6543 -117.523 -65.5
47.8028 -117.325 -65.5
49.9512 -117.056 -65.5
52.0997 -116.721 -65.5
54.2481 -116.385 -65.5
56.3965 -116.049 -65.5
58.545 -115.646 -65.5
59.4402 -115.479 -65.5
60.6934 -115.244 -65.5
62.8419 -114.841 -65.5
64.9903 -114.371 -65.5
67.1387 -113.883 -65.5
69.1678 -113.33 -65.5
69.2872 -113.297 -65.5
71.4356 -112.692 -65.5
73.584 -112.088 -65.5
75.7325 -111.424 -65.5
76.4844 -111.182 -65.5
77.8809 -110.731 -65.5
80.0294 -110.038 -65.5
82.1778 -109.345 -65.5
83.0567 -109.033 -65.5
84.3262 -108.583 -65.5
86.4747 -107.82 -65.5
88.6231 -106.989 -65.5
88.8533 -106.885 -65.5
90.7715 -105.99 -65.5
92.92 -104.996 -65.5
93.4213 -104.736 -65.5
95.0684 -103.884 -65.5
97.2169 -102.626 -65.5
97.2801 -102.588 -65.5
99.3653 -101.322 -65.5
100.819 -100.439 -65.5
101.514 -100.002 -65.5
103.662 -98.5596 -65.5
104.038 -98.291 -65.5
105.811 -97.025 -65.5
107.046 -96.1426 -65.5
107.959 -95.4402 -65.5
109.839 -93.9941 -65.5
110.107 -93.7876 -65.5
112.256 -92.0523 -65.5
112.512 -91.8457 -65.5
114.404 -90.2559 -65.5
115.039 -89.6973 -65.5
116.553 -88.3652 -65.5
117.44 -87.5488 -65.5
118.701 -86.3887 -65.5
119.731 -85.4004 -65.5
120.85 -84.2814 -65.5
121.879 -83.252 -65.5
122.998 -82.0843 -65.5
123.866 -81.1035 -65.5
125.147 -79.5898 -65.5
125.684 -78.9551 -65.5
127.295 -76.9601 -65.5
127.414 -76.8066 -65.5
128.926 -74.6582 -65.5
129.443 -73.9232 -65.5
130.369 -72.5098 -65.5
131.592 -70.4245 -65.5
131.629 -70.3613 -65.5
132.845 -68.2129 -65.5
133.74 -66.5344 -65.5
133.991 -66.0644 -65.5
134.994 -63.916 -65.5
135.889 -61.8502 -65.5
135.923 -61.7676 -65.5
136.824 -59.6191 -65.5
137.656 -57.4707 -65.5
138.037 -56.3965 -65.5
138.406 -55.3223 -65.5
139.145 -53.1738 -65.5
139.874 -51.0254 -65.5
140.186 -49.9512 -65.5
140.497 -48.8769 -65.5
141.121 -46.7285 -65.5
141.676 -44.5801 -65.5
142.23 -42.4316 -65.5
142.334 -41.8945 -65.5
142.636 -40.2832 -65.5
143.039 -38.1347 -65.5
143.343 -35.9863 -65.5
143.604 -33.8379 -65.5
143.734 -31.6894 -65.5
143.864 -29.541 -65.5
143.864 -27.3926 -65.5
143.799 -25.2441 -65.5
143.669 -23.0957 -65.5
143.509 -20.9472 -65.5
143.308 -18.7988 -65.5
143.039 -16.6504 -65.5
142.785 -14.5019 -65.5
142.507 -12.3535 -65.5
142.334 -11.0107 -65.5
142.233 -10.205 -65.5
141.965 -8.05661 -65.5
141.629 -5.90817 -65.5
141.293 -3.75973 -65.5
140.844 -1.6113 -65.5
140.359 0.537142 -65.5
140.186 1.30444 -65.5
139.874 2.68558 -65.5
139.346 4.83402 -65.5
138.765 6.98246 -65.5
138.205 9.13089 -65.5
138.037 9.668 -65.5
137.517 11.2793 -65.5
136.862 13.4278 -65.5
136.131 15.5762 -65.5
135.889 16.3282 -65.5
135.423 17.7246 -65.5
134.635 19.8731 -65.5
133.844 22.0215 -65.5
133.74 22.2901 -65.5
133.013 24.17 -65.5
132.181 26.3184 -65.5
131.592 27.8402 -65.5
131.341 28.4668 -65.5
130.482 30.6153 -65.5
129.617 32.7637 -65.5
129.443 33.1474 -65.5
128.62 34.9122 -65.5
127.617 37.0606 -65.5
127.295 37.7512 -65.5
126.591 39.209 -65.5
125.54 41.3575 -65.5
125.147 42.096 -65.5
124.395 43.5059 -65.5
123.32 45.6543 -65.5
122.998 46.223 -65.5
122.072 47.8028 -65.5
120.887 49.9512 -65.5
120.85 50.0144 -65.5
119.584 52.0997 -65.5
118.701 53.4723 -65.5
118.203 54.2481 -65.5
116.752 56.3965 -65.5
116.553 56.6792 -65.5
115.287 58.545 -65.5
114.404 59.7803 -65.5
113.728 60.6934 -65.5
112.256 62.6807 -65.5
112.137 62.8419 -65.5
110.466 64.9903 -65.5
110.107 65.4507 -65.5
108.744 67.1387 -65.5
107.959 68.0261 -65.5
106.799 69.2872 -65.5
105.811 70.3166 -65.5
104.692 71.4356 -65.5
103.662 72.4651 -65.5
102.441 73.584 -65.5
101.514 74.4004 -65.5
99.928 75.7325 -65.5
99.3653 76.1701 -65.5
97.2169 77.7616 -65.5
97.0378 77.8809 -65.5
95.0684 79.147 -65.5
93.5242 80.0294 -65.5
92.92 80.3516 -65.5
90.7715 81.4258 -65.5
89.1602 82.1778 -65.5
88.6231 82.4204 -65.5
86.4747 83.3213 -65.5
84.3262 84.1472 -65.5
83.838 84.3262 -65.5
82.1778 84.9153 -65.5
80.0294 85.6777 -65.5
77.8809 86.4389 -65.5
77.7616 86.4747 -65.5
75.7325 87.0638 -65.5
73.584 87.7568 -65.5
71.4356 88.3112 -65.5
70.2271 88.6231 -65.5
69.2872 88.8657 -65.5
67.1387 89.3952 -65.5
64.9903 89.8359 -65.5
62.8419 90.268 -65.5
60.6934 90.6676 -65.5
60.1563 90.7715 -65.5
58.545 91.0737 -65.5
56.3965 91.3422 -65.5
54.2481 91.6779 -65.5
52.0997 91.9109 -65.5
49.9512 92.1062 -65.5
47.8028 92.2364 -65.5
45.6543 92.2364 -65.5
43.5059 92.1713 -65.5
41.3575 92.0411 -65.5
39.209 91.7807 -65.5
37.0606 91.4765 -65.5
34.9122 91.1408 -65.5
32.9428 90.7715 -65.5
32.7637 90.7369 -65.5
30.6153 90.2518 -65.5
28.4668 89.798 -65.5
26.3184 89.3281 -65.5
24.17 88.8581 -65.5
23.23 88.6231 -65.5
22.0215 88.321 -65.5
19.8731 87.851 -65.5
17.7246 87.4103 -65.5
15.5762 86.9782 -65.5
13.4278 86.5754 -65.5
12.8907 86.4747 -65.5
11.2793 86.1725 -65.5
9.13089 85.8369 -65.5
6.98246 85.5391 -65.5
4.83402 85.2997 -65.5
2.68558 85.1655 -65.5
0.537142 85.1232 -65.5
-1.6113 85.1925 -65.5
-3.75973 85.3669 -65.5
-5.90817 85.6354 -65.5
-8.05661 85.9549 -65.5
-10.205 86.3707 -65.5
-10.7422 86.4747 -65.5
-12.3535 86.7865 -65.5
-14.5019 87.2717 -65.5
-16.6504 87.7568 -65.5
-18.7988 88.2419 -65.5
-20.4869 88.6231 -65.5
-20.9472 88.7271 -65.5
-23.0957 89.2122 -65.5
-25.2441 89.6638 -65.5
-27.3926 90.0666 -65.5
-29.541 90.4597 -65.5
-31.1523 90.7715 -65.5
-31.6894 90.8723 -65.5
-33.8379 91.1527 -65.5
-35.9863 91.4094 -65.5
-38.1347 91.6108 -65.5
-40.2832 91.8122 -65.5
-42.4316 91.9465 -65.5
-44.5801 92.0136 -65.5
-46.7285 92.0136 -65.5
-48.8769 92.0136 -65.5
-51.0254 92.0136 -65.5
-53.1738 91.8793 -65.5
-55.3223 91.7451 -65.5
-57.4707 91.6108 -65.5
-59.6191 91.4299 -65.5
-61.7676 91.222 -65.5
-63.916 91.0065 -65.5
-65.4199 90.7715 -65.5
-66.0644 90.6676 -65.5
-68.2129 90.3211 -65.5
-70.3613 89.9323 -65.5
-72.5098 89.4894 -65.5
-74.6582 88.935 -65.5
-75.8667 88.6231 -65.5
-76.8066 88.3725 -65.5
-78.9551 87.6563 -65.5
-81.1035 86.9252 -65.5
-82.2672 86.4747 -65.5
-83.252 86.0672 -65.5
-85.4004 85.0782 -65.5
-86.9043 84.3262 -65.5
-87.5488 83.9929 -65.5
-89.6973 82.8075 -65.5
-90.7715 82.1778 -65.5
-91.8457 81.5256 -65.5
-93.9941 80.1445 -65.5
-94.1638 80.0294 -65.5
-96.1426 78.6369 -65.5
-97.1145 77.8809 -65.5
-98.291 76.9306 -65.5
-99.7745 75.7325 -65.5
-100.439 75.1739 -65.5
-102.246 73.584 -65.5
-102.588 73.2833 -65.5
-104.513 71.4356 -65.5
-104.736 71.2208 -65.5
-106.67 69.2872 -65.5
-106.885 69.0634 -65.5
-108.732 67.1387 -65.5
-109.033 66.8254 -65.5
-110.795 64.9903 -65.5
-111.182 64.5699 -65.5
-112.71 62.8419 -65.5
-113.33 62.1094 -65.5
-114.528 60.6934 -65.5
-115.479 59.5704 -65.5
-116.314 58.545 -65.5
-117.627 56.7725 -65.5
-117.896 56.3965 -65.5
-119.353 54.2481 -65.5
-119.775 53.5916 -65.5
-120.735 52.0997 -65.5
-121.924 50.1408 -65.5
-122.035 49.9512 -65.5
-123.22 47.8028 -65.5
-124.072 46.1556 -65.5
-124.332 45.6543 -65.5
-125.443 43.5059 -65.5
-126.221 41.8946 -65.5
-126.48 41.3575 -65.5
-127.474 39.209 -65.5
-128.369 37.2908 -65.5
-128.473 37.0606 -65.5
-129.305 34.9122 -65.5
-130.136 32.7637 -65.5
-130.518 31.6895 -65.5
-130.899 30.6153 -65.5
-131.661 28.4668 -65.5
-132.423 26.3184 -65.5
-132.666 25.6348 -65.5
-133.186 24.17 -65.5
-133.948 22.0215 -65.5
-134.641 19.8731 -65.5
-134.814 19.3848 -65.5
-135.385 17.7246 -65.5
-136.057 15.5762 -65.5
-136.72 13.4278 -65.5
-136.963 12.5923 -65.5
-137.344 11.2793 -65.5
-137.968 9.13089 -65.5
-138.592 6.98246 -65.5
-139.111 4.9683 -65.5
-139.146 4.83402 -65.5
-139.682 2.68558 -65.5
-140.219 0.537142 -65.5
-140.74 -1.6113 -65.5
-141.225 -3.75973 -65.5
-141.26 -3.91319 -65.5
-141.696 -5.90817 -65.5
-142.166 -8.05661 -65.5
-142.569 -10.205 -65.5
-142.958 -12.3535 -65.5
-143.304 -14.5019 -65.5
-143.408 -15.1465 -65.5
-143.643 -16.6504 -65.5
-143.912 -18.7988 -65.5
-144.18 -20.9472 -65.5
-144.417 -23.0957 -65.5
-144.613 -25.2441 -65.5
-144.743 -27.3926 -65.5
-144.808 -29.541 -65.5
-144.767 -31.6894 -65.5
-144.678 -33.8379 -65.5
-144.548 -35.9863 -65.5
-144.315 -38.1347 -65.5
-144.046 -40.2832 -65.5
-143.71 -42.4316 -65.5
-143.408 -44.043 -65.5
-143.304 -44.5801 -65.5
-142.819 -46.7285 -65.5
-142.3 -48.8769 -65.5
-141.696 -51.0254 -65.5
-141.26 -52.4219 -65.5
-141.009 -53.1738 -65.5
-140.255 -55.3223 -65.5
-139.423 -57.4707 -65.5
-139.111 -58.2144 -65.5
-138.503 -59.6191 -65.5
-137.5 -61.7676 -65.5
-136.963 -62.8418 -65.5
-136.426 -63.916 -65.5
-135.296 -66.0644 -65.5
-134.814 -66.8859 -65.5
-134.037 -68.2129 -65.5
-132.781 -70.3613 -65.5
-132.666 -70.5404 -65.5
-131.353 -72.5098 -65.5
-130.518 -73.6971 -65.5
-129.841 -74.6582 -65.5
-128.369 -76.7501 -65.5
-128.328 -76.8066 -65.5
-126.593 -78.9551 -65.5
-126.221 -79.4155 -65.5
-124.803 -81.1035 -65.5
-124.072 -81.8975 -65.5
-122.826 -83.252 -65.5
-121.924 -84.1919 -65.5
-120.715 -85.4004 -65.5
-119.775 -86.3027 -65.5
-118.421 -87.5488 -65.5
-117.627 -88.2793 -65.5
-116.016 -89.6973 -65.5
-115.479 -90.1517 -65.5
-113.381 -91.8457 -65.5
-113.33 -91.8855 -65.5
-111.182 -93.4769 -65.5
-110.483 -93.9941 -65.5
-109.033 -95.03 -65.5
-107.394 -96.1426 -65.5
-106.885 -96.5007 -65.5
-104.736 -97.869 -65.5
-104.08 -98.291 -65.5
-102.588 -99.2171 -65.5
-100.503 -100.439 -65.5
-100.439 -100.476 -65.5
-98.291 -101.621 -65.5
-96.4783 -102.588 -65.5
-96.1426 -102.761 -65.5
-93.9941 -103.77 -65.5
-91.9224 -104.736 -65.5
-91.8457 -104.771 -65.5
-89.6973 -105.672 -65.5
-87.5488 -106.504 -65.5
-86.6399 -106.885 -65.5
-85.4004 -107.405 -65.5
-83.252 -108.167 -65.5
-81.1035 -108.929 -65.5
-80.8105 -109.033 -65.5
-78.9551 -109.692 -65.5
-76.8066 -110.385 -65.5
-74.6582 -111.074 -65.5
-74.3001 -111.182 -65.5
-72.5098 -111.685 -65.5
-70.3613 -112.256 -65.5
-68.2129 -112.81 -65.5
-66.1987 -113.33 -65.5
-66.0644 -113.365 -65.5
-63.916 -113.85 -65.5
-61.7676 -114.304 -65.5
-59.6191 -114.706 -65.5
-57.4707 -115.097 -65.5
-55.3223 -115.444 -65.5
-55.1074 -115.479 -65.5
-53.1738 -115.781 -65.5
-51.0254 -116.068 -65.5
-48.8769 -116.318 -65.5
-46.7285 -116.586 -65.5
-44.5801 -116.813 -65.5
-42.4316 -116.963 -65.5
-40.2832 -117.09 -65.5
-38.1347 -117.153 -65.5
-35.9863 -117.216 -65.5
-33.8379 -117.269 -65.5
-31.6894 -117.269 -65.5
-29.541 -117.269 -65.5
-27.3926 -117.269 -65.5
-25.2441 -117.269 -65.5
-23.0957 -117.269 -65.5
-20.9472 -117.216 -65.5
-18.7988 -117.204 -65.5
-16.6504 -117.153 -65.5
-14.5019 -117.139 -65.5
-12.3535 -117.09 -65.5
-10.205 -117.074 -65.5
-8.05661 -117.074 -65.5
-5.90817 -117.074 -65.5
-3.75973 -117.074 -65.5
-1.6113 -117.09 -65.5
0.537142 -117.139 -65.5
2.68558 -117.269 -65.5
4.83402 -117.392 -65.5
6.98246 -117.526 -65.5
8.59378 -117.627 -65.5
