-48.8769 -109.067 57
-46.7285 -109.134 57
-44.5801 -109.206 57
-42.4316 -109.206 57
-40.2832 -109.276 57
-38.1347 -109.276 57
-35.9863 -109.276 57
-33.8379 -109.268 57
-31.6894 -109.201 57
-29.541 -109.137 57
-27.9297 -109.033 57
-27.3926 -108.999 57
-25.2441 -108.86 57
-23.0957 -108.721 57
-20.9472 -108.513 57
-18.7988 -108.306 57
-16.6504 -108.098 57
-14.5019 -107.82 57
-12.3535 -107.59 57
-10.205 -107.335 57
-8.05661 -107.127 57
-5.90817 -106.989 57
-3.75973 -106.918 57
-2.68552 -106.885 57
-1.6113 -106.849 57
-0.537078 -106.885 57
0.537142 -106.919 57
2.68558 -107.053 57
4.83402 -107.254 57
6.98246 -107.474 57
9.13089 -107.724 57
11.2793 -108.028 57
13.4278 -108.236 57
15.5762 -108.513 57
17.7246 -108.783 57
19.8731 -108.997 57
20.4102 -109.033 57
22.0215 -109.137 57
24.17 -109.268 57
26.3184 -109.335 57
28.4668 -109.335 57
30.6153 -109.345 57
32.7637 -109.335 57
34.9122 -109.268 57
37.0606 -109.201 57
39.209 -109.067 57
39.5671 -109.033 57
41.3575 -108.86 57
43.5059 -108.711 57
45.6543 -108.496 57
47.8028 -108.236 57
49.9512 -108.028 57
52.0997 -107.751 57
54.2481 -107.474 57
56.3965 -107.187 57
58.3301 -106.885 57
58.545 -106.85 57
60.6934 -106.434 57
62.8419 -106.046 57
64.9903 -105.603 57
67.1387 -105.118 57
68.8268 -104.736 57
69.2872 -104.632 57
71.4356 -104.078 57
73.584 -103.524 57
75.7325 -102.9 57
76.6993 -102.588 57
77.8809 -102.207 57
80.0294 -101.583 57
82.1778 -100.89 57
83.4473 -100.439 57
84.3262 -100.117 57
86.4747 -99.3652 57
88.6231 -98.5417 57
89.2497 -98.291 57
90.7715 -97.6823 57
92.92 -96.7513 57
94.3247 -96.1426 57
95.0684 -95.8092 57
97.2169 -94.8177 57
98.864 -93.9941 57
99.3653 -93.7348 57
101.514 -92.6693 57
103.058 -91.8457 57
103.662 -91.5123 57
105.811 -90.327 57
106.885 -89.6973 57
107.959 -89.0451 57
110.107 -87.6639 57
110.287 -87.5488 57
112.256 -86.2359 57
113.443 -85.4004 57
114.404 -84.724 57
116.496 -83.252 57
116.553 -83.2106 57
118.701 -81.4754 57
119.141 -81.1035 57
120.85 -79.5996 57
121.55 -78.9551 57
122.998 -77.5675 57
123.759 -76.8066 57
125.147 -75.4191 57
125.877 -74.6582 57
127.295 -73.0469 57
127.733 -72.5098 57
129.404 -70.3613 57
129.443 -70.3076 57
130.995 -68.2129 57
131.592 -67.3177 57
132.398 -66.0644 57
133.74 -63.9757 57
133.777 -63.916 57
134.963 -61.7676 57
135.889 -60.0891 57
136.139 -59.6191 57
137.214 -57.4707 57
138.037 -55.7059 57
138.216 -55.3223 57
139.181 -53.1738 57
140.15 -51.0254 57
140.186 -50.9427 57
141.081 -48.8769 57
142.083 -46.7285 57
142.334 -46.2272 57
143.158 -44.5801 57
144.291 -42.4316 57
144.483 -42.0959 57
145.518 -40.2832 57
146.631 -38.6436 57
147.018 -38.1347 57
148.779 -36.1328 57
148.933 -35.9863 57
150.928 -34.375 57
151.859 -33.8379 57
153.076 -33.2082 57
155.225 -32.5846 57
157.373 -32.2092 57
159.522 -32.1399 57
161.67 -32.2092 57
163.818 -32.3478 57
165.967 -32.5958 57
168.115 -32.8644 57
170.264 -33.2001 57
172.412 -33.5357 57
174.024 -33.8379 57
174.561 -33.9386 57
176.709 -34.3262 57
178.858 -34.61 57
181.006 -34.8785 57
183.154 -35.0799 57
185.303 -35.1725 57
187.451 -35.2142 57
189.6 -35.1074 57
191.748 -34.8785 57
193.897 -34.5428 57
196.045 -34.0729 57
196.881 -33.8379 57
198.193 -33.444 57
200.342 -32.6562 57
202.49 -31.7252 57
202.567 -31.6894 57
204.639 -30.6893 57
206.598 -29.541 57
206.787 -29.4216 57
208.936 -27.9098 57
209.634 -27.3926 57
211.084 -26.277 57
212.252 -25.2441 57
213.233 -24.3042 57
214.441 -23.0957 57
215.381 -22.0703 57
216.331 -20.9472 57
217.529 -19.3896 57
217.967 -18.7988 57
219.479 -16.6504 57
219.678 -16.3344 57
220.752 -14.5019 57
221.826 -12.4251 57
221.862 -12.3535 57
222.793 -10.205 57
223.652 -8.05661 57
223.975 -7.1777 57
224.425 -5.90817 57
225.049 -3.75973 57
225.603 -1.6113 57
226.089 0.537142 57
226.123 0.716178 57
226.492 2.68558 57
226.761 4.83402 57
227.03 6.98246 57
227.164 9.13089 57
227.262 11.2793 57
227.262 13.4278 57
227.197 15.5762 57
227.03 17.7246 57
226.761 19.8731 57
226.425 22.0215 57
226.123 23.4027 57
225.95 24.17 57
225.326 26.3184 57
224.633 28.4668 57
223.975 30.0369 57
223.724 30.6153 57
222.721 32.7637 57
221.826 34.3434 57
221.481 34.9122 57
220.115 37.0606 57
219.678 37.6514 57
218.48 39.209 57
217.529 40.3856 57
216.713 41.3575 57
215.381 42.8053 57
214.71 43.5059 57
213.233 44.983 57
212.532 45.6543 57
211.084 46.9864 57
210.112 47.8028 57
208.936 48.7179 57
207.271 49.9512 57
206.787 50.3093 57
204.639 51.6776 57
203.944 52.0997 57
202.49 52.9232 57
200.342 53.9258 57
199.598 54.2481 57
198.193 54.8372 57
196.045 55.5995 57
193.897 56.2233 57
193.225 56.3965 57
191.748 56.7777 57
189.6 57.2358 57
187.451 57.6094 57
185.303 57.84 57
183.154 58.0252 57
181.006 58.0945 57
178.858 58.0945 57
176.709 58.0252 57
174.561 57.8866 57
172.412 57.748 57
170.264 57.6386 57
168.115 57.6386 57
165.967 57.748 57
163.818 58.0795 57
162.073 58.545 57
161.67 58.6561 57
159.522 59.6192 57
157.91 60.6934 57
157.373 61.0962 57
155.469 62.8419 57
155.225 63.0976 57
153.635 64.9903 57
153.076 65.6885 57
152.002 67.1387 57
150.928 68.6652 57
150.49 69.2872 57
148.978 71.4356 57
148.779 71.7183 57
147.416 73.584 57
146.631 74.6046 57
145.763 75.7325 57
144.483 77.3182 57
143.99 77.8809 57
142.334 79.609 57
141.895 80.0294 57
140.186 81.5333 57
139.418 82.1778 57
138.037 83.252 57
136.426 84.3262 57
135.889 84.6715 57
133.74 85.919 57
132.666 86.4747 57
131.592 87.0303 57
129.443 88.0144 57
128.039 88.6231 57
127.295 88.9454 57
125.147 89.7666 57
122.998 90.4597 57
122.031 90.7715 57
120.85 91.1527 57
118.701 91.7451 57
116.553 92.2822 57
114.404 92.816 57
113.944 92.92 57
112.256 93.2892 57
110.107 93.6921 57
107.959 94.1328 57
105.811 94.5486 57
103.662 94.8952 57
102.767 95.0684 57
101.514 95.3034 57
99.3653 95.6391 57
97.2169 96.004 57
95.0684 96.3776 57
92.92 96.7805 57
90.7715 97.1833 57
90.5925 97.2169 57
88.6231 97.5861 57
86.4747 97.989 57
84.3262 98.4589 57
82.1778 98.9289 57
80.4322 99.3653 57
80.0294 99.466 57
77.8809 99.936 57
75.7325 100.309 57
73.584 100.57 57
71.4356 100.765 57
69.2872 100.895 57
67.1387 100.96 57
64.9903 100.977 57
62.8419 101.025 57
60.6934 101.025 57
58.545 101.025 57
56.3965 101.025 57
54.2481 101.025 57
52.0997 101.025 57
49.9512 100.977 57
47.8028 100.96 57
45.6543 100.83 57
43.5059 100.7 57
41.3575 100.473 57
39.209 100.205 57
37.0606 99.8158 57
34.9122 99.4011 57
34.6973 99.3653 57
32.7637 99.043 57
30.6153 98.6615 57
28.4668 98.3652 57
26.3184 98.0688 57
24.17 97.7923 57
22.0215 97.4854 57
20.1416 97.2169 57
19.8731 97.1785 57
17.7246 96.7948 57
15.5762 96.3345 57
13.4278 95.9508 57
11.2793 95.5672 57
9.13089 95.2536 57
7.78812 95.0684 57
6.98246 94.961 57
4.83402 94.7462 57
2.68558 94.5869 57
0.537142 94.5128 57
-1.6113 94.493 57
-3.75973 94.5697 57
-5.90817 94.7231 57
-8.05661 94.9491 57
-9.66794 95.0684 57
-10.205 95.1082 57
-12.3535 95.3469 57
-14.5019 95.5672 57
-16.6504 95.7974 57
-18.7988 96.1043 57
-20.9472 96.4879 57
-23.0957 96.8716 57
-25.0293 97.2169 57
-25.2441 97.2539 57
-27.3926 97.6243 57
-29.541 97.9688 57
-31.6894 98.3604 57
-33.8379 98.7566 57
-35.9863 99.1863 57
-36.8815 99.3653 57
-38.1347 99.6079 57
-40.2832 100.003 57
-42.4316 100.272 57
-44.5801 100.44 57
-46.7285 100.57 57
-48.8769 100.607 57
-51.0254 100.57 57
-53.1738 100.607 57
-55.3223 100.607 57
-57.4707 100.57 57
-59.6191 100.54 57
-61.7676 100.473 57
-63.916 100.339 57
-66.0644 100.137 57
-68.2129 99.8017 57
-70.3613 99.3989 57
-70.5148 99.3653 57
-72.5098 98.9148 57
-74.6582 98.4589 57
-76.8066 97.989 57
-78.9551 97.5749 57
-80.9245 97.2169 57
-81.1035 97.1822 57
-83.252 96.7133 57
-85.4004 96.3105 57
-87.5488 95.9077 57
-89.6973 95.5048 57
-91.8457 95.1031 57
-92.0247 95.0684 57
-93.9941 94.6992 57
-96.1426 94.3407 57
-98.291 93.9249 57
-100.439 93.4907 57
-102.588 93.0239 57
-103.048 92.92 57
-104.736 92.5388 57
-106.885 92.0136 57
-109.033 91.4992 57
-111.182 90.9448 57
-111.853 90.7715 57
-113.33 90.3904 57
-115.479 89.8359 57
-117.627 89.2122 57
-119.656 88.6231 57
-119.775 88.5873 57
-121.924 87.8261 57
-124.072 87.0638 57
-125.594 86.4747 57
-126.221 86.2321 57
-128.369 85.3311 57
-130.446 84.3262 57
-130.518 84.2879 57
-132.666 82.9835 57
-133.853 82.1778 57
-134.814 81.4754 57
-136.449 80.0294 57
-136.963 79.5156 57
-138.467 77.8809 57
-139.111 77.0753 57
-140.106 75.7325 57
-141.26 73.9 57
-141.452 73.584 57
-142.704 71.4356 57
-143.408 70.0749 57
-143.802 69.2872 57
-144.853 67.1387 57
-145.557 65.6809 57
-145.879 64.9903 57
-146.882 62.8419 57
-147.705 61.1947 57
-147.956 60.6934 57
-149.048 58.545 57
-149.854 57.1351 57
-150.308 56.3965 57
-151.873 54.2481 57
-152.002 54.0946 57
-153.997 52.0997 57
-154.15 51.9654 57
-156.299 50.548 57
-157.642 49.9512 57
-158.447 49.6178 57
-160.596 49.1542 57
-162.744 48.9463 57
-164.893 48.9463 57
-167.041 49.112 57
-169.189 49.3134 57
-171.338 49.5148 57
-173.486 49.778 57
-175.635 49.9166 57
-176.172 49.9512 57
-177.783 50.0552 57
-179.932 50.1938 57
-182.08 50.2631 57
-184.229 50.3324 57
-186.377 50.2631 57
-188.525 50.1938 57
-190.674 49.9859 57
-190.942 49.9512 57
-192.822 49.7087 57
-194.971 49.3134 57
-197.119 48.8077 57
-199.268 48.2392 57
-200.664 47.8028 57
-201.416 47.5521 57
-203.564 46.7286 57
-205.713 45.8334 57
-206.097 45.6543 57
-207.861 44.8308 57
-210.01 43.6911 57
-210.326 43.5059 57
-212.158 42.3933 57
-213.685 41.3575 57
-214.307 40.9355 57
-216.455 39.3284 57
-216.602 39.209 57
-218.604 37.5151 57
-219.096 37.0606 57
-220.752 35.4707 57
-221.289 34.9122 57
-222.9 33.0907 57
-223.169 32.7637 57
-224.79 30.6153 57
-225.049 30.2393 57
-226.192 28.4668 57
-227.197 26.6343 57
-227.365 26.3184 57
-228.337 24.17 57
-229.178 22.0215 57
-229.346 21.4844 57
-229.834 19.8731 57
-230.452 17.7246 57
-231.006 15.5762 57
-231.462 13.4278 57
-231.494 13.2935 57
-231.968 11.2793 57
-232.323 9.13089 57
-232.63 6.98246 57
-232.814 4.83402 57
-232.937 2.68558 57
-232.937 0.537142 57
-232.875 -1.6113 57
-232.718 -3.75973 57
-232.479 -5.90817 57
-232.139 -8.05661 57
-231.715 -10.205 57
-231.494 -11.145 57
-231.218 -12.3535 57
-230.604 -14.5019 57
-229.883 -16.6504 57
-229.346 -17.9548 57
-228.988 -18.7988 57
-227.881 -20.9472 57
-227.197 -22.1345 57
-226.608 -23.0957 57
-225.156 -25.2441 57
-225.049 -25.3784 57
-223.322 -27.3926 57
-222.9 -27.8302 57
-221.124 -29.541 57
-220.752 -29.8863 57
-218.604 -31.6511 57
-218.555 -31.6894 57
-216.455 -33.2822 57
-215.649 -33.8379 57
-214.307 -34.7639 57
-212.337 -35.9863 57
-212.158 -36.0903 57
-210.01 -37.2284 57
-208.197 -38.1347 57
-207.861 -38.2975 57
-205.713 -39.0788 57
-203.564 -39.7461 57
-201.535 -40.2832 57
-201.416 -40.3157 57
-199.268 -40.7715 57
-197.119 -41.097 57
-194.971 -41.3574 57
-192.822 -41.5786 57
-190.674 -41.6829 57
-188.525 -41.748 57
-186.377 -41.748 57
-184.229 -41.5924 57
-182.08 -41.4225 57
-179.932 -41.1621 57
-177.783 -40.8539 57
-175.635 -40.5182 57
-174.131 -40.2832 57
-173.486 -40.1792 57
-171.338 -39.7125 57
-169.189 -39.3097 57
-167.041 -38.9068 57
-164.893 -38.4369 57
-163.281 -38.1347 57
-162.744 -38.0308 57
-160.596 -37.7536 57
-158.447 -37.615 57
-156.299 -37.6843 57
-154.15 -38.0989 57
-154.053 -38.1347 57
-152.002 -38.9404 57
-149.854 -40.1592 57
-149.692 -40.2832 57
-147.705 -42.0113 57
-147.302 -42.4316 57
-145.557 -44.4266 57
-145.437 -44.5801 57
-143.925 -46.7285 57
-143.408 -47.5043 57
-142.526 -48.8769 57
-141.26 -50.8463 57
-141.145 -51.0254 57
-139.889 -53.1738 57
-139.111 -54.5008 57
-138.613 -55.3223 57
-137.308 -57.4707 57
-136.963 -58.0394 57
-136.004 -59.6191 57
-134.814 -61.4692 57
-134.629 -61.7676 57
-133.318 -63.916 57
-132.666 -64.9305 57
-131.91 -66.0644 57
-130.518 -68.0433 57
-130.398 -68.2129 57
-128.807 -70.3613 57
-128.369 -70.924 57
-127.088 -72.5098 57
-126.221 -73.584 57
-125.318 -74.6582 57
-124.072 -76.0126 57
-123.342 -76.8066 57
-121.924 -78.3479 57
-121.365 -78.9551 57
-119.775 -80.6112 57
-119.283 -81.1035 57
-117.627 -82.7596 57
-117.113 -83.252 57
-115.479 -84.7559 57
-114.746 -85.4004 57
-113.33 -86.6465 57
-112.256 -87.5488 57
-111.182 -88.4165 57
-109.517 -89.6973 57
-109.033 -90.0553 57
-106.885 -91.5672 57
-106.489 -91.8457 57
-104.736 -93.0791 57
-103.364 -93.9941 57
-102.588 -94.4929 57
-100.439 -95.874 57
-99.9971 -96.1426 57
-98.291 -97.1427 57
-96.3321 -98.291 57
-96.1426 -98.3984 57
-93.9941 -99.4727 57
-91.9224 -100.439 57
-91.8457 -100.474 57
-89.6973 -101.375 57
-87.5488 -102.194 57
-86.4746 -102.588 57
-85.4004 -102.969 57
-83.252 -103.662 57
-81.1035 -104.286 57
-79.5519 -104.736 57
-78.9551 -104.91 57
-76.8066 -105.441 57
-74.6582 -105.88 57
-72.5098 -106.365 57
-70.3613 -106.712 57
-69.2871 -106.885 57
-68.2129 -107.058 57
-66.0644 -107.405 57
-63.916 -107.657 57
-61.7676 -107.89 57
-59.6191 -108.167 57
-57.4707 -108.375 57
-55.3223 -108.639 57
-53.1738 -108.783 57
-51.0254 -108.926 57
-49.414 -109.033 57
