22.0215 -119.81 -40.5
24.17 -119.811 -40.5
26.3184 -119.883 -40.5
28.4668 -119.949 -40.5
30.6153 -119.954 -40.5
32.7637 -119.954 -40.5
34.9122 -119.954 -40.5
37.0606 -119.954 -40.5
39.209 -119.883 -40.5
41.3575 -119.879 -40.5
42.9688 -119.775 -40.5
43.5059 -119.741 -40.5
45.6543 -119.602 -40.5
47.8028 -119.394 -40.5
49.9512 -119.138 -40.5
52.0997 -118.802 -40.5
54.2481 -118.466 -40.5
56.3965 -118.131 -40.5
58.545 -117.795 -40.5
59.4402 -117.627 -40.5
60.6934 -117.384 -40.5
62.8419 -116.969 -40.5
64.9903 -116.483 -40.5
67.1387 -115.998 -40.5
69.2872 -115.512 -40.5
69.4065 -115.479 -40.5
71.4356 -114.908 -40.5
73.584 -114.304 -40.5
75.7325 -113.632 -40.5
76.6993 -113.33 -40.5
77.8809 -112.936 -40.5
80.0294 -112.117 -40.5
82.1778 -111.217 -40.5
82.2604 -111.182 -40.5
84.3262 -110.286 -40.5
86.4747 -109.355 -40.5
87.1652 -109.033 -40.5
88.6231 -108.353 -40.5
90.7715 -107.35 -40.5
91.7025 -106.885 -40.5
92.92 -106.255 -40.5
95.0684 -105.144 -40.5
95.8562 -104.736 -40.5
97.2169 -104.007 -40.5
99.3653 -102.773 -40.5
99.6812 -102.588 -40.5
101.514 -101.475 -40.5
103.125 -100.439 -40.5
103.662 -100.081 -40.5
105.811 -98.6363 -40.5
106.294 -98.291 -40.5
107.959 -97.0577 -40.5
109.194 -96.1426 -40.5
110.107 -95.4662 -40.5
112 -93.9941 -40.5
112.256 -93.7876 -40.5
114.404 -92.0523 -40.5
114.649 -91.8457 -40.5
116.553 -90.2344 -40.5
117.16 -89.6973 -40.5
118.701 -88.2793 -40.5
119.462 -87.5488 -40.5
120.85 -86.101 -40.5
121.521 -85.4004 -40.5
122.998 -83.7891 -40.5
123.453 -83.252 -40.5
125.147 -81.25 -40.5
125.266 -81.1035 -40.5
126.857 -78.9551 -40.5
127.295 -78.3643 -40.5
128.449 -76.8066 -40.5
129.443 -75.3147 -40.5
129.865 -74.6582 -40.5
131.247 -72.5098 -40.5
131.592 -71.9411 -40.5
132.487 -70.3613 -40.5
133.633 -68.2129 -40.5
133.74 -67.998 -40.5
134.707 -66.0644 -40.5
135.71 -63.916 -40.5
135.889 -63.5324 -40.5
136.686 -61.7676 -40.5
137.517 -59.6191 -40.5
138.037 -58.2764 -40.5
138.339 -57.4707 -40.5
139.042 -55.3223 -40.5
139.682 -53.1738 -40.5
140.186 -51.3834 -40.5
140.29 -51.0254 -40.5
140.891 -48.8769 -40.5
141.361 -46.7285 -40.5
141.814 -44.5801 -40.5
142.23 -42.4316 -40.5
142.334 -41.626 -40.5
142.507 -40.2832 -40.5
142.785 -38.1347 -40.5
143.039 -35.9863 -40.5
143.24 -33.8379 -40.5
143.375 -31.6894 -40.5
143.473 -29.541 -40.5
143.509 -27.3926 -40.5
143.473 -25.2441 -40.5
143.408 -23.0957 -40.5
143.308 -20.9472 -40.5
143.131 -18.7988 -40.5
142.992 -16.6504 -40.5
142.785 -14.5019 -40.5
142.646 -12.3535 -40.5
142.507 -10.205 -40.5
142.369 -8.05661 -40.5
142.334 -7.5195 -40.5
142.227 -5.90817 -40.5
142.022 -3.75973 -40.5
141.745 -1.6113 -40.5
141.428 0.537142 -40.5
141.121 2.68558 -40.5
140.756 4.83402 -40.5
140.353 6.98246 -40.5
140.186 7.74976 -40.5
139.874 9.13089 -40.5
139.414 11.2793 -40.5
138.903 13.4278 -40.5
138.339 15.5762 -40.5
138.037 16.6504 -40.5
137.725 17.7246 -40.5
137.102 19.8731 -40.5
136.409 22.0215 -40.5
135.889 23.6329 -40.5
135.715 24.17 -40.5
135.022 26.3184 -40.5
134.329 28.4668 -40.5
133.74 30.127 -40.5
133.567 30.6153 -40.5
132.805 32.7637 -40.5
132.042 34.9122 -40.5
131.592 36.0759 -40.5
131.211 37.0606 -40.5
130.379 39.209 -40.5
129.478 41.3575 -40.5
129.443 41.4401 -40.5
128.548 43.5059 -40.5
127.546 45.6543 -40.5
127.295 46.1915 -40.5
126.543 47.8028 -40.5
125.48 49.9512 -40.5
125.147 50.5958 -40.5
124.395 52.0997 -40.5
123.257 54.2481 -40.5
122.998 54.7181 -40.5
122.072 56.3965 -40.5
120.887 58.545 -40.5
120.85 58.6082 -40.5
119.627 60.6934 -40.5
118.701 62.1854 -40.5
118.279 62.8419 -40.5
116.898 64.9903 -40.5
116.553 65.4737 -40.5
115.363 67.1387 -40.5
114.404 68.4176 -40.5
113.702 69.2872 -40.5
112.256 70.9962 -40.5
111.869 71.4356 -40.5
110.107 73.3505 -40.5
109.884 73.584 -40.5
107.959 75.5087 -40.5
107.726 75.7325 -40.5
105.811 77.4264 -40.5
105.274 77.8809 -40.5
103.662 79.1939 -40.5
102.534 80.0294 -40.5
101.514 80.7853 -40.5
99.425 82.1778 -40.5
99.3653 82.2148 -40.5
97.2169 83.4002 -40.5
95.4265 84.3262 -40.5
95.0684 84.5053 -40.5
92.92 85.5079 -40.5
90.7715 86.3672 -40.5
90.503 86.4747 -40.5
88.6231 87.2266 -40.5
86.4747 88.0144 -40.5
84.6485 88.6231 -40.5
84.3262 88.7271 -40.5
82.1778 89.4201 -40.5
80.0294 90.0912 -40.5
77.8809 90.6676 -40.5
77.4781 90.7715 -40.5
75.7325 91.222 -40.5
73.584 91.7451 -40.5
71.4356 92.215 -40.5
69.2872 92.6774 -40.5
68.0339 92.92 -40.5
67.1387 93.0878 -40.5
64.9903 93.4398 -40.5
62.8419 93.8264 -40.5
60.6934 94.1621 -40.5
58.545 94.4977 -40.5
56.3965 94.7566 -40.5
54.2481 94.9645 -40.5
52.6368 95.0684 -40.5
52.0997 95.1031 -40.5
49.9512 95.1724 -40.5
47.8028 95.1724 -40.5
45.6543 95.1724 -40.5
43.5059 95.1724 -40.5
41.8946 95.0684 -40.5
41.3575 95.0338 -40.5
39.209 94.8334 -40.5
37.0606 94.632 -40.5
34.9122 94.2963 -40.5
32.7637 93.9606 -40.5
30.6153 93.6249 -40.5
28.4668 93.2319 -40.5
26.5332 92.92 -40.5
26.3184 92.8853 -40.5
24.17 92.4695 -40.5
22.0215 92.123 -40.5
19.8731 91.7765 -40.5
17.7246 91.4765 -40.5
15.5762 91.2079 -40.5
13.4278 90.9394 -40.5
11.6374 90.7715 -40.5
11.2793 90.7369 -40.5
9.13089 90.5366 -40.5
6.98246 90.3351 -40.5
4.83402 90.2009 -40.5
2.68558 90.0666 -40.5
0.537142 89.9995 -40.5
-1.6113 89.9995 -40.5
-3.75973 90.0228 -40.5
-5.90817 90.1337 -40.5
-8.05661 90.3351 -40.5
-10.205 90.5366 -40.5
-12.0849 90.7715 -40.5
-12.3535 90.8051 -40.5
-14.5019 91.0141 -40.5
-16.6504 91.3422 -40.5
-18.7988 91.7072 -40.5
-20.9472 92.123 -40.5
-23.0957 92.5388 -40.5
-25.0651 92.92 -40.5
-25.2441 92.9546 -40.5
-27.3926 93.3564 -40.5
-29.541 93.7592 -40.5
-31.6894 94.1328 -40.5
-33.8379 94.4306 -40.5
-35.9863 94.6992 -40.5
-38.1347 94.8952 -40.5
-40.2832 95.0338 -40.5
-41.3574 95.0684 -40.5
-42.4316 95.1031 -40.5
-44.5801 95.1031 -40.5
-45.6543 95.0684 -40.5
-46.7285 95.0326 -40.5
-48.8769 95.0326 -40.5
-49.9512 95.0684 -40.5
-51.0254 95.1031 -40.5
-52.0996 95.0684 -40.5
-53.1738 95.0338 -40.5
-55.3223 94.9677 -40.5
-57.4707 94.8952 -40.5
-59.6191 94.7663 -40.5
-61.7676 94.5649 -40.5
-63.916 94.2963 -40.5
-66.0644 94.0278 -40.5
-68.2129 93.6921 -40.5
-70.3613 93.3564 -40.5
-72.5098 92.9546 -40.5
-72.6888 92.92 -40.5
-74.6582 92.5388 -40.5
-76.8066 92.0808 -40.5
-78.9551 91.5436 -40.5
-81.1035 90.9448 -40.5
-81.7003 90.7715 -40.5
-83.252 90.3211 -40.5
-85.4004 89.5587 -40.5
-87.5488 88.7964 -40.5
-87.962 88.6231 -40.5
-89.6973 87.8712 -40.5
-91.8457 86.8821 -40.5
-92.6335 86.4747 -40.5
-93.9941 85.7709 -40.5
-96.1426 84.5181 -40.5
-96.441 84.3262 -40.5
-98.291 83.1369 -40.5
-99.7045 82.1778 -40.5
-100.439 81.6407 -40.5
-102.534 80.0294 -40.5
-102.588 79.9864 -40.5
-104.736 78.0958 -40.5
-104.97 77.8809 -40.5
-106.885 76.1192 -40.5
-107.288 75.7325 -40.5
-109.033 73.9869 -40.5
-109.42 73.584 -40.5
-111.182 71.6691 -40.5
-111.388 71.4356 -40.5
-113.206 69.2872 -40.5
-113.33 69.1407 -40.5
-114.961 67.1387 -40.5
-115.479 66.4737 -40.5
-116.632 64.9903 -40.5
-117.627 63.6475 -40.5
-118.202 62.8419 -40.5
-119.66 60.6934 -40.5
-119.775 60.5238 -40.5
-121.118 58.545 -40.5
-121.924 57.218 -40.5
-122.423 56.3965 -40.5
-123.665 54.2481 -40.5
-124.072 53.4603 -40.5
-124.776 52.0997 -40.5
-125.887 49.9512 -40.5
-126.221 49.2607 -40.5
-126.879 47.8028 -40.5
-127.832 45.6543 -40.5
-128.369 44.4149 -40.5
-128.75 43.5059 -40.5
-129.582 41.3575 -40.5
-130.41 39.209 -40.5
-130.518 38.9405 -40.5
-131.245 37.0606 -40.5
-131.938 34.9122 -40.5
-132.666 32.8614 -40.5
-132.7 32.7637 -40.5
-133.371 30.6153 -40.5
-133.975 28.4668 -40.5
-134.641 26.3184 -40.5
-134.814 25.7216 -40.5
-135.251 24.17 -40.5
-135.819 22.0215 -40.5
-136.392 19.8731 -40.5
-136.963 17.844 -40.5
-136.996 17.7246 -40.5
-137.534 15.5762 -40.5
-138.037 13.4278 -40.5
-138.541 11.2793 -40.5
-139.077 9.13089 -40.5
-139.111 8.97743 -40.5
-139.548 6.98246 -40.5
-140.018 4.83402 -40.5
-140.488 2.68558 -40.5
-140.948 0.537142 -40.5
-141.26 -0.843997 -40.5
-141.428 -1.6113 -40.5
-141.849 -3.75973 -40.5
-142.265 -5.90817 -40.5
-142.636 -8.05661 -40.5
-143.027 -10.205 -40.5
-143.304 -12.3535 -40.5
-143.408 -13.1592 -40.5
-143.581 -14.5019 -40.5
-143.789 -16.6504 -40.5
-143.997 -18.7988 -40.5
-144.205 -20.9472 -40.5
-144.382 -23.0957 -40.5
-144.449 -25.2441 -40.5
-144.482 -27.3926 -40.5
-144.449 -29.541 -40.5
-144.382 -31.6894 -40.5
-144.205 -33.8379 -40.5
-144.067 -35.9863 -40.5
-143.859 -38.1347 -40.5
-143.651 -40.2832 -40.5
-143.408 -42.1631 -40.5
-143.374 -42.4316 -40.5
-143.096 -44.5801 -40.5
-142.703 -46.7285 -40.5
-142.233 -48.8769 -40.5
-141.641 -51.0254 -40.5
-141.26 -52.3383 -40.5
-141.017 -53.1738 -40.5
-140.286 -55.3223 -40.5
-139.548 -57.4707 -40.5
-139.111 -58.6344 -40.5
-138.717 -59.6191 -40.5
-137.858 -61.7676 -40.5
-136.963 -63.8334 -40.5
-136.927 -63.916 -40.5
-135.958 -66.0644 -40.5
-134.922 -68.2129 -40.5
-134.814 -68.4143 -40.5
-133.776 -70.3613 -40.5
-132.666 -72.2114 -40.5
-132.481 -72.5098 -40.5
-131.093 -74.6582 -40.5
-130.518 -75.5063 -40.5
-129.603 -76.8066 -40.5
-128.369 -78.3924 -40.5
-127.932 -78.9551 -40.5
-126.221 -81.0547 -40.5
-126.179 -81.1035 -40.5
-124.361 -83.252 -40.5
-124.072 -83.5789 -40.5
-122.327 -85.4004 -40.5
-121.924 -85.8032 -40.5
-120.178 -87.5488 -40.5
-119.775 -87.9207 -40.5
-117.767 -89.6973 -40.5
-117.627 -89.8166 -40.5
-115.479 -91.5565 -40.5
-115.12 -91.8457 -40.5
-113.33 -93.2382 -40.5
-112.358 -93.9941 -40.5
-111.182 -94.9092 -40.5
-109.429 -96.1426 -40.5
-109.033 -96.4211 -40.5
-106.885 -97.8534 -40.5
-106.228 -98.291 -40.5
-104.736 -99.2501 -40.5
-102.777 -100.439 -40.5
-102.588 -100.555 -40.5
-100.439 -101.81 -40.5
-99.0295 -102.588 -40.5
-98.291 -102.995 -40.5
-96.1426 -104.107 -40.5
-94.9251 -104.736 -40.5
-93.9941 -105.202 -40.5
-91.8457 -106.204 -40.5
-90.2757 -106.885 -40.5
-89.6973 -107.127 -40.5
-87.5488 -107.993 -40.5
-85.4004 -108.791 -40.5
-84.7168 -109.033 -40.5
-83.252 -109.553 -40.5
-81.1035 -110.275 -40.5
-78.9551 -110.939 -40.5
-78.2031 -111.182 -40.5
-76.8066 -111.618 -40.5
-74.6582 -112.155 -40.5
-72.5098 -112.692 -40.5
-70.3613 -113.226 -40.5
-69.9009 -113.33 -40.5
-68.2129 -113.699 -40.5
-66.0644 -114.102 -40.5
-63.916 -114.505 -40.5
-61.7676 -114.841 -40.5
-59.6191 -115.109 -40.5
-57.4707 -115.444 -40.5
-57.1126 -115.479 -40.5
-55.3223 -115.646 -40.5
-53.1738 -115.86 -40.5
-51.0254 -116.116 -40.5
-48.8769 -116.318 -40.5
-46.7285 -116.586 -40.5
-44.5801 -116.788 -40.5
-42.4316 -116.943 -40.5
-40.2832 -117.074 -40.5
-38.1347 -117.204 -40.5
-35.9863 -117.216 -40.5
-33.8379 -117.269 -40.5
-31.6894 -117.334 -40.5
-29.541 -117.334 -40.5
-27.3926 -117.334 -40.5
-25.2441 -117.334 -40.5
-23.0957 -117.343 -40.5
-20.9472 -117.399 -40.5
-18.7988 -117.459 -40.5
-16.6504 -117.526 -40.5
-14.5019 -117.593 -40.5
-13.4277 -117.627 -40.5
-12.3535 -117.661 -40.5
-10.205 -117.662 -40.5
-8.05661 -117.728 -40.5
-5.90817 -117.731 -40.5
-3.75973 -117.8 -40.5
-1.6113 -117.806 -40.5
0.537142 -117.939 -40.5
2.68558 -118.077 -40.5
4.83402 -118.285 -40.5
6.98246 -118.533 -40.5
9.13089 -118.802 -40.5
11.2793 -119.003 -40.5
13.4278 -119.272 -40.5
15.5762 -119.473 -40.5
17.7246 -119.602 -40.5
19.8731 -119.741 -40.5
20.9473 -119.775 -40.5
