-55.3223 -111.216 44.5
-53.1738 -111.424 44.5
-51.0254 -111.563 44.5
-48.8769 -111.771 44.5
-46.7285 -111.909 44.5
-44.5801 -112.048 44.5
-42.4316 -112.187 44.5
-40.2832 -112.289 44.5
-38.1347 -112.357 44.5
-35.9863 -112.424 44.5
-33.8379 -112.491 44.5
-31.6894 -112.533 44.5
-29.541 -112.533 44.5
-27.3926 -112.533 44.5
-25.2441 -112.533 44.5
-23.0957 -112.424 44.5
-20.9472 -112.289 44.5
-18.7988 -112.155 44.5
-16.6504 -111.979 44.5
-14.5019 -111.819 44.5
-12.3535 -111.632 44.5
-10.205 -111.424 44.5
-8.05661 -111.286 44.5
-6.44528 -111.182 44.5
-5.90817 -111.147 44.5
-3.75973 -111.074 44.5
-1.6113 -111.008 44.5
0.537142 -111.074 44.5
2.68558 -111.147 44.5
3.04365 -111.182 44.5
4.83402 -111.349 44.5
6.98246 -111.494 44.5
9.13089 -111.701 44.5
11.2793 -111.954 44.5
13.4278 -112.155 44.5
15.5762 -112.394 44.5
17.7246 -112.558 44.5
19.8731 -112.741 44.5
22.0215 -112.88 44.5
24.17 -112.949 44.5
26.3184 -113.018 44.5
28.4668 -112.961 44.5
30.6153 -112.949 44.5
32.7637 -112.827 44.5
34.9122 -112.692 44.5
37.0606 -112.533 44.5
39.209 -112.325 44.5
41.3575 -112.155 44.5
43.5059 -111.954 44.5
45.6543 -111.701 44.5
47.8028 -111.484 44.5
49.9512 -111.215 44.5
50.1661 -111.182 44.5
52.0997 -110.87 44.5
54.2481 -110.523 44.5
56.3965 -110.177 44.5
58.545 -109.805 44.5
60.6934 -109.402 44.5
62.3815 -109.033 44.5
62.8419 -108.929 44.5
64.9903 -108.513 44.5
67.1387 -107.993 44.5
69.2872 -107.474 44.5
71.4356 -106.918 44.5
71.555 -106.885 44.5
73.584 -106.296 44.5
75.7325 -105.672 44.5
77.8809 -105.048 44.5
78.8477 -104.736 44.5
80.0294 -104.355 44.5
82.1778 -103.593 44.5
84.3262 -102.83 44.5
85.0098 -102.588 44.5
86.4747 -102.051 44.5
88.6231 -101.167 44.5
90.2344 -100.439 44.5
90.7715 -100.18 44.5
92.92 -99.143 44.5
94.5671 -98.291 44.5
95.0684 -98.0317 44.5
97.2169 -96.8464 44.5
98.4925 -96.1426 44.5
99.3653 -95.6438 44.5
101.514 -94.3394 44.5
102.051 -93.9941 44.5
103.662 -92.9583 44.5
105.302 -91.8457 44.5
105.811 -91.4876 44.5
107.959 -89.9758 44.5
108.335 -89.6973 44.5
110.107 -88.3338 44.5
111.079 -87.5488 44.5
112.256 -86.5986 44.5
113.672 -85.4004 44.5
114.404 -84.7559 44.5
116.039 -83.252 44.5
116.553 -82.7793 44.5
118.298 -81.1035 44.5
118.701 -80.7007 44.5
120.447 -78.9551 44.5
120.85 -78.5347 44.5
122.44 -76.8066 44.5
122.998 -76.1719 44.5
124.279 -74.6582 44.5
125.147 -73.6328 44.5
126.062 -72.5098 44.5
127.295 -70.8447 44.5
127.653 -70.3613 44.5
129.098 -68.2129 44.5
129.443 -67.6758 44.5
130.444 -66.0644 44.5
131.592 -64.1056 44.5
131.703 -63.916 44.5
132.917 -61.7676 44.5
133.74 -60.2234 44.5
134.063 -59.6191 44.5
135.137 -57.4707 44.5
135.889 -55.8594 44.5
136.139 -55.3223 44.5
137.102 -53.1738 44.5
138.037 -51.1021 44.5
138.072 -51.0254 44.5
138.944 -48.8769 44.5
139.804 -46.7285 44.5
140.186 -45.8195 44.5
140.705 -44.5801 44.5
141.606 -42.4316 44.5
142.334 -40.8203 44.5
142.585 -40.2832 44.5
143.631 -38.1347 44.5
144.483 -36.6814 44.5
144.92 -35.9863 44.5
146.416 -33.8379 44.5
146.631 -33.5821 44.5
148.618 -31.6894 44.5
148.779 -31.5655 44.5
150.928 -30.393 44.5
153.076 -29.72 44.5
154.419 -29.541 44.5
155.225 -29.4403 44.5
157.373 -29.5074 44.5
157.731 -29.541 44.5
159.522 -29.7038 44.5
161.67 -30.0781 44.5
163.818 -30.5204 44.5
165.967 -30.9835 44.5
168.115 -31.4683 44.5
169.19 -31.6894 44.5
170.264 -31.9043 44.5
172.412 -32.334 44.5
174.561 -32.7023 44.5
176.709 -33.0706 44.5
178.858 -33.3903 44.5
181.006 -33.6844 44.5
182.08 -33.8379 44.5
183.154 -33.9871 44.5
185.303 -34.1755 44.5
187.451 -34.2983 44.5
189.6 -34.3596 44.5
191.748 -34.2983 44.5
193.897 -34.1854 44.5
196.045 -33.9327 44.5
196.69 -33.8379 44.5
198.193 -33.61 44.5
200.342 -33.0892 44.5
202.49 -32.373 44.5
203.994 -31.6894 44.5
204.639 -31.3873 44.5
206.787 -30.1497 44.5
207.657 -29.541 44.5
208.936 -28.5819 44.5
210.323 -27.3926 44.5
211.084 -26.6317 44.5
212.365 -25.2441 44.5
213.233 -24.1699 44.5
214.068 -23.0957 44.5
215.381 -21.2299 44.5
215.573 -20.9472 44.5
216.877 -18.7988 44.5
217.529 -17.6574 44.5
218.105 -16.6504 44.5
219.179 -14.5019 44.5
219.678 -13.5044 44.5
220.253 -12.3535 44.5
221.251 -10.205 44.5
221.826 -8.96557 44.5
222.234 -8.05661 44.5
223.123 -5.90817 44.5
223.975 -4.00763 44.5
224.086 -3.75973 44.5
225.085 -1.6113 44.5
226.016 0.537142 44.5
226.123 0.785038 44.5
226.895 2.68558 44.5
227.634 4.83402 44.5
228.272 6.87503 44.5
228.303 6.98246 44.5
228.793 9.13089 44.5
229.1 11.2793 44.5
229.256 13.4278 44.5
229.316 15.5762 44.5
229.197 17.7246 44.5
228.978 19.8731 44.5
228.682 22.0215 44.5
228.303 24.17 44.5
228.272 24.3234 44.5
227.861 26.3184 44.5
227.229 28.4668 44.5
226.481 30.6153 44.5
226.123 31.4593 44.5
225.57 32.7637 44.5
224.411 34.9122 44.5
223.975 35.6104 44.5
223.008 37.0606 44.5
221.826 38.6019 44.5
221.345 39.209 44.5
219.678 41.1426 44.5
219.471 41.3575 44.5
217.529 43.2274 44.5
217.229 43.5059 44.5
215.381 45.1556 44.5
214.774 45.6543 44.5
213.233 46.9204 44.5
212.056 47.8028 44.5
211.084 48.4831 44.5
208.936 49.8438 44.5
208.734 49.9512 44.5
206.787 50.9247 44.5
204.639 51.9318 44.5
204.191 52.0997 44.5
202.49 52.7181 44.5
200.342 53.395 44.5
198.193 53.9637 44.5
196.812 54.2481 44.5
196.045 54.4061 44.5
193.897 54.7852 44.5
191.748 55.038 44.5
189.6 55.2275 44.5
187.451 55.2275 44.5
185.303 55.1012 44.5
183.154 54.8666 44.5
181.006 54.5411 44.5
179.395 54.2481 44.5
178.858 54.1441 44.5
176.709 53.659 44.5
174.561 53.2074 44.5
172.412 52.7375 44.5
170.264 52.2675 44.5
169.369 52.0997 44.5
168.115 51.8647 44.5
165.967 51.5106 44.5
163.818 51.2604 44.5
161.67 51.164 44.5
159.522 51.2334 44.5
157.373 51.6181 44.5
156.104 52.0997 44.5
155.225 52.4577 44.5
153.076 53.7557 44.5
152.485 54.2481 44.5
150.928 55.8057 44.5
150.455 56.3965 44.5
148.903 58.545 44.5
148.779 58.7464 44.5
147.667 60.6934 44.5
146.631 62.627 44.5
146.516 62.8419 44.5
145.365 64.9903 44.5
144.483 66.6374 44.5
144.214 67.1387 44.5
143.038 69.2872 44.5
142.334 70.4878 44.5
141.737 71.4356 44.5
140.305 73.584 44.5
140.186 73.7537 44.5
138.74 75.7325 44.5
138.037 76.6021 44.5
136.963 77.8809 44.5
135.889 79.0485 44.5
134.908 80.0294 44.5
133.74 81.1036 44.5
132.461 82.1778 44.5
131.592 82.8542 44.5
129.605 84.3262 44.5
129.443 84.4374 44.5
127.295 85.7457 44.5
126.019 86.4747 44.5
125.147 86.9402 44.5
122.998 87.9428 44.5
121.428 88.6231 44.5
120.85 88.8657 44.5
118.701 89.6973 44.5
116.553 90.3904 44.5
115.371 90.7715 44.5
114.404 91.0834 44.5
112.256 91.7072 44.5
110.107 92.3309 44.5
107.959 92.816 44.5
107.556 92.92 44.5
105.811 93.3564 44.5
103.662 93.8264 44.5
101.514 94.2292 44.5
99.3653 94.6179 44.5
97.2169 95.0326 44.5
96.9483 95.0684 44.5
95.0684 95.3191 44.5
92.92 95.6771 44.5
90.7715 95.9945 44.5
88.6231 96.2577 44.5
86.4747 96.6201 44.5
84.3262 97.0179 44.5
83.252 97.2169 44.5
82.1778 97.4021 44.5
80.0294 97.7923 44.5
77.8809 98.217 44.5
75.7325 98.6133 44.5
73.584 99.043 44.5
71.9727 99.3653 44.5
71.4356 99.4727 44.5
69.2872 99.8851 44.5
67.1387 100.205 44.5
64.9903 100.44 44.5
62.8419 100.607 44.5
60.6934 100.7 44.5
58.545 100.765 44.5
56.3965 100.765 44.5
54.2481 100.765 44.5
52.0997 100.765 44.5
49.9512 100.765 44.5
47.8028 100.7 44.5
45.6543 100.675 44.5
43.5059 100.57 44.5
41.3575 100.473 44.5
39.209 100.272 44.5
37.0606 99.936 44.5
34.9122 99.5386 44.5
34.017 99.3653 44.5
32.7637 99.1146 44.5
30.6153 98.7566 44.5
28.4668 98.3985 44.5
26.3184 98.217 44.5
24.17 98.0404 44.5
22.0215 97.8466 44.5
19.8731 97.6389 44.5
17.7246 97.3362 44.5
16.919 97.2169 44.5
15.5762 97.0179 44.5
13.4278 96.6996 44.5
11.2793 96.3814 44.5
9.13089 96.184 44.5
6.98246 96.0187 44.5
4.83402 95.9361 44.5
2.68558 95.8534 44.5
0.537142 95.7708 44.5
-1.6113 95.7708 44.5
-3.75973 95.8534 44.5
-5.90817 95.8534 44.5
-8.05661 95.9361 44.5
-10.205 96.1013 44.5
-12.3535 96.2666 44.5
-14.5019 96.5405 44.5
-16.6504 96.8588 44.5
-18.584 97.2169 44.5
-18.7988 97.2566 44.5
-20.9472 97.6389 44.5
-23.0957 97.9947 44.5
-25.2441 98.3269 44.5
-27.3926 98.685 44.5
-29.541 99.1227 44.5
-30.7942 99.3653 44.5
-31.6894 99.5386 44.5
-33.8379 99.936 44.5
-35.9863 100.272 44.5
-38.1347 100.44 44.5
-40.2832 100.57 44.5
-42.4316 100.635 44.5
-44.5801 100.7 44.5
-46.7285 100.7 44.5
-48.8769 100.7 44.5
-51.0254 100.661 44.5
-53.1738 100.661 44.5
-55.3223 100.635 44.5
-57.4707 100.635 44.5
-59.6191 100.57 44.5
-61.7676 100.505 44.5
-63.916 100.406 44.5
-66.0644 100.205 44.5
-68.2129 99.936 44.5
-70.3613 99.6003 44.5
-71.4355 99.3653 44.5
-72.5098 99.1303 44.5
-74.6582 98.6603 44.5
-76.8066 98.1525 44.5
-78.9551 97.7204 44.5
-81.1035 97.2515 44.5
-81.2825 97.2169 44.5
-83.252 96.8357 44.5
-85.4004 96.3776 44.5
-87.5488 95.9748 44.5
-89.6973 95.5882 44.5
-91.8457 95.1724 44.5
-92.4902 95.0684 44.5
-93.9941 94.8259 44.5
-96.1426 94.41 44.5
-98.291 93.9606 44.5
-100.439 93.4907 44.5
-102.588 93.0239 44.5
-102.991 92.92 44.5
-104.736 92.4695 44.5
-106.885 91.9844 44.5
-109.033 91.3606 44.5
-111.062 90.7715 44.5
-111.182 90.7369 44.5
-113.33 90.0912 44.5
-115.479 89.3508 44.5
-117.627 88.6578 44.5
-117.716 88.6231 44.5
-119.775 87.7995 44.5
-121.924 86.9252 44.5
-122.921 86.4747 44.5
-124.072 85.919 44.5
-126.221 84.7482 44.5
-126.916 84.3262 44.5
-128.369 83.376 44.5
-129.853 82.1778 44.5
-130.518 81.5959 44.5
-132.152 80.0294 44.5
-132.666 79.4385 44.5
-133.864 77.8809 44.5
-134.814 76.4276 44.5
-135.236 75.7325 44.5
-136.407 73.584 44.5
-136.963 72.4331 44.5
-137.428 71.4356 44.5
-138.288 69.2872 44.5
-139.007 67.1387 44.5
-139.111 66.8165 44.5
-139.7 64.9903 44.5
-140.393 62.8419 44.5
-141.009 60.6934 44.5
-141.26 59.8579 44.5
-141.654 58.545 44.5
-142.334 56.3965 44.5
-143.075 54.2481 44.5
-143.408 53.4424 44.5
-143.984 52.0997 44.5
-145.039 49.9512 44.5
-145.557 49.1298 44.5
-146.424 47.8028 44.5
-147.705 46.1377 44.5
-148.145 45.6543 44.5
-149.854 44.0878 44.5
-150.675 43.5059 44.5
-152.002 42.6704 44.5
-154.15 41.839 44.5
-156.299 41.4614 44.5
-158.447 41.4551 44.5
-160.596 41.6418 44.5
-162.744 41.9578 44.5
-164.893 42.3369 44.5
-167.041 42.716 44.5
-169.189 43.0695 44.5
-171.338 43.3326 44.5
-173.486 43.4675 44.5
-175.635 43.4611 44.5
-177.783 43.1478 44.5
-179.932 42.6844 44.5
-182.08 42.048 44.5
-183.691 41.3575 44.5
-184.229 40.9546 44.5
-186.377 39.3881 44.5
-186.646 39.209 44.5
-187.988 37.0606 44.5
-188.346 34.9122 44.5
-188.346 32.7637 44.5
-188.346 30.6153 44.5
-187.988 28.4668 44.5
-187.63 26.3184 44.5
-187.272 24.17 44.5
-186.592 22.0215 44.5
-186.377 20.9473 44.5
-186.162 19.8731 44.5
-185.732 17.7246 44.5
-184.873 15.5762 44.5
-184.229 13.9649 44.5
-184.05 13.4278 44.5
-183.584 11.2793 44.5
-183.154 9.13089 44.5
-182.295 6.98246 44.5
-182.08 5.90824 44.5
-181.901 4.83402 44.5
-181.436 2.68558 44.5
-180.827 0.537142 44.5
-180.469 -1.6113 44.5
-179.932 -3.22263 44.5
-179.753 -3.75973 44.5
-179.164 -5.90817 44.5
-178.678 -8.05661 44.5
-177.962 -10.205 44.5
-177.783 -10.7422 44.5
-177.323 -12.3535 44.5
-176.888 -14.5019 44.5
-176.095 -16.6504 44.5
-175.635 -18.2617 44.5
-175.481 -18.7988 44.5
-174.561 -20.9472 44.5
-173.665 -23.0957 44.5
-173.486 -23.4538 44.5
-172.719 -25.2441 44.5
-171.338 -27.1777 44.5
-171.184 -27.3926 44.5
-169.189 -29.1382 44.5
-168.729 -29.541 44.5
-167.041 -30.4499 44.5
-164.893 -31.4746 44.5
-164.432 -31.6894 44.5
-162.744 -32.2521 44.5
-160.596 -32.8979 44.5
-158.447 -33.4002 44.5
-156.478 -33.8379 44.5
-156.299 -33.8749 44.5
-154.15 -34.4676 44.5
-152.002 -35.2304 44.5
-150.641 -35.9863 44.5
-149.854 -36.4787 44.5
-148.047 -38.1347 44.5
-147.705 -38.4928 44.5
-146.313 -40.2832 44.5
-145.557 -41.4171 44.5
-144.904 -42.4316 44.5
-143.668 -44.5801 44.5
-143.408 -45.05 44.5
-142.482 -46.7285 44.5
-141.367 -48.8769 44.5
-141.26 -49.0784 44.5
-140.186 -51.0254 44.5
-139.111 -53.1022 44.5
-139.074 -53.1738 44.5
-137.93 -55.3223 44.5
-136.963 -57.135 44.5
-136.771 -57.4707 44.5
-135.543 -59.6191 44.5
-134.814 -60.8197 44.5
-134.239 -61.7676 44.5
-132.935 -63.916 44.5
-132.666 -64.3118 44.5
-131.477 -66.0644 44.5
-130.518 -67.4779 44.5
-130.019 -68.2129 44.5
-128.561 -70.3613 44.5
-128.369 -70.6299 44.5
-126.923 -72.5098 44.5
-126.221 -73.3794 44.5
-125.226 -74.6582 44.5
-124.072 -76.0742 44.5
-123.428 -76.8066 44.5
-121.924 -78.4413 44.5
-121.451 -78.9551 44.5
-119.775 -80.7766 44.5
-119.462 -81.1035 44.5
-117.627 -82.9386 44.5
-117.3 -83.252 44.5
-115.479 -84.9277 44.5
-114.941 -85.4004 44.5
-113.33 -86.8184 44.5
-112.46 -87.5488 44.5
-111.182 -88.5817 44.5
-109.801 -89.6973 44.5
-109.033 -90.2941 44.5
-106.938 -91.8457 44.5
-106.885 -91.8855 44.5
-104.736 -93.3974 44.5
-103.841 -93.9941 44.5
-102.588 -94.7998 44.5
-100.499 -96.1426 44.5
-100.439 -96.1809 44.5
-98.291 -97.4854 44.5
-96.964 -98.291 44.5
-96.1426 -98.7726 44.5
-93.9941 -99.9407 44.5
-93.0632 -100.439 44.5
-91.8457 -101.069 44.5
-89.6973 -102.18 44.5
-88.7883 -102.588 44.5
-87.5488 -103.125 44.5
-85.4004 -104.056 44.5
-83.8304 -104.736 44.5
-83.252 -104.979 44.5
-81.1035 -105.741 44.5
-78.9551 -106.434 44.5
-77.5586 -106.885 44.5
-76.8066 -107.127 44.5
-74.6582 -107.751 44.5
-72.5098 -108.281 44.5
-70.3613 -108.783 44.5
-69.1081 -109.033 44.5
-68.2129 -109.206 44.5
-66.0644 -109.622 44.5
-63.916 -109.969 44.5
-61.7676 -110.315 44.5
-59.6191 -110.662 44.5
-57.4707 -110.931 44.5
-55.5908 -111.182 44.5
