15.5762 -119.809 -33
17.7246 -120.01 -33
19.8731 -120.157 -33
22.0215 -120.364 -33
24.17 -120.503 -33
26.3184 -120.682 -33
28.4668 -120.816 -33
30.6153 -120.883 -33
32.7637 -120.95 -33
34.9122 -120.98 -33
37.0606 -120.98 -33
39.209 -120.883 -33
41.3575 -120.785 -33
43.5059 -120.615 -33
45.6543 -120.364 -33
47.8028 -120.145 -33
49.9512 -119.876 -33
50.5958 -119.775 -33
52.0997 -119.533 -33
54.2481 -119.186 -33
56.3965 -118.802 -33
58.545 -118.332 -33
60.6934 -117.87 -33
61.7676 -117.627 -33
62.8419 -117.384 -33
64.9903 -116.83 -33
67.1387 -116.276 -33
69.2872 -115.714 -33
70.1227 -115.479 -33
71.4356 -115.097 -33
73.584 -114.438 -33
75.7325 -113.711 -33
76.8067 -113.33 -33
77.8809 -112.949 -33
80.0294 -112.117 -33
82.1778 -111.286 -33
82.408 -111.182 -33
84.3262 -110.286 -33
86.4747 -109.355 -33
87.1652 -109.033 -33
88.6231 -108.329 -33
90.7715 -107.279 -33
91.5593 -106.885 -33
92.92 -106.181 -33
95.0684 -105.07 -33
95.6727 -104.736 -33
97.2169 -103.884 -33
99.3653 -102.626 -33
99.4285 -102.588 -33
101.514 -101.322 -33
102.886 -100.439 -33
103.662 -99.9222 -33
105.811 -98.4899 -33
106.079 -98.291 -33
107.959 -96.8985 -33
108.98 -96.1426 -33
110.107 -95.2749 -33
111.621 -93.9941 -33
112.256 -93.457 -33
114.16 -91.8457 -33
114.404 -91.6309 -33
116.506 -89.6973 -33
116.553 -89.6525 -33
118.656 -87.5488 -33
118.701 -87.5041 -33
120.721 -85.4004 -33
120.85 -85.2603 -33
122.697 -83.252 -33
122.998 -82.9102 -33
124.527 -81.1035 -33
125.147 -80.3362 -33
126.221 -78.9551 -33
127.295 -77.5739 -33
127.87 -76.8066 -33
129.328 -74.6582 -33
129.443 -74.4792 -33
130.666 -72.5098 -33
131.592 -70.93 -33
131.925 -70.3613 -33
133.111 -68.2129 -33
133.74 -66.9954 -33
134.206 -66.0644 -33
135.208 -63.916 -33
135.889 -62.346 -33
136.139 -61.7676 -33
136.999 -59.6191 -33
137.795 -57.4707 -33
138.037 -56.7871 -33
138.557 -55.3223 -33
139.212 -53.1738 -33
139.804 -51.0254 -33
140.186 -49.5483 -33
140.353 -48.8769 -33
140.823 -46.7285 -33
141.293 -44.5801 -33
141.676 -42.4316 -33
141.965 -40.2832 -33
142.23 -38.1347 -33
142.334 -36.5234 -33
142.369 -35.9863 -33
142.507 -33.8379 -33
142.577 -31.6894 -33
142.585 -29.541 -33
142.585 -27.3926 -33
142.585 -25.2441 -33
142.577 -23.0957 -33
142.513 -20.9472 -33
142.441 -18.7988 -33
142.441 -16.6504 -33
142.438 -14.5019 -33
142.369 -12.3535 -33
142.334 -11.2793 -33
142.3 -10.205 -33
142.233 -8.05661 -33
142.099 -5.90817 -33
141.911 -3.75973 -33
141.716 -1.6113 -33
141.455 0.537142 -33
141.195 2.68558 -33
140.891 4.83402 -33
140.555 6.98246 -33
140.186 8.95186 -33
140.151 9.13089 -33
139.749 11.2793 -33
139.346 13.4278 -33
138.876 15.5762 -33
138.406 17.7246 -33
138.037 19.2017 -33
137.864 19.8731 -33
137.309 22.0215 -33
136.728 24.17 -33
136.131 26.3184 -33
135.889 27.0704 -33
135.452 28.4668 -33
134.781 30.6153 -33
134.052 32.7637 -33
133.74 33.6426 -33
133.29 34.9122 -33
132.458 37.0606 -33
131.627 39.209 -33
131.592 39.2917 -33
130.726 41.3575 -33
129.825 43.5059 -33
129.443 44.4149 -33
128.906 45.6543 -33
127.953 47.8028 -33
127.295 49.2607 -33
126.973 49.9512 -33
125.899 52.0997 -33
125.147 53.711 -33
124.887 54.2481 -33
123.75 56.3965 -33
122.998 57.8064 -33
122.591 58.545 -33
121.405 60.6934 -33
120.85 61.6413 -33
120.121 62.8419 -33
118.74 64.9903 -33
118.701 65.05 -33
117.358 67.1387 -33
116.553 68.2667 -33
115.797 69.2872 -33
114.404 71.167 -33
114.19 71.4356 -33
112.299 73.584 -33
112.256 73.6307 -33
110.322 75.7325 -33
110.107 75.9473 -33
108.006 77.8809 -33
107.959 77.9222 -33
105.811 79.7401 -33
105.435 80.0294 -33
103.662 81.3423 -33
102.475 82.1778 -33
101.514 82.83 -33
99.3653 84.1344 -33
99.0296 84.3262 -33
97.2169 85.3264 -33
95.0684 86.4376 -33
94.9858 86.4747 -33
92.92 87.3699 -33
90.7715 88.2292 -33
89.6973 88.6231 -33
88.6231 89.017 -33
86.4747 89.7666 -33
84.3262 90.4493 -33
83.252 90.7715 -33
82.1778 91.0737 -33
80.0294 91.5685 -33
77.8809 92.0537 -33
75.7325 92.4695 -33
73.584 92.816 -33
72.9395 92.92 -33
71.4356 93.155 -33
69.2872 93.3705 -33
67.1387 93.6477 -33
64.9903 93.9249 -33
62.8419 94.1621 -33
60.6934 94.4793 -33
58.545 94.6992 -33
56.3965 94.9645 -33
54.7852 95.0684 -33
54.2481 95.1031 -33
52.0997 95.3034 -33
49.9512 95.3803 -33
47.8028 95.4496 -33
45.6543 95.5189 -33
43.5059 95.4496 -33
41.3575 95.4496 -33
39.209 95.311 -33
37.0606 95.1031 -33
36.7025 95.0684 -33
34.9122 94.8952 -33
32.7637 94.632 -33
30.6153 94.3407 -33
28.4668 93.9942 -33
26.3184 93.6921 -33
24.17 93.3012 -33
22.0215 93.0207 -33
21.377 92.92 -33
19.8731 92.685 -33
17.7246 92.4002 -33
15.5762 92.0808 -33
13.4278 91.8122 -33
11.2793 91.5685 -33
9.13089 91.3606 -33
6.98246 91.222 -33
4.83402 91.0938 -33
2.68558 91.0834 -33
0.537142 91.0222 -33
-1.6113 91.0222 -33
-3.75973 91.0834 -33
-5.90817 91.1527 -33
-8.05661 91.222 -33
-10.205 91.4299 -33
-12.3535 91.7072 -33
-14.5019 91.9844 -33
-16.6504 92.2822 -33
-18.7988 92.6774 -33
-20.3027 92.92 -33
-20.9472 93.0207 -33
-23.0957 93.3564 -33
-25.2441 93.717 -33
-27.3926 94.0949 -33
-29.541 94.41 -33
-31.6894 94.6873 -33
-33.8379 94.8952 -33
-35.9863 95.0338 -33
-36.5234 95.0684 -33
-38.1347 95.1724 -33
-40.2832 95.2417 -33
-42.4316 95.2475 -33
-44.5801 95.2475 -33
-46.7285 95.2475 -33
-48.8769 95.2475 -33
-51.0254 95.2475 -33
-53.1738 95.2475 -33
-55.3223 95.2417 -33
-57.4707 95.1042 -33
-58.5449 95.0684 -33
-59.6191 95.0338 -33
-61.7676 94.9006 -33
-63.916 94.7566 -33
-66.0644 94.4977 -33
-68.2129 94.1621 -33
-70.3613 93.8935 -33
-72.5098 93.4907 -33
-74.6582 93.0878 -33
-75.4255 92.92 -33
-76.8066 92.6081 -33
-78.9551 92.0808 -33
-81.1035 91.5436 -33
-83.252 90.8755 -33
-83.5742 90.7715 -33
-85.4004 90.1825 -33
-87.5488 89.4894 -33
-89.6973 88.7271 -33
-89.9452 88.6231 -33
-91.8457 87.7995 -33
-93.9941 86.8686 -33
-94.7819 86.4747 -33
-96.1426 85.7709 -33
-98.291 84.5855 -33
-98.7088 84.3262 -33
-100.439 83.2136 -33
-101.89 82.1778 -33
-102.588 81.6606 -33
-104.685 80.0294 -33
-104.736 79.9864 -33
-106.885 78.0958 -33
-107.118 77.8809 -33
-109.033 76.0458 -33
-109.347 75.7325 -33
-111.182 73.8176 -33
-111.388 73.584 -33
-113.206 71.4356 -33
-113.33 71.2891 -33
-115.024 69.2872 -33
-115.479 68.6963 -33
-116.632 67.1387 -33
-117.627 65.796 -33
-118.224 64.9903 -33
-119.736 62.8419 -33
-119.775 62.7822 -33
-121.118 60.6934 -33
-121.924 59.3664 -33
-122.405 58.545 -33
-123.591 56.3965 -33
-124.072 55.5237 -33
-124.753 54.2481 -33
-125.813 52.0997 -33
-126.221 51.2556 -33
-126.829 49.9512 -33
-127.78 47.8028 -33
-128.369 46.398 -33
-128.681 45.6543 -33
-129.513 43.5059 -33
-130.275 41.3575 -33
-130.518 40.6739 -33
-131.021 39.209 -33
-131.661 37.0606 -33
-132.297 34.9122 -33
-132.666 33.7305 -33
-132.968 32.7637 -33
-133.572 30.6153 -33
-134.156 28.4668 -33
-134.78 26.3184 -33
-134.814 26.199 -33
-135.385 24.17 -33
-135.922 22.0215 -33
-136.459 19.8731 -33
-136.963 17.8589 -33
-136.998 17.7246 -33
-137.552 15.5762 -33
-138.071 13.4278 -33
-138.592 11.2793 -33
-139.077 9.13089 -33
-139.111 8.99662 -33
-139.615 6.98246 -33
-140.085 4.83402 -33
-140.555 2.68558 -33
-141.017 0.537142 -33
-141.26 -0.537078 -33
-141.495 -1.6113 -33
-141.898 -3.75973 -33
-142.3 -5.90817 -33
-142.703 -8.05661 -33
-143.027 -10.205 -33
-143.372 -12.3535 -33
-143.408 -12.7116 -33
-143.581 -14.5019 -33
-143.789 -16.6504 -33
-143.997 -18.7988 -33
-144.136 -20.9472 -33
-144.247 -23.0957 -33
-144.275 -25.2441 -33
-144.315 -27.3926 -33
-144.247 -29.541 -33
-144.18 -31.6894 -33
-144.067 -33.8379 -33
-143.928 -35.9863 -33
-143.777 -38.1347 -33
-143.581 -40.2832 -33
-143.408 -41.626 -33
-143.304 -42.4316 -33
-143.027 -44.5801 -33
-142.636 -46.7285 -33
-142.166 -48.8769 -33
-141.641 -51.0254 -33
-141.26 -52.3383 -33
-141.025 -53.1738 -33
-140.393 -55.3223 -33
-139.682 -57.4707 -33
-139.111 -58.9925 -33
-138.869 -59.6191 -33
-138.071 -61.7676 -33
-137.205 -63.916 -33
-136.963 -64.4531 -33
-136.235 -66.0644 -33
-135.208 -68.2129 -33
-134.814 -69.0006 -33
-134.111 -70.3613 -33
-132.851 -72.5098 -33
-132.666 -72.8257 -33
-131.553 -74.6582 -33
-130.518 -76.1847 -33
-130.08 -76.8066 -33
-128.489 -78.9551 -33
-128.369 -79.1085 -33
-126.818 -81.1035 -33
-126.221 -81.8359 -33
-124.975 -83.252 -33
-124.072 -84.2328 -33
-122.953 -85.4004 -33
-121.924 -86.4298 -33
-120.805 -87.5488 -33
-119.775 -88.5371 -33
-118.514 -89.6973 -33
-117.627 -90.5137 -33
-116.113 -91.8457 -33
-115.479 -92.3828 -33
-113.384 -93.9941 -33
-113.33 -94.0355 -33
-111.182 -95.6254 -33
-110.483 -96.1426 -33
-109.033 -97.2168 -33
-107.422 -98.291 -33
-106.885 -98.6363 -33
-104.736 -100.094 -33
-104.199 -100.439 -33
-102.588 -101.44 -33
-100.507 -102.588 -33
-100.439 -102.625 -33
-98.291 -103.81 -33
-96.5007 -104.736 -33
-96.1426 -104.915 -33
-93.9941 -105.918 -33
-91.9224 -106.885 -33
-91.8457 -106.919 -33
-89.6973 -107.82 -33
-87.5488 -108.721 -33
-86.6699 -109.033 -33
-85.4004 -109.47 -33
-83.252 -110.275 -33
-81.1035 -110.947 -33
-80.3516 -111.182 -33
-78.9551 -111.618 -33
-76.8066 -112.222 -33
-74.6582 -112.827 -33
-72.644 -113.33 -33
-72.5098 -113.364 -33
-70.3613 -113.85 -33
-68.2129 -114.304 -33
-66.0644 -114.706 -33
-63.916 -115.097 -33
-61.7676 -115.444 -33
-61.499 -115.479 -33
-59.6191 -115.721 -33
-57.4707 -115.982 -33
-55.3223 -116.318 -33
-53.1738 -116.586 -33
-51.0254 -116.813 -33
-48.8769 -117.008 -33
-46.7285 -117.204 -33
-44.5801 -117.392 -33
-42.4316 -117.523 -33
-40.2832 -117.592 -33
-39.209 -117.627 -33
-38.1347 -117.662 -33
-35.9863 -117.662 -33
-34.9121 -117.627 -33
-33.8379 -117.592 -33
-31.6894 -117.591 -33
-29.541 -117.591 -33
-27.3926 -117.52 -33
-25.2441 -117.52 -33
-23.0957 -117.52 -33
-20.9472 -117.52 -33
-18.7988 -117.52 -33
-16.6504 -117.52 -33
-14.5019 -117.52 -33
-12.3535 -117.591 -33
-11.2793 -117.627 -33
-10.205 -117.663 -33
-8.05661 -117.734 -33
-5.90817 -117.806 -33
-3.75973 -117.949 -33
-1.6113 -118.147 -33
0.537142 -118.355 -33
2.68558 -118.563 -33
4.83402 -118.802 -33
6.98246 -119.003 -33
9.13089 -119.205 -33
11.2793 -119.406 -33
13.4278 -119.608 -33
15.2181 -119.775 -33
