-63.916 -104.91 64.5
-61.7676 -105.118 64.5
-59.6191 -105.307 64.5
-57.4707 -105.464 64.5
-55.3223 -105.603 64.5
-53.1738 -105.741 64.5
-51.0254 -105.846 64.5
-48.8769 -105.949 64.5
-46.7285 -105.99 64.5
-44.5801 -106.061 64.5
-42.4316 -106.133 64.5
-40.2832 -106.133 64.5
-38.1347 -106.181 64.5
-35.9863 -106.181 64.5
-33.8379 -106.133 64.5
-31.6894 -106.133 64.5
-29.541 -106.061 64.5
-27.3926 -105.949 64.5
-25.2441 -105.811 64.5
-23.0957 -105.741 64.5
-20.9472 -105.576 64.5
-18.7988 -105.441 64.5
-16.6504 -105.256 64.5
-14.5019 -105.048 64.5
-12.3535 -104.904 64.5
-10.5631 -104.736 64.5
-10.205 -104.702 64.5
-8.05661 -104.494 64.5
-5.90817 -104.355 64.5
-3.75973 -104.271 64.5
-1.6113 -104.217 64.5
0.537142 -104.271 64.5
2.68558 -104.414 64.5
4.83402 -104.557 64.5
6.62438 -104.736 64.5
6.98246 -104.771 64.5
9.13089 -105.038 64.5
11.2793 -105.24 64.5
13.4278 -105.508 64.5
15.5762 -105.741 64.5
17.7246 -106.018 64.5
19.8731 -106.226 64.5
22.0215 -106.434 64.5
24.17 -106.642 64.5
26.3184 -106.781 64.5
28.4668 -106.85 64.5
30.6153 -106.851 64.5
32.7637 -106.851 64.5
34.9122 -106.85 64.5
37.0606 -106.781 64.5
39.209 -106.642 64.5
41.3575 -106.504 64.5
43.5059 -106.296 64.5
45.6543 -106.088 64.5
47.8028 -105.88 64.5
49.9512 -105.643 64.5
52.0997 -105.395 64.5
54.2481 -105.173 64.5
56.3965 -104.904 64.5
57.4708 -104.736 64.5
58.545 -104.563 64.5
60.6934 -104.233 64.5
62.8419 -103.87 64.5
64.9903 -103.427 64.5
67.1387 -102.969 64.5
68.8268 -102.588 64.5
69.2872 -102.48 64.5
71.4356 -101.93 64.5
73.584 -101.375 64.5
75.7325 -100.751 64.5
76.8067 -100.439 64.5
77.8809 -100.128 64.5
80.0294 -99.4345 64.5
82.1778 -98.8108 64.5
83.7891 -98.291 64.5
84.3262 -98.112 64.5
86.4747 -97.3554 64.5
88.6231 -96.6461 64.5
89.9659 -96.1426 64.5
90.7715 -95.8307 64.5
92.92 -94.9991 64.5
95.0684 -94.1674 64.5
95.4816 -93.9941 64.5
97.2169 -93.2422 64.5
99.3653 -92.2396 64.5
100.209 -91.8457 64.5
101.514 -91.237 64.5
103.662 -90.1628 64.5
104.593 -89.6973 64.5
105.811 -89.0676 64.5
107.959 -87.9563 64.5
108.698 -87.5488 64.5
110.107 -86.7432 64.5
112.256 -85.4388 64.5
112.319 -85.4004 64.5
114.404 -84.0875 64.5
115.592 -83.252 64.5
116.553 -82.5997 64.5
118.548 -81.1035 64.5
118.701 -80.9842 64.5
120.85 -79.3269 64.5
121.289 -78.9551 64.5
122.998 -77.4512 64.5
123.699 -76.8066 64.5
125.147 -75.4191 64.5
125.907 -74.6582 64.5
127.295 -73.2707 64.5
128.056 -72.5098 64.5
129.443 -70.9961 64.5
129.981 -70.3613 64.5
131.592 -68.3663 64.5
131.716 -68.2129 64.5
133.303 -66.0644 64.5
133.74 -65.408 64.5
134.666 -63.916 64.5
135.889 -61.8308 64.5
135.926 -61.7676 64.5
137.111 -59.6191 64.5
138.037 -57.8288 64.5
138.21 -57.4707 64.5
139.219 -55.3223 64.5
140.186 -53.2505 64.5
140.221 -53.1738 64.5
141.224 -51.0254 64.5
142.227 -48.8769 64.5
142.334 -48.6621 64.5
143.301 -46.7285 64.5
144.371 -44.5801 64.5
144.483 -44.3905 64.5
145.672 -42.4316 64.5
146.631 -40.9397 64.5
147.085 -40.2832 64.5
148.736 -38.1347 64.5
148.779 -38.0859 64.5
150.928 -36.1206 64.5
151.107 -35.9863 64.5
153.076 -34.6734 64.5
154.956 -33.8379 64.5
155.225 -33.7267 64.5
157.373 -33.1575 64.5
159.522 -32.9315 64.5
161.67 -32.9315 64.5
163.818 -33.0658 64.5
165.967 -33.2672 64.5
168.115 -33.5953 64.5
169.995 -33.8379 64.5
170.264 -33.8714 64.5
172.412 -34.14 64.5
174.561 -34.4085 64.5
176.709 -34.61 64.5
178.858 -34.8114 64.5
181.006 -34.9772 64.5
183.154 -35.1074 64.5
185.303 -35.0799 64.5
187.451 -34.9772 64.5
189.6 -34.7442 64.5
191.748 -34.4564 64.5
193.897 -34.0057 64.5
194.493 -33.8379 64.5
196.045 -33.3874 64.5
198.193 -32.7637 64.5
200.342 -31.932 64.5
200.92 -31.6894 64.5
202.49 -30.9856 64.5
204.639 -29.8744 64.5
205.207 -29.541 64.5
206.787 -28.6149 64.5
208.653 -27.3926 64.5
208.936 -27.1936 64.5
211.084 -25.5333 64.5
211.426 -25.2441 64.5
213.233 -23.6543 64.5
213.814 -23.0957 64.5
215.381 -21.461 64.5
215.835 -20.9472 64.5
217.529 -18.85 64.5
217.569 -18.7988 64.5
219.026 -16.6504 64.5
219.678 -15.5761 64.5
220.308 -14.5019 64.5
221.493 -12.3535 64.5
221.826 -11.6629 64.5
222.485 -10.205 64.5
223.366 -8.05661 64.5
223.975 -6.39645 64.5
224.148 -5.90817 64.5
224.772 -3.75973 64.5
225.326 -1.6113 64.5
225.742 0.537142 64.5
226.089 2.68558 64.5
226.123 2.95413 64.5
226.366 4.83402 64.5
226.574 6.98246 64.5
226.712 9.13089 64.5
226.782 11.2793 64.5
226.782 13.4278 64.5
226.782 15.5762 64.5
226.694 17.7246 64.5
226.56 19.8731 64.5
226.296 22.0215 64.5
226.123 23.0957 64.5
225.95 24.17 64.5
225.514 26.3184 64.5
224.91 28.4668 64.5
224.154 30.6153 64.5
223.975 31.0284 64.5
223.197 32.7637 64.5
222.086 34.9122 64.5
221.826 35.3545 64.5
220.79 37.0606 64.5
219.678 38.7913 64.5
219.399 39.209 64.5
217.808 41.3575 64.5
217.529 41.6993 64.5
215.94 43.5059 64.5
215.381 44.1407 64.5
213.993 45.6543 64.5
213.233 46.3848 64.5
211.691 47.8028 64.5
211.084 48.3399 64.5
209.089 49.9512 64.5
208.936 50.0706 64.5
206.787 51.662 64.5
206.131 52.0997 64.5
204.639 53.0588 64.5
202.68 54.2481 64.5
202.49 54.3592 64.5
200.342 55.4705 64.5
198.424 56.3965 64.5
198.193 56.5005 64.5
196.045 57.3321 64.5
193.897 58.0252 64.5
192.106 58.545 64.5
191.748 58.6489 64.5
189.6 59.1341 64.5
187.451 59.5185 64.5
185.303 59.8542 64.5
183.154 60.1227 64.5
181.006 60.257 64.5
178.858 60.3815 64.5
176.709 60.3913 64.5
174.561 60.3815 64.5
172.412 60.4508 64.5
170.264 60.5895 64.5
169.458 60.6934 64.5
168.115 60.8667 64.5
165.967 61.3021 64.5
163.818 62.064 64.5
162.207 62.8419 64.5
161.67 63.1204 64.5
159.522 64.6036 64.5
159.082 64.9903 64.5
157.373 66.625 64.5
156.881 67.1387 64.5
155.225 69.0314 64.5
155.018 69.2872 64.5
153.355 71.4356 64.5
153.076 71.8116 64.5
151.713 73.584 64.5
150.928 74.6046 64.5
150.06 75.7325 64.5
148.779 77.2462 64.5
148.221 77.8809 64.5
146.631 79.609 64.5
146.211 80.0294 64.5
144.483 81.6192 64.5
143.818 82.1778 64.5
142.334 83.3316 64.5
140.842 84.3262 64.5
140.186 84.7482 64.5
138.037 85.9931 64.5
137.106 86.4747 64.5
135.889 87.0834 64.5
133.74 88.034 64.5
132.336 88.6231 64.5
131.592 88.9252 64.5
129.443 89.6973 64.5
127.295 90.3904 64.5
125.982 90.7715 64.5
125.147 91.0141 64.5
122.998 91.6108 64.5
120.85 92.1479 64.5
118.701 92.6774 64.5
117.627 92.92 64.5
116.553 93.1626 64.5
114.404 93.6249 64.5
112.256 94.0635 64.5
110.107 94.4793 64.5
107.959 94.961 64.5
107.315 95.0684 64.5
105.811 95.3277 64.5
103.662 95.7488 64.5
101.514 96.1785 64.5
99.3653 96.6081 64.5
97.2169 96.9743 64.5
95.9636 97.2169 64.5
95.0684 97.3959 64.5
92.92 97.806 64.5
90.7715 98.1525 64.5
88.6231 98.5417 64.5
86.4747 98.9714 64.5
84.7866 99.3653 64.5
84.3262 99.4693 64.5
82.1778 99.8851 64.5
80.0294 100.272 64.5
77.8809 100.57 64.5
75.7325 100.765 64.5
73.584 100.85 64.5
71.4356 100.913 64.5
69.2872 100.96 64.5
67.1387 100.96 64.5
64.9903 100.96 64.5
62.8419 100.96 64.5
60.6934 100.96 64.5
58.545 100.96 64.5
56.3965 100.895 64.5
54.2481 100.895 64.5
52.0997 100.895 64.5
49.9512 100.83 64.5
47.8028 100.809 64.5
45.6543 100.742 64.5
43.5059 100.607 64.5
41.3575 100.406 64.5
39.209 100.162 64.5
37.0606 99.8158 64.5
34.9122 99.4011 64.5
34.7331 99.3653 64.5
32.7637 98.9714 64.5
30.6153 98.5874 64.5
28.4668 98.3652 64.5
26.3184 98.0688 64.5
24.17 97.8466 64.5
22.0215 97.5621 64.5
19.8731 97.2566 64.5
19.6045 97.2169 64.5
17.7246 96.9276 64.5
15.5762 96.5405 64.5
13.4278 96.184 64.5
11.2793 95.8848 64.5
9.13089 95.6055 64.5
6.98246 95.3576 64.5
5.10257 95.0684 64.5
4.83402 95.0286 64.5
2.68558 94.8536 64.5
0.537142 94.6817 64.5
-1.6113 94.5958 64.5
-3.75973 94.5958 64.5
-5.90817 94.6817 64.5
-8.05661 94.8536 64.5
-10.205 95.0271 64.5
-10.5631 95.0684 64.5
-12.3535 95.2833 64.5
-14.5019 95.6055 64.5
-16.6504 95.9361 64.5
-18.7988 96.3018 64.5
-20.9472 96.6996 64.5
-23.0957 97.1018 64.5
-23.6328 97.2169 64.5
-25.2441 97.5502 64.5
-27.3926 97.9207 64.5
-29.541 98.3269 64.5
-31.6894 98.7566 64.5
-33.8379 99.2579 64.5
-34.375 99.3653 64.5
-35.9863 99.6772 64.5
-38.1347 100.024 64.5
-40.2832 100.309 64.5
-42.4316 100.505 64.5
-44.5801 100.57 64.5
-46.7285 100.635 64.5
-48.8769 100.635 64.5
-51.0254 100.635 64.5
-53.1738 100.635 64.5
-55.3223 100.661 64.5
-57.4707 100.635 64.5
-59.6191 100.635 64.5
-61.7676 100.57 64.5
-63.916 100.505 64.5
-66.0644 100.374 64.5
-68.2129 100.137 64.5
-70.3613 99.8017 64.5
-72.5098 99.3989 64.5
-72.644 99.3653 64.5
-74.6582 98.8455 64.5
-76.8066 98.3604 64.5
-78.9551 97.806 64.5
-81.1035 97.3901 64.5
-81.9987 97.2169 64.5
-83.252 96.9743 64.5
-85.4004 96.5585 64.5
-87.5488 96.1426 64.5
-89.6973 95.7268 64.5
-91.8457 95.3705 64.5
-93.7793 95.0684 64.5
-93.9941 95.0338 64.5
-96.1426 94.632 64.5
-98.291 94.2714 64.5
-100.439 93.8264 64.5
-102.588 93.4235 64.5
-104.736 92.9546 64.5
-104.89 92.92 64.5
-106.885 92.4836 64.5
-109.033 91.9844 64.5
-111.182 91.4765 64.5
-113.33 90.9448 64.5
-114.001 90.7715 64.5
-115.479 90.3904 64.5
-117.627 89.8359 64.5
-119.775 89.2609 64.5
-121.924 88.6578 64.5
-122.031 88.6231 64.5
-124.072 87.9647 64.5
-126.221 87.2717 64.5
-128.369 86.5093 64.5
-128.459 86.4747 64.5
-130.518 85.6511 64.5
-132.666 84.7201 64.5
-133.454 84.3262 64.5
-134.814 83.5973 64.5
-136.963 82.2929 64.5
-137.124 82.1778 64.5
-139.111 80.6491 64.5
-139.812 80.0294 64.5
-141.26 78.5157 64.5
-141.818 77.8809 64.5
-143.408 75.8936 64.5
-143.523 75.7325 64.5
-144.904 73.584 64.5
-145.557 72.5098 64.5
-146.186 71.4356 64.5
-147.437 69.2872 64.5
-147.705 68.7859 64.5
-148.587 67.1387 64.5
-149.814 64.9903 64.5
-149.854 64.9232 64.5
-151.043 62.8419 64.5
-152.002 61.2621 64.5
-152.374 60.6934 64.5
-154.016 58.545 64.5
-154.15 58.3838 64.5
-156.138 56.3965 64.5
-156.299 56.2623 64.5
-158.447 54.8449 64.5
-159.79 54.2481 64.5
-160.596 53.9147 64.5
-162.744 53.3818 64.5
-164.893 53.1403 64.5
-167.041 53.006 64.5
-169.189 53.006 64.5
-171.338 53.0732 64.5
-173.486 53.1403 64.5
-175.635 53.2074 64.5
-177.783 53.2432 64.5
-179.932 53.2432 64.5
-182.08 53.2074 64.5
-184.229 53.0732 64.5
-186.377 52.9389 64.5
-188.525 52.6703 64.5
-190.674 52.3422 64.5
-191.927 52.0997 64.5
-192.822 51.9264 64.5
-194.971 51.3947 64.5
-197.119 50.7905 64.5
-199.268 50.1245 64.5
-199.715 49.9512 64.5
-201.416 49.2709 64.5
-203.564 48.3399 64.5
-204.715 47.8028 64.5
-205.713 47.3212 64.5
-207.861 46.21 64.5
-208.757 45.6543 64.5
-210.01 44.8487 64.5
-211.989 43.5059 64.5
-212.158 43.3865 64.5
-214.307 41.7293 64.5
-214.767 41.3575 64.5
-216.455 39.8804 64.5
-217.156 39.209 64.5
-218.604 37.7612 64.5
-219.275 37.0606 64.5
-220.752 35.4493 64.5
-221.206 34.9122 64.5
-222.859 32.7637 64.5
-222.9 32.7072 64.5
-224.32 30.6153 64.5
-225.049 29.4814 64.5
-225.658 28.4668 64.5
-226.79 26.3184 64.5
-227.197 25.4094 64.5
-227.734 24.17 64.5
-228.618 22.0215 64.5
-229.346 19.9707 64.5
-229.38 19.8731 64.5
-230.051 17.7246 64.5
-230.588 15.5762 64.5
-231.044 13.4278 64.5
-231.46 11.2793 64.5
-231.494 11.0645 64.5
-231.806 9.13089 64.5
-232.083 6.98246 64.5
-232.291 4.83402 64.5
-232.468 2.68558 64.5
-232.535 0.537142 64.5
-232.535 -1.6113 64.5
-232.468 -3.75973 64.5
-232.266 -5.90817 64.5
-231.931 -8.05661 64.5
-231.494 -10.0516 64.5
-231.46 -10.205 64.5
-230.905 -12.3535 64.5
-230.212 -14.5019 64.5
-229.346 -16.5677 64.5
-229.31 -16.6504 64.5
-228.307 -18.7988 64.5
-227.197 -20.8801 64.5
-227.159 -20.9472 64.5
-225.778 -23.0957 64.5
-225.049 -24.1162 64.5
-224.181 -25.2441 64.5
-222.9 -26.7578 64.5
-222.342 -27.3926 64.5
-220.752 -29.0486 64.5
-220.238 -29.541 64.5
-218.604 -31.0449 64.5
-217.836 -31.6894 64.5
-216.455 -32.805 64.5
-215.112 -33.8379 64.5
-214.307 -34.4133 64.5
-212.158 -35.7945 64.5
-211.842 -35.9863 64.5
-210.01 -37.0247 64.5
-207.861 -38.0977 64.5
-207.779 -38.1347 64.5
-205.713 -39.0011 64.5
-203.564 -39.7634 64.5
-201.953 -40.2832 64.5
-201.416 -40.4564 64.5
-199.268 -41.0109 64.5
-197.119 -41.4581 64.5
-194.971 -41.8425 64.5
-192.822 -42.1198 64.5
-190.674 -42.3277 64.5
-188.525 -42.397 64.5
-187.451 -42.4316 64.5
-186.377 -42.4674 64.5
-184.229 -42.5356 64.5
-182.08 -42.4663 64.5
-181.006 -42.4316 64.5
-179.932 -42.397 64.5
-177.783 -42.2584 64.5
-175.635 -41.9952 64.5
-173.486 -41.7267 64.5
-171.338 -41.391 64.5
-169.189 -41.0553 64.5
-167.041 -40.6644 64.5
-164.893 -40.3168 64.5
-164.678 -40.2832 64.5
-162.744 -39.9713 64.5
-160.596 -39.7125 64.5
-158.447 -39.5555 64.5
-156.299 -39.6248 64.5
-154.15 -39.8893 64.5
-152.837 -40.2832 64.5
-152.002 -40.5425 64.5
-149.854 -41.5165 64.5
-148.553 -42.4316 64.5
-147.705 -43.0762 64.5
-146.139 -44.5801 64.5
-145.557 -45.2148 64.5
-144.276 -46.7285 64.5
-143.408 -47.9158 64.5
-142.732 -48.8769 64.5
-141.298 -51.0254 64.5
-141.26 -51.0851 64.5
-139.917 -53.1738 64.5
-139.111 -54.4271 64.5
-138.536 -55.3223 64.5
-137.155 -57.4707 64.5
-136.963 -57.7691 64.5
-135.774 -59.6191 64.5
-134.814 -61.1111 64.5
-134.377 -61.7676 64.5
-132.945 -63.916 64.5
-132.666 -64.3118 64.5
-131.477 -66.0644 64.5
-130.518 -67.4072 64.5
-129.921 -68.2129 64.5
-128.369 -70.3076 64.5
-128.328 -70.3613 64.5
-126.593 -72.5098 64.5
-126.221 -72.9492 64.5
-124.717 -74.6582 64.5
-124.072 -75.3588 64.5
-122.74 -76.8066 64.5
-121.924 -77.6571 64.5
-120.626 -78.9551 64.5
-119.775 -79.7715 64.5
-118.328 -81.1035 64.5
-117.627 -81.748 64.5
-115.992 -83.252 64.5
-115.479 -83.7064 64.5
-113.381 -85.4004 64.5
-113.33 -85.4402 64.5
-111.182 -87.0316 64.5
-110.483 -87.5488 64.5
-109.033 -88.623 64.5
-107.422 -89.6973 64.5
-106.885 -90.0553 64.5
-104.736 -91.4876 64.5
-104.168 -91.8457 64.5
-102.588 -92.7718 64.5
-100.503 -93.9941 64.5
-100.439 -94.0312 64.5
-98.291 -95.1835 64.5
-96.3728 -96.1426 64.5
-96.1426 -96.2537 64.5
-93.9941 -97.2526 64.5
-91.8457 -98.1799 64.5
-91.5771 -98.291 64.5
-89.6973 -99.043 64.5
-87.5488 -99.8307 64.5
-85.7227 -100.439 64.5
-85.4004 -100.543 64.5
-83.252 -101.236 64.5
-81.1035 -101.836 64.5
-78.9551 -102.409 64.5
-78.1878 -102.588 64.5
-76.8066 -102.9 64.5
-74.6582 -103.316 64.5
-72.5098 -103.731 64.5
-70.3613 -104.078 64.5
-68.2129 -104.355 64.5
-66.0644 -104.632 64.5
-65.2588 -104.736 64.5
