9.13089 -119.809 -20.5
11.2793 -120.01 -20.5
13.4278 -120.212 -20.5
15.5762 -120.413 -20.5
17.7246 -120.615 -20.5
19.8731 -120.85 -20.5
22.0215 -121.045 -20.5
24.17 -121.175 -20.5
26.3184 -121.305 -20.5
28.4668 -121.387 -20.5
30.6153 -121.436 -20.5
32.7637 -121.45 -20.5
34.9122 -121.45 -20.5
37.0606 -121.436 -20.5
39.209 -121.37 -20.5
41.3575 -121.24 -20.5
43.5059 -121.11 -20.5
45.6543 -120.883 -20.5
47.8028 -120.615 -20.5
49.9512 -120.279 -20.5
52.0997 -119.879 -20.5
52.6368 -119.775 -20.5
54.2481 -119.464 -20.5
56.3965 -118.978 -20.5
58.545 -118.493 -20.5
60.6934 -117.939 -20.5
61.9019 -117.627 -20.5
62.8419 -117.376 -20.5
64.9903 -116.761 -20.5
67.1387 -116.159 -20.5
69.2872 -115.514 -20.5
69.4065 -115.479 -20.5
71.4356 -114.87 -20.5
73.584 -114.196 -20.5
75.7325 -113.438 -20.5
76.0547 -113.33 -20.5
77.8809 -112.721 -20.5
80.0294 -111.909 -20.5
81.9092 -111.182 -20.5
82.1778 -111.074 -20.5
84.3262 -110.215 -20.5
86.4747 -109.284 -20.5
87.0531 -109.033 -20.5
88.6231 -108.329 -20.5
90.7715 -107.279 -20.5
91.5593 -106.885 -20.5
92.92 -106.181 -20.5
95.0684 -104.996 -20.5
95.5384 -104.736 -20.5
97.2169 -103.81 -20.5
99.3021 -102.588 -20.5
99.3653 -102.55 -20.5
101.514 -101.217 -20.5
102.701 -100.439 -20.5
103.662 -99.7873 -20.5
105.811 -98.3294 -20.5
105.864 -98.291 -20.5
107.959 -96.7394 -20.5
108.726 -96.1426 -20.5
110.107 -95.027 -20.5
111.328 -93.9941 -20.5
112.256 -93.1777 -20.5
113.704 -91.8457 -20.5
114.404 -91.2012 -20.5
115.971 -89.6973 -20.5
116.553 -89.1154 -20.5
118.119 -87.5488 -20.5
118.701 -86.9417 -20.5
120.119 -85.4004 -20.5
120.85 -84.6064 -20.5
122.096 -83.252 -20.5
122.998 -82.1777 -20.5
123.866 -81.1035 -20.5
125.147 -79.5178 -20.5
125.584 -78.9551 -20.5
127.176 -76.8066 -20.5
127.295 -76.637 -20.5
128.638 -74.6582 -20.5
129.443 -73.4049 -20.5
130.019 -72.5098 -20.5
131.258 -70.3613 -20.5
131.592 -69.7571 -20.5
132.415 -68.2129 -20.5
133.481 -66.0644 -20.5
133.74 -65.486 -20.5
134.421 -63.916 -20.5
135.352 -61.7676 -20.5
135.889 -60.4248 -20.5
136.211 -59.6191 -20.5
137.032 -57.4707 -20.5
137.795 -55.3223 -20.5
138.037 -54.5703 -20.5
138.474 -53.1738 -20.5
139.078 -51.0254 -20.5
139.615 -48.8769 -20.5
140.082 -46.7285 -20.5
140.186 -46.2681 -20.5
140.555 -44.5801 -20.5
140.891 -42.4316 -20.5
141.226 -40.2832 -20.5
141.52 -38.1347 -20.5
141.781 -35.9863 -20.5
141.976 -33.8379 -20.5
142.106 -31.6894 -20.5
142.233 -29.541 -20.5
142.233 -27.3926 -20.5
142.233 -25.2441 -20.5
142.171 -23.0957 -20.5
142.106 -20.9472 -20.5
142.041 -18.7988 -20.5
141.923 -16.6504 -20.5
141.846 -14.5019 -20.5
141.734 -12.3535 -20.5
141.607 -10.205 -20.5
141.455 -8.05661 -20.5
141.293 -5.90817 -20.5
141.092 -3.75973 -20.5
140.913 -1.6113 -20.5
140.705 0.537142 -20.5
140.567 2.68558 -20.5
140.359 4.83402 -20.5
140.219 6.98246 -20.5
140.186 7.34053 -20.5
140.012 9.13089 -20.5
139.749 11.2793 -20.5
139.458 13.4278 -20.5
139.078 15.5762 -20.5
138.742 17.7246 -20.5
138.339 19.8731 -20.5
138.037 21.4844 -20.5
137.933 22.0215 -20.5
137.467 24.17 -20.5
136.997 26.3184 -20.5
136.459 28.4668 -20.5
135.922 30.6153 -20.5
135.889 30.7227 -20.5
135.23 32.7637 -20.5
134.564 34.9122 -20.5
133.844 37.0606 -20.5
133.74 37.3536 -20.5
133.06 39.209 -20.5
132.272 41.3575 -20.5
131.592 43.2129 -20.5
131.484 43.5059 -20.5
130.656 45.6543 -20.5
129.825 47.8028 -20.5
129.443 48.7117 -20.5
128.924 49.9512 -20.5
128.047 52.0997 -20.5
127.295 53.8349 -20.5
127.116 54.2481 -20.5
126.113 56.3965 -20.5
125.147 58.4682 -20.5
125.11 58.545 -20.5
124.037 60.6934 -20.5
122.998 62.6404 -20.5
122.887 62.8419 -20.5
121.655 64.9903 -20.5
120.85 66.3173 -20.5
120.351 67.1387 -20.5
118.97 69.2872 -20.5
118.701 69.6631 -20.5
117.388 71.4356 -20.5
116.553 72.5098 -20.5
115.685 73.584 -20.5
114.404 75.0977 -20.5
113.846 75.7325 -20.5
112.256 77.3886 -20.5
111.764 77.8809 -20.5
110.107 79.4708 -20.5
109.473 80.0294 -20.5
107.959 81.3102 -20.5
106.831 82.1778 -20.5
105.811 82.9337 -20.5
103.832 84.3262 -20.5
103.662 84.4374 -20.5
101.514 85.6968 -20.5
100.104 86.4747 -20.5
99.3653 86.8686 -20.5
97.2169 87.8712 -20.5
95.4816 88.6231 -20.5
95.0684 88.8021 -20.5
92.92 89.628 -20.5
90.7715 90.3904 -20.5
89.5899 90.7715 -20.5
88.6231 91.0834 -20.5
86.4747 91.6379 -20.5
84.3262 92.1923 -20.5
82.1778 92.6774 -20.5
80.9245 92.92 -20.5
80.0294 93.0932 -20.5
77.8809 93.5578 -20.5
75.7325 93.9249 -20.5
73.584 94.2963 -20.5
71.4356 94.632 -20.5
69.2872 94.9645 -20.5
68.4815 95.0684 -20.5
67.1387 95.2417 -20.5
64.9903 95.5189 -20.5
62.8419 95.8405 -20.5
60.6934 96.0733 -20.5
58.545 96.3105 -20.5
56.3965 96.579 -20.5
54.2481 96.7805 -20.5
52.0997 96.9239 -20.5
49.9512 97.1129 -20.5
47.8028 97.1822 -20.5
45.6543 97.1833 -20.5
43.5059 97.1833 -20.5
41.3575 97.1129 -20.5
39.209 96.9147 -20.5
37.0606 96.6971 -20.5
34.9122 96.4448 -20.5
32.7637 96.1091 -20.5
30.6153 95.8405 -20.5
28.4668 95.5189 -20.5
26.3184 95.2417 -20.5
24.9756 95.0684 -20.5
24.17 94.9645 -20.5
22.0215 94.632 -20.5
19.8731 94.3407 -20.5
17.7246 94.0635 -20.5
15.5762 93.7592 -20.5
13.4278 93.5091 -20.5
11.2793 93.3012 -20.5
9.13089 93.155 -20.5
6.98246 93.0207 -20.5
5.37113 92.92 -20.5
4.83402 92.8864 -20.5
2.68558 92.8193 -20.5
0.537142 92.7521 -20.5
-1.6113 92.6921 -20.5
-3.75973 92.7521 -20.5
-5.90817 92.8193 -20.5
-7.5195 92.92 -20.5
-8.05661 92.9525 -20.5
-10.205 93.0878 -20.5
-12.3535 93.2892 -20.5
-14.5019 93.4907 -20.5
-16.6504 93.7592 -20.5
-18.7988 94.0949 -20.5
-20.9472 94.41 -20.5
-23.0957 94.6992 -20.5
-25.2441 94.9677 -20.5
-26.0498 95.0684 -20.5
-27.3926 95.2363 -20.5
-29.541 95.4377 -20.5
-31.6894 95.6575 -20.5
-33.8379 95.9077 -20.5
-35.9863 96.1091 -20.5
-38.1347 96.3105 -20.5
-40.2832 96.4682 -20.5
-42.4316 96.5984 -20.5
-44.5801 96.6635 -20.5
-46.7285 96.7286 -20.5
-48.8769 96.7286 -20.5
-51.0254 96.6635 -20.5
-53.1738 96.5984 -20.5
-55.3223 96.4448 -20.5
-57.4707 96.2434 -20.5
-59.6191 96.004 -20.5
-61.7676 95.7734 -20.5
-63.916 95.5189 -20.5
-66.0644 95.2417 -20.5
-67.8548 95.0684 -20.5
-68.2129 95.0338 -20.5
-70.3613 94.7566 -20.5
-72.5098 94.4306 -20.5
-74.6582 94.0635 -20.5
-76.8066 93.6921 -20.5
-78.9551 93.2319 -20.5
-80.5664 92.92 -20.5
-81.1035 92.816 -20.5
-83.252 92.2616 -20.5
-85.4004 91.7451 -20.5
-87.5488 91.1527 -20.5
-88.7305 90.7715 -20.5
-89.6973 90.4493 -20.5
-91.8457 89.6973 -20.5
-93.9941 88.935 -20.5
-94.6847 88.6231 -20.5
-96.1426 87.9428 -20.5
-98.291 86.9562 -20.5
-99.222 86.4747 -20.5
-100.439 85.8225 -20.5
-102.588 84.5181 -20.5
-102.871 84.3262 -20.5
-104.736 83.0133 -20.5
-105.811 82.1778 -20.5
-106.885 81.3102 -20.5
-108.398 80.0294 -20.5
-109.033 79.4708 -20.5
-110.761 77.8809 -20.5
-111.182 77.4606 -20.5
-112.838 75.7325 -20.5
-113.33 75.1954 -20.5
-114.694 73.584 -20.5
-115.479 72.6121 -20.5
-116.394 71.4356 -20.5
-117.627 69.7706 -20.5
-117.985 69.2872 -20.5
-119.497 67.1387 -20.5
-119.775 66.721 -20.5
-120.888 64.9903 -20.5
-121.924 63.2842 -20.5
-122.183 62.8419 -20.5
-123.368 60.6934 -20.5
-124.072 59.3327 -20.5
-124.48 58.545 -20.5
-125.54 56.3965 -20.5
-126.221 54.8265 -20.5
-126.463 54.2481 -20.5
-127.295 52.0997 -20.5
-128.119 49.9512 -20.5
-128.369 49.1993 -20.5
-128.82 47.8028 -20.5
-129.582 45.6543 -20.5
-130.206 43.5059 -20.5
-130.518 42.5391 -20.5
-130.887 41.3575 -20.5
-131.453 39.209 -20.5
-132.008 37.0606 -20.5
-132.562 34.9122 -20.5
-132.666 34.5093 -20.5
-133.102 32.7637 -20.5
-133.64 30.6153 -20.5
-134.156 28.4668 -20.5
-134.711 26.3184 -20.5
-134.814 25.9156 -20.5
-135.251 24.17 -20.5
-135.75 22.0215 -20.5
-136.258 19.8731 -20.5
-136.79 17.7246 -20.5
-136.963 16.9573 -20.5
-137.275 15.5762 -20.5
-137.802 13.4278 -20.5
-138.272 11.2793 -20.5
-138.742 9.13089 -20.5
-139.111 7.44284 -20.5
-139.212 6.98246 -20.5
-139.682 4.83402 -20.5
-140.152 2.68558 -20.5
-140.601 0.537142 -20.5
-141.025 -1.6113 -20.5
-141.26 -2.68552 -20.5
-141.495 -3.75973 -20.5
-141.918 -5.90817 -20.5
-142.334 -8.05661 -20.5
-142.703 -10.205 -20.5
-143.027 -12.3535 -20.5
-143.301 -14.5019 -20.5
-143.408 -16.1133 -20.5
-143.444 -16.6504 -20.5
-143.587 -18.7988 -20.5
-143.73 -20.9472 -20.5
-143.802 -23.0957 -20.5
-143.802 -25.2441 -20.5
-143.802 -27.3926 -20.5
-143.73 -29.541 -20.5
-143.72 -31.6894 -20.5
-143.651 -33.8379 -20.5
-143.512 -35.9863 -20.5
-143.408 -37.5976 -20.5
-143.374 -38.1347 -20.5
-143.166 -40.2832 -20.5
-142.905 -42.4316 -20.5
-142.569 -44.5801 -20.5
-142.166 -46.7285 -20.5
-141.696 -48.8769 -20.5
-141.26 -50.4286 -20.5
-141.087 -51.0254 -20.5
-140.488 -53.1738 -20.5
-139.816 -55.3223 -20.5
-139.111 -57.373 -20.5
-139.076 -57.4707 -20.5
-138.245 -59.6191 -20.5
-137.413 -61.7676 -20.5
-136.963 -62.8418 -20.5
-136.497 -63.916 -20.5
-135.495 -66.0644 -20.5
-134.814 -67.5223 -20.5
-134.481 -68.2129 -20.5
-133.346 -70.3613 -20.5
-132.666 -71.5619 -20.5
-132.11 -72.5098 -20.5
-130.863 -74.6582 -20.5
-130.518 -75.1953 -20.5
-129.482 -76.8066 -20.5
-128.369 -78.4462 -20.5
-128.011 -78.9551 -20.5
-126.42 -81.1035 -20.5
-126.221 -81.3593 -20.5
-124.692 -83.252 -20.5
-124.072 -83.9844 -20.5
-122.774 -85.4004 -20.5
-121.924 -86.2878 -20.5
-120.715 -87.5488 -20.5
-119.775 -88.4888 -20.5
-118.567 -89.6973 -20.5
-117.627 -90.5996 -20.5
-116.211 -91.8457 -20.5
-115.479 -92.4654 -20.5
-113.672 -93.9941 -20.5
-113.33 -94.2726 -20.5
-111.182 -95.8641 -20.5
-110.806 -96.1426 -20.5
-109.033 -97.4086 -20.5
-107.733 -98.291 -20.5
-106.885 -98.8665 -20.5
-104.736 -100.248 -20.5
-104.438 -100.439 -20.5
-102.588 -101.588 -20.5
-100.882 -102.588 -20.5
-100.439 -102.847 -20.5
-98.291 -104.007 -20.5
-96.9303 -104.736 -20.5
-96.1426 -105.144 -20.5
-93.9941 -106.181 -20.5
-92.5363 -106.885 -20.5
-91.8457 -107.207 -20.5
-89.6973 -108.107 -20.5
-87.5488 -108.996 -20.5
-87.4512 -109.033 -20.5
-85.4004 -109.811 -20.5
-83.252 -110.606 -20.5
-81.4616 -111.182 -20.5
-81.1035 -111.289 -20.5
-78.9551 -111.96 -20.5
-76.8066 -112.601 -20.5
-74.6582 -113.131 -20.5
-73.8909 -113.33 -20.5
-72.5098 -113.663 -20.5
-70.3613 -114.136 -20.5
-68.2129 -114.563 -20.5
-66.0644 -114.961 -20.5
-63.916 -115.35 -20.5
-63.1103 -115.479 -20.5
-61.7676 -115.67 -20.5
-59.6191 -115.977 -20.5
-57.4707 -116.284 -20.5
-55.3223 -116.591 -20.5
-53.1738 -116.849 -20.5
-51.0254 -117.051 -20.5
-48.8769 -117.282 -20.5
-46.7285 -117.435 -20.5
-44.5801 -117.589 -20.5
-43.5058 -117.627 -20.5
-42.4316 -117.664 -20.5
-40.2832 -117.806 -20.5
-38.1347 -117.886 -20.5
-35.9863 -118.021 -20.5
-33.8379 -118.092 -20.5
-31.6894 -118.164 -20.5
-29.541 -118.236 -20.5
-27.3926 -118.236 -20.5
-25.2441 -118.216 -20.5
-23.0957 -118.164 -20.5
-20.9472 -118.147 -20.5
-18.7988 -118.092 -20.5
-16.6504 -118.164 -20.5
-14.5019 -118.216 -20.5
-12.3535 -118.285 -20.5
-10.205 -118.355 -20.5
-8.05661 -118.533 -20.5
-5.90817 -118.668 -20.5
-3.75973 -118.831 -20.5
-1.6113 -119.003 -20.5
0.537142 -119.138 -20.5
2.68558 -119.287 -20.5
4.83402 -119.473 -20.5
6.98246 -119.613 -20.5
8.77282 -119.775 -20.5
