26.3184 -119.81 -45.5
28.4668 -119.81 -45.5
30.6153 -119.811 -45.5
32.7637 -119.879 -45.5
34.9122 -119.879 -45.5
37.0606 -119.876 -45.5
39.209 -119.81 -45.5
40.2832 -119.775 -45.5
41.3575 -119.741 -45.5
43.5059 -119.54 -45.5
45.6543 -119.339 -45.5
47.8028 -119.092 -45.5
49.9512 -118.802 -45.5
52.0997 -118.466 -45.5
54.2481 -118.131 -45.5
56.3965 -117.795 -45.5
57.2917 -117.627 -45.5
58.545 -117.384 -45.5
60.6934 -116.989 -45.5
62.8419 -116.586 -45.5
64.9903 -116.116 -45.5
67.1387 -115.646 -45.5
67.8101 -115.479 -45.5
69.2872 -115.097 -45.5
71.4356 -114.543 -45.5
73.584 -113.988 -45.5
75.6251 -113.33 -45.5
75.7325 -113.295 -45.5
77.8809 -112.602 -45.5
80.0294 -111.909 -45.5
81.9092 -111.182 -45.5
82.1778 -111.078 -45.5
84.3262 -110.246 -45.5
86.4747 -109.355 -45.5
87.2184 -109.033 -45.5
88.6231 -108.424 -45.5
90.7715 -107.422 -45.5
91.8458 -106.885 -45.5
92.92 -106.329 -45.5
95.0684 -105.218 -45.5
95.9412 -104.736 -45.5
97.2169 -104.007 -45.5
99.3653 -102.78 -45.5
99.6812 -102.588 -45.5
101.514 -101.475 -45.5
103.125 -100.439 -45.5
103.662 -100.094 -45.5
105.811 -98.713 -45.5
106.401 -98.291 -45.5
107.959 -97.1372 -45.5
109.373 -96.1426 -45.5
110.107 -95.6055 -45.5
112.202 -93.9941 -45.5
112.256 -93.9528 -45.5
114.404 -92.2175 -45.5
114.844 -91.8457 -45.5
116.553 -90.3418 -45.5
117.253 -89.6973 -45.5
118.701 -88.3652 -45.5
119.552 -87.5488 -45.5
120.85 -86.2508 -45.5
121.666 -85.4004 -45.5
122.998 -83.9525 -45.5
123.643 -83.252 -45.5
125.147 -81.543 -45.5
125.518 -81.1035 -45.5
127.254 -78.9551 -45.5
127.295 -78.9014 -45.5
128.847 -76.8066 -45.5
129.443 -75.9586 -45.5
130.295 -74.6582 -45.5
131.592 -72.5694 -45.5
131.629 -72.5098 -45.5
132.814 -70.3613 -45.5
133.74 -68.571 -45.5
133.926 -68.2129 -45.5
134.994 -66.0644 -45.5
135.889 -63.9986 -45.5
135.925 -63.916 -45.5
136.856 -61.7676 -45.5
137.715 -59.6191 -45.5
138.037 -58.7402 -45.5
138.474 -57.4707 -45.5
139.181 -55.3223 -45.5
139.874 -53.1738 -45.5
140.186 -52.0996 -45.5
140.488 -51.0254 -45.5
141.052 -48.8769 -45.5
141.562 -46.7285 -45.5
142.022 -44.5801 -45.5
142.334 -42.9687 -45.5
142.435 -42.4316 -45.5
142.838 -40.2832 -45.5
143.106 -38.1347 -45.5
143.375 -35.9863 -45.5
143.604 -33.8379 -45.5
143.734 -31.6894 -45.5
143.799 -29.541 -45.5
143.864 -27.3926 -45.5
143.819 -25.2441 -45.5
143.756 -23.0957 -45.5
143.669 -20.9472 -45.5
143.509 -18.7988 -45.5
143.308 -16.6504 -45.5
143.106 -14.5019 -45.5
142.854 -12.3535 -45.5
142.646 -10.205 -45.5
142.438 -8.05661 -45.5
142.334 -6.98239 -45.5
142.23 -5.90817 -45.5
141.965 -3.75973 -45.5
141.696 -1.6113 -45.5
141.361 0.537142 -45.5
141.025 2.68558 -45.5
140.622 4.83402 -45.5
140.186 6.829 -45.5
140.151 6.98246 -45.5
139.666 9.13089 -45.5
139.111 11.2793 -45.5
138.541 13.4278 -45.5
138.037 15.2181 -45.5
137.933 15.5762 -45.5
137.265 17.7246 -45.5
136.616 19.8731 -45.5
135.923 22.0215 -45.5
135.889 22.1289 -45.5
135.23 24.17 -45.5
134.468 26.3184 -45.5
133.74 28.3692 -45.5
133.705 28.4668 -45.5
132.917 30.6153 -45.5
132.112 32.7637 -45.5
131.592 34.1065 -45.5
131.27 34.9122 -45.5
130.41 37.0606 -45.5
129.551 39.209 -45.5
129.443 39.4569 -45.5
128.62 41.3575 -45.5
127.617 43.5059 -45.5
127.295 44.1965 -45.5
126.615 45.6543 -45.5
125.554 47.8028 -45.5
125.147 48.5905 -45.5
124.466 49.9512 -45.5
123.332 52.0997 -45.5
122.998 52.7442 -45.5
122.192 54.2481 -45.5
120.961 56.3965 -45.5
120.85 56.5861 -45.5
119.701 58.545 -45.5
118.701 60.2511 -45.5
118.423 60.6934 -45.5
116.975 62.8419 -45.5
116.553 63.4638 -45.5
115.479 64.9903 -45.5
114.404 66.4405 -45.5
113.867 67.1387 -45.5
112.256 69.1337 -45.5
112.132 69.2872 -45.5
110.314 71.4356 -45.5
110.107 71.6691 -45.5
108.272 73.584 -45.5
107.959 73.8974 -45.5
106.044 75.7325 -45.5
105.811 75.9473 -45.5
103.662 77.757 -45.5
103.509 77.8809 -45.5
101.514 79.4326 -45.5
100.619 80.0294 -45.5
99.3653 80.835 -45.5
97.2169 82.1394 -45.5
97.1497 82.1778 -45.5
95.0684 83.2878 -45.5
92.92 84.2904 -45.5
92.8433 84.3262 -45.5
90.7715 85.2618 -45.5
88.6231 86.0935 -45.5
87.6384 86.4747 -45.5
86.4747 86.9252 -45.5
84.3262 87.6182 -45.5
82.1778 88.3725 -45.5
81.3423 88.6231 -45.5
80.0294 89.0043 -45.5
77.8809 89.628 -45.5
75.7325 90.2344 -45.5
73.584 90.7369 -45.5
73.4306 90.7715 -45.5
71.4356 91.222 -45.5
69.2872 91.6779 -45.5
67.1387 92.0808 -45.5
64.9903 92.5388 -45.5
62.8419 92.8853 -45.5
62.6628 92.92 -45.5
60.6934 93.2892 -45.5
58.545 93.6249 -45.5
56.3965 93.9249 -45.5
54.2481 94.2292 -45.5
52.0997 94.4306 -45.5
49.9512 94.632 -45.5
47.8028 94.6992 -45.5
45.6543 94.6992 -45.5
43.5059 94.5649 -45.5
41.3575 94.3848 -45.5
39.209 94.1621 -45.5
37.0606 93.8935 -45.5
34.9122 93.5578 -45.5
32.7637 93.2319 -45.5
30.8301 92.92 -45.5
30.6153 92.8853 -45.5
28.4668 92.5388 -45.5
26.3184 92.123 -45.5
24.17 91.7765 -45.5
22.0215 91.4094 -45.5
19.8731 91.0737 -45.5
17.9395 90.7715 -45.5
17.7246 90.7369 -45.5
15.5762 90.4023 -45.5
13.4278 90.1337 -45.5
11.2793 89.8652 -45.5
9.13089 89.628 -45.5
6.98246 89.4201 -45.5
4.83402 89.2609 -45.5
2.68558 89.1429 -45.5
0.537142 89.0736 -45.5
-1.6113 89.0736 -45.5
-3.75973 89.1429 -45.5
-5.90817 89.2609 -45.5
-8.05661 89.4623 -45.5
-10.205 89.6973 -45.5
-12.3535 89.9995 -45.5
-14.5019 90.3351 -45.5
-16.6504 90.7369 -45.5
-16.8294 90.7715 -45.5
-18.7988 91.1408 -45.5
-20.9472 91.5685 -45.5
-23.0957 92.0136 -45.5
-25.2441 92.4695 -45.5
-27.3926 92.8853 -45.5
-27.5716 92.92 -45.5
-29.541 93.2892 -45.5
-31.6894 93.6921 -45.5
-33.8379 94.0278 -45.5
-35.9863 94.2963 -45.5
-38.1347 94.5649 -45.5
-40.2832 94.7663 -45.5
-42.4316 94.9645 -45.5
-44.5801 95.0349 -45.5
-45.6543 95.0684 -45.5
-46.7285 95.102 -45.5
-48.8769 95.102 -45.5
-49.9512 95.0684 -45.5
-51.0254 95.0349 -45.5
-53.1738 94.9677 -45.5
-55.3223 94.8334 -45.5
-57.4707 94.6452 -45.5
-59.6191 94.4499 -45.5
-61.7676 94.2292 -45.5
-63.916 93.9606 -45.5
-66.0644 93.6921 -45.5
-68.2129 93.3564 -45.5
-70.3613 92.9546 -45.5
-70.5404 92.92 -45.5
-72.5098 92.5388 -45.5
-74.6582 92.123 -45.5
-76.8066 91.6108 -45.5
-78.9551 91.0141 -45.5
-79.7906 90.7715 -45.5
-81.1035 90.3904 -45.5
-83.252 89.6973 -45.5
-85.4004 88.9454 -45.5
-86.2061 88.6231 -45.5
-87.5488 88.086 -45.5
-89.6973 87.0834 -45.5
-90.9147 86.4747 -45.5
-91.8457 85.9759 -45.5
-93.9941 84.7482 -45.5
-94.6506 84.3262 -45.5
-96.1426 83.3671 -45.5
-97.8953 82.1778 -45.5
-98.291 81.8993 -45.5
-100.439 80.2283 -45.5
-100.684 80.0294 -45.5
-102.588 78.418 -45.5
-103.195 77.8809 -45.5
-104.736 76.4629 -45.5
-105.53 75.7325 -45.5
-106.885 74.4345 -45.5
-107.701 73.584 -45.5
-109.033 72.1362 -45.5
-109.678 71.4356 -45.5
-111.182 69.8009 -45.5
-111.636 69.2872 -45.5
-113.33 67.3723 -45.5
-113.537 67.1387 -45.5
-115.272 64.9903 -45.5
-115.479 64.7345 -45.5
-117.007 62.8419 -45.5
-117.627 62.0362 -45.5
-118.586 60.6934 -45.5
-119.775 59.0284 -45.5
-120.121 58.545 -45.5
-121.502 56.3965 -45.5
-121.924 55.7401 -45.5
-122.85 54.2481 -45.5
-124.035 52.0997 -45.5
-124.072 52.0325 -45.5
-125.221 49.9512 -45.5
-126.221 48.0176 -45.5
-126.328 47.8028 -45.5
-127.331 45.6543 -45.5
-128.262 43.5059 -45.5
-128.369 43.258 -45.5
-129.166 41.3575 -45.5
-129.998 39.209 -45.5
-130.518 37.7442 -45.5
-130.76 37.0606 -45.5
-131.523 34.9122 -45.5
-132.216 32.7637 -45.5
-132.666 31.3672 -45.5
-132.909 30.6153 -45.5
-133.602 28.4668 -45.5
-134.295 26.3184 -45.5
-134.814 24.528 -45.5
-134.918 24.17 -45.5
-135.542 22.0215 -45.5
-136.166 19.8731 -45.5
-136.79 17.7246 -45.5
-136.963 17.0533 -45.5
-137.344 15.5762 -45.5
-137.899 13.4278 -45.5
-138.406 11.2793 -45.5
-138.938 9.13089 -45.5
-139.111 8.3636 -45.5
-139.423 6.98246 -45.5
-139.908 4.83402 -45.5
-140.393 2.68558 -45.5
-140.879 0.537142 -45.5
-141.26 -1.15092 -45.5
-141.36 -1.6113 -45.5
-141.78 -3.75973 -45.5
-142.195 -5.90817 -45.5
-142.611 -8.05661 -45.5
-142.958 -10.205 -45.5
-143.304 -12.3535 -45.5
-143.408 -13.1592 -45.5
-143.576 -14.5019 -45.5
-143.845 -16.6504 -45.5
-144.046 -18.7988 -45.5
-144.247 -20.9472 -45.5
-144.382 -23.0957 -45.5
-144.449 -25.2441 -45.5
-144.516 -27.3926 -45.5
-144.482 -29.541 -45.5
-144.382 -31.6894 -45.5
-144.275 -33.8379 -45.5
-144.113 -35.9863 -45.5
-143.928 -38.1347 -45.5
-143.71 -40.2832 -45.5
-143.443 -42.4316 -45.5
-143.408 -42.6465 -45.5
-143.096 -44.5801 -45.5
-142.703 -46.7285 -45.5
-142.233 -48.8769 -45.5
-141.641 -51.0254 -45.5
-141.26 -52.3383 -45.5
-141.017 -53.1738 -45.5
-140.286 -55.3223 -45.5
-139.493 -57.4707 -45.5
-139.111 -58.4554 -45.5
-138.661 -59.6191 -45.5
-137.76 -61.7676 -45.5
-136.963 -63.5324 -45.5
-136.784 -63.916 -45.5
-135.781 -66.0644 -45.5
-134.814 -67.8772 -45.5
-134.635 -68.2129 -45.5
-133.49 -70.3613 -45.5
-132.666 -71.8147 -45.5
-132.244 -72.5098 -45.5
-130.796 -74.6582 -45.5
-130.518 -75.054 -45.5
-129.284 -76.8066 -45.5
-128.369 -77.9832 -45.5
-127.584 -78.9551 -45.5
-126.221 -80.5664 -45.5
-125.766 -81.1035 -45.5
-124.072 -83.0184 -45.5
-123.857 -83.252 -45.5
-121.924 -85.2661 -45.5
-121.79 -85.4004 -45.5
-119.775 -87.4145 -45.5
-119.635 -87.5488 -45.5
-117.627 -89.3254 -45.5
-117.207 -89.6973 -45.5
-115.479 -91.226 -45.5
-114.711 -91.8457 -45.5
-113.33 -92.9612 -45.5
-112.051 -93.9941 -45.5
-111.182 -94.6463 -45.5
-109.087 -96.1426 -45.5
-109.033 -96.1824 -45.5
-106.885 -97.6388 -45.5
-105.87 -98.291 -45.5
-104.736 -99.02 -45.5
-102.588 -100.328 -45.5
-102.409 -100.439 -45.5
-100.439 -101.621 -45.5
-98.6267 -102.588 -45.5
-98.291 -102.773 -45.5
-96.1426 -103.913 -45.5
-94.4954 -104.736 -45.5
-93.9941 -104.979 -45.5
-91.8457 -105.918 -45.5
-89.6973 -106.849 -45.5
-89.6077 -106.885 -45.5
-87.5488 -107.682 -45.5
-85.4004 -108.513 -45.5
-83.9355 -109.033 -45.5
-83.252 -109.276 -45.5
-81.1035 -109.969 -45.5
-78.9551 -110.662 -45.5
-77.1647 -111.182 -45.5
-76.8066 -111.286 -45.5
-74.6582 -111.887 -45.5
-72.5098 -112.424 -45.5
-70.3613 -112.949 -45.5
-68.6733 -113.33 -45.5
-68.2129 -113.431 -45.5
-66.0644 -113.834 -45.5
-63.916 -114.236 -45.5
-61.7676 -114.572 -45.5
-59.6191 -114.908 -45.5
-57.4707 -115.176 -45.5
-55.3223 -115.444 -45.5
-54.9642 -115.479 -45.5
-53.1738 -115.652 -45.5
-51.0254 -115.915 -45.5
-48.8769 -116.137 -45.5
-46.7285 -116.385 -45.5
-44.5801 -116.618 -45.5
-42.4316 -116.813 -45.5
-40.2832 -116.943 -45.5
-38.1347 -117.09 -45.5
-35.9863 -117.204 -45.5
-33.8379 -117.216 -45.5
-31.6894 -117.269 -45.5
-29.541 -117.269 -45.5
-27.3926 -117.269 -45.5
-25.2441 -117.269 -45.5
-23.0957 -117.269 -45.5
-20.9472 -117.269 -45.5
-18.7988 -117.269 -45.5
-16.6504 -117.269 -45.5
-14.5019 -117.269 -45.5
-12.3535 -117.279 -45.5
-10.205 -117.334 -45.5
-8.05661 -117.399 -45.5
-5.90817 -117.459 -45.5
-3.75973 -117.526 -45.5
-2.14841 -117.627 -45.5
-1.6113 -117.661 -45.5
0.537142 -117.795 -45.5
2.68558 -117.929 -45.5
4.83402 -118.077 -45.5
6.98246 -118.285 -45.5
9.13089 -118.533 -45.5
11.2793 -118.766 -45.5
13.4278 -119.003 -45.5
15.5762 -119.222 -45.5
17.7246 -119.406 -45.5
19.8731 -119.54 -45.5
22.0215 -119.675 -45.5
24.17 -119.741 -45.5
25.2442 -119.775 -45.5
