2.68558 -117.728 -50.5
4.83402 -117.862 -50.5
6.98246 -118.077 -50.5
9.13089 -118.285 -50.5
11.2793 -118.533 -50.5
13.4278 -118.735 -50.5
15.5762 -118.936 -50.5
17.7246 -119.092 -50.5
19.8731 -119.287 -50.5
22.0215 -119.352 -50.5
24.17 -119.482 -50.5
26.3184 -119.608 -50.5
28.4668 -119.613 -50.5
30.6153 -119.675 -50.5
32.7637 -119.613 -50.5
34.9122 -119.548 -50.5
37.0606 -119.482 -50.5
39.209 -119.352 -50.5
41.3575 -119.238 -50.5
43.5059 -119.092 -50.5
45.6543 -118.896 -50.5
47.8028 -118.668 -50.5
49.9512 -118.399 -50.5
52.0997 -118.063 -50.5
54.2481 -117.731 -50.5
54.8926 -117.627 -50.5
56.3965 -117.384 -50.5
58.545 -116.989 -50.5
60.6934 -116.586 -50.5
62.8419 -116.183 -50.5
64.9903 -115.714 -50.5
66.0645 -115.479 -50.5
67.1387 -115.244 -50.5
69.2872 -114.774 -50.5
71.4356 -114.236 -50.5
73.584 -113.699 -50.5
74.897 -113.33 -50.5
75.7325 -113.088 -50.5
77.8809 -112.424 -50.5
80.0294 -111.701 -50.5
81.4942 -111.182 -50.5
82.1778 -110.939 -50.5
84.3262 -110.107 -50.5
86.4747 -109.276 -50.5
87.0531 -109.033 -50.5
88.6231 -108.353 -50.5
90.7715 -107.279 -50.5
91.6156 -106.885 -50.5
92.92 -106.255 -50.5
95.0684 -105.144 -50.5
95.807 -104.736 -50.5
97.2169 -103.958 -50.5
99.3653 -102.703 -50.5
99.5549 -102.588 -50.5
101.514 -101.399 -50.5
103.093 -100.439 -50.5
103.662 -100.081 -50.5
105.811 -98.6363 -50.5
106.319 -98.291 -50.5
107.959 -97.1372 -50.5
109.302 -96.1426 -50.5
110.107 -95.5458 -50.5
112.102 -93.9941 -50.5
112.256 -93.8748 -50.5
114.404 -92.2175 -50.5
114.844 -91.8457 -50.5
116.553 -90.3996 -50.5
117.347 -89.6973 -50.5
118.701 -88.3993 -50.5
119.589 -87.5488 -50.5
120.85 -86.3403 -50.5
121.79 -85.4004 -50.5
122.998 -84.1393 -50.5
123.815 -83.252 -50.5
125.147 -81.7383 -50.5
125.684 -81.1035 -50.5
127.295 -79.1085 -50.5
127.41 -78.9551 -50.5
128.926 -76.8066 -50.5
129.443 -76.0308 -50.5
130.326 -74.6582 -50.5
131.592 -72.6888 -50.5
131.703 -72.5098 -50.5
132.888 -70.3613 -50.5
133.74 -68.8171 -50.5
134.063 -68.2129 -50.5
135.065 -66.0644 -50.5
135.889 -64.2997 -50.5
136.062 -63.916 -50.5
136.927 -61.7676 -50.5
137.787 -59.6191 -50.5
138.037 -58.9355 -50.5
138.557 -57.4707 -50.5
139.319 -55.3223 -50.5
140.018 -53.1738 -50.5
140.186 -52.6367 -50.5
140.674 -51.0254 -50.5
141.26 -48.8769 -50.5
141.814 -46.7285 -50.5
142.299 -44.5801 -50.5
142.334 -44.401 -50.5
142.703 -42.4316 -50.5
143.106 -40.2832 -50.5
143.408 -38.1347 -50.5
143.669 -35.9863 -50.5
143.819 -33.8379 -50.5
143.929 -31.6894 -50.5
144.009 -29.541 -50.5
144.009 -27.3926 -50.5
144.009 -25.2441 -50.5
143.945 -23.0957 -50.5
143.864 -20.9472 -50.5
143.693 -18.7988 -50.5
143.538 -16.6504 -50.5
143.308 -14.5019 -50.5
143.062 -12.3535 -50.5
142.838 -10.205 -50.5
142.577 -8.05661 -50.5
142.334 -6.17673 -50.5
142.299 -5.90817 -50.5
142.022 -3.75973 -50.5
141.696 -1.6113 -50.5
141.361 0.537142 -50.5
140.913 2.68558 -50.5
140.488 4.83402 -50.5
140.186 6.04251 -50.5
139.943 6.98246 -50.5
139.389 9.13089 -50.5
138.809 11.2793 -50.5
138.205 13.4278 -50.5
138.037 13.9649 -50.5
137.517 15.5762 -50.5
136.894 17.7246 -50.5
136.201 19.8731 -50.5
135.889 20.8399 -50.5
135.508 22.0215 -50.5
134.815 24.17 -50.5
134.052 26.3184 -50.5
133.74 27.1973 -50.5
133.29 28.4668 -50.5
132.458 30.6153 -50.5
131.628 32.7637 -50.5
131.592 32.8532 -50.5
130.795 34.9122 -50.5
129.894 37.0606 -50.5
129.443 38.1348 -50.5
128.978 39.209 -50.5
128.047 41.3575 -50.5
127.295 42.9688 -50.5
127.036 43.5059 -50.5
125.97 45.6543 -50.5
125.147 47.3015 -50.5
124.887 47.8028 -50.5
123.776 49.9512 -50.5
122.998 51.3611 -50.5
122.591 52.0997 -50.5
121.331 54.2481 -50.5
120.85 55.1209 -50.5
120.121 56.3965 -50.5
118.812 58.545 -50.5
118.701 58.724 -50.5
117.435 60.6934 -50.5
116.553 61.9938 -50.5
115.956 62.8419 -50.5
114.444 64.9903 -50.5
114.404 65.044 -50.5
112.793 67.1387 -50.5
112.256 67.8037 -50.5
111.01 69.2872 -50.5
110.107 70.3126 -50.5
109.119 71.4356 -50.5
107.959 72.6441 -50.5
107.019 73.584 -50.5
105.811 74.7442 -50.5
104.688 75.7325 -50.5
103.662 76.6001 -50.5
102.076 77.8809 -50.5
101.514 78.3186 -50.5
99.3653 79.8304 -50.5
99.0494 80.0294 -50.5
97.2169 81.1036 -50.5
95.2698 82.1778 -50.5
95.0684 82.2852 -50.5
92.92 83.2878 -50.5
90.7715 84.2892 -50.5
90.682 84.3262 -50.5
88.6231 85.1232 -50.5
86.4747 85.9376 -50.5
85.0098 86.4747 -50.5
84.3262 86.7172 -50.5
82.1778 87.4103 -50.5
80.0294 88.086 -50.5
78.239 88.6231 -50.5
77.8809 88.7271 -50.5
75.7325 89.3508 -50.5
73.584 89.9052 -50.5
71.4356 90.4597 -50.5
70.0545 90.7715 -50.5
69.2872 90.9448 -50.5
67.1387 91.3606 -50.5
64.9903 91.7765 -50.5
62.8419 92.1923 -50.5
60.6934 92.5388 -50.5
58.545 92.8853 -50.5
58.2764 92.92 -50.5
56.3965 93.1626 -50.5
54.2481 93.4398 -50.5
52.0997 93.6249 -50.5
49.9512 93.7592 -50.5
47.8028 93.8264 -50.5
45.6543 93.8264 -50.5
43.5059 93.717 -50.5
41.3575 93.5578 -50.5
39.209 93.3564 -50.5
37.0606 93.0932 -50.5
35.9864 92.92 -50.5
34.9122 92.7467 -50.5
32.7637 92.4695 -50.5
30.6153 92.123 -50.5
28.4668 91.7451 -50.5
26.3184 91.4094 -50.5
24.17 91.0737 -50.5
22.5586 90.7715 -50.5
22.0215 90.6676 -50.5
19.8731 90.3211 -50.5
17.7246 89.9745 -50.5
15.5762 89.628 -50.5
13.4278 89.3281 -50.5
11.2793 89.0595 -50.5
9.13089 88.791 -50.5
7.34053 88.6231 -50.5
6.98246 88.5895 -50.5
4.83402 88.4553 -50.5
2.68558 88.321 -50.5
0.537142 88.321 -50.5
-1.6113 88.3881 -50.5
-3.75973 88.4553 -50.5
-5.5501 88.6231 -50.5
-5.90817 88.6557 -50.5
-8.05661 88.8581 -50.5
-10.205 89.0736 -50.5
-12.3535 89.3952 -50.5
-14.5019 89.7309 -50.5
-16.6504 90.1132 -50.5
-18.7988 90.529 -50.5
-19.873 90.7715 -50.5
-20.9472 91.0065 -50.5
-23.0957 91.4299 -50.5
-25.2441 91.8793 -50.5
-27.3926 92.3309 -50.5
-29.541 92.7467 -50.5
-30.4362 92.92 -50.5
-31.6894 93.155 -50.5
-33.8379 93.4907 -50.5
-35.9863 93.8264 -50.5
-38.1347 94.0278 -50.5
-40.2832 94.2546 -50.5
-42.4316 94.3848 -50.5
-44.5801 94.4681 -50.5
-46.7285 94.5313 -50.5
-48.8769 94.5313 -50.5
-51.0254 94.515 -50.5
-53.1738 94.3848 -50.5
-55.3223 94.2963 -50.5
-57.4707 94.1244 -50.5
-59.6191 93.9606 -50.5
-61.7676 93.6921 -50.5
-63.916 93.4398 -50.5
-66.0644 93.1626 -50.5
-67.5684 92.92 -50.5
-68.2129 92.816 -50.5
-70.3613 92.4695 -50.5
-72.5098 92.0537 -50.5
-74.6582 91.5685 -50.5
-76.8066 91.0141 -50.5
-77.6421 90.7715 -50.5
-78.9551 90.3904 -50.5
-81.1035 89.7331 -50.5
-83.252 88.9454 -50.5
-84.0576 88.6231 -50.5
-85.4004 88.086 -50.5
-87.5488 87.0834 -50.5
-88.7663 86.4747 -50.5
-89.6973 85.9759 -50.5
-91.8457 84.7337 -50.5
-92.5022 84.3262 -50.5
-93.9941 83.3671 -50.5
-95.7468 82.1778 -50.5
-96.1426 81.8993 -50.5
-98.291 80.3079 -50.5
-98.6491 80.0294 -50.5
-100.439 78.5833 -50.5
-101.27 77.8809 -50.5
-102.588 76.7208 -50.5
-103.662 75.7325 -50.5
-104.736 74.7442 -50.5
-105.945 73.584 -50.5
-106.885 72.6441 -50.5
-108.045 71.4356 -50.5
-109.033 70.4061 -50.5
-110.066 69.2872 -50.5
-111.182 68.0261 -50.5
-111.998 67.1387 -50.5
-113.33 65.6251 -50.5
-113.847 64.9903 -50.5
-115.479 62.893 -50.5
-115.52 62.8419 -50.5
-117.189 60.6934 -50.5
-117.627 60.1026 -50.5
-118.781 58.545 -50.5
-119.775 57.1315 -50.5
-120.274 56.3965 -50.5
-121.655 54.2481 -50.5
-121.924 53.8058 -50.5
-122.96 52.0997 -50.5
-124.072 50.1526 -50.5
-124.183 49.9512 -50.5
-125.326 47.8028 -50.5
-126.221 46.0124 -50.5
-126.4 45.6543 -50.5
-127.364 43.5059 -50.5
-128.262 41.3575 -50.5
-128.369 41.0889 -50.5
-129.097 39.209 -50.5
-129.929 37.0606 -50.5
-130.518 35.4004 -50.5
-130.691 34.9122 -50.5
-131.453 32.7637 -50.5
-132.146 30.6153 -50.5
-132.666 29.1504 -50.5
-132.909 28.4668 -50.5
-133.602 26.3184 -50.5
-134.349 24.17 -50.5
-134.814 22.7735 -50.5
-135.057 22.0215 -50.5
-135.681 19.8731 -50.5
-136.354 17.7246 -50.5
-136.963 15.6956 -50.5
-136.996 15.5762 -50.5
-137.552 13.4278 -50.5
-138.106 11.2793 -50.5
-138.661 9.13089 -50.5
-139.111 7.13592 -50.5
-139.146 6.98246 -50.5
-139.682 4.83402 -50.5
-140.186 2.68558 -50.5
-140.671 0.537142 -50.5
-141.156 -1.6113 -50.5
-141.26 -2.07168 -50.5
-141.629 -3.75973 -50.5
-142.099 -5.90817 -50.5
-142.502 -8.05661 -50.5
-142.838 -10.205 -50.5
-143.173 -12.3535 -50.5
-143.408 -13.8574 -50.5
-143.509 -14.5019 -50.5
-143.72 -16.6504 -50.5
-143.979 -18.7988 -50.5
-144.18 -20.9472 -50.5
-144.344 -23.0957 -50.5
-144.449 -25.2441 -50.5
-144.516 -27.3926 -50.5
-144.516 -29.541 -50.5
-144.449 -31.6894 -50.5
-144.315 -33.8379 -50.5
-144.136 -35.9863 -50.5
-143.928 -38.1347 -50.5
-143.72 -40.2832 -50.5
-143.443 -42.4316 -50.5
-143.408 -42.6465 -50.5
-143.106 -44.5801 -50.5
-142.703 -46.7285 -50.5
-142.233 -48.8769 -50.5
-141.629 -51.0254 -50.5
-141.26 -52.207 -50.5
-140.958 -53.1738 -50.5
-140.219 -55.3223 -50.5
-139.413 -57.4707 -50.5
-139.111 -58.2144 -50.5
-138.503 -59.6191 -50.5
-137.552 -61.7676 -50.5
-136.963 -62.985 -50.5
-136.497 -63.916 -50.5
-135.423 -66.0644 -50.5
-134.814 -67.2819 -50.5
-134.333 -68.2129 -50.5
-133.088 -70.3613 -50.5
-132.666 -71.0564 -50.5
-131.784 -72.5098 -50.5
-130.518 -74.4792 -50.5
-130.398 -74.6582 -50.5
-128.886 -76.8066 -50.5
-128.369 -77.4716 -50.5
-127.171 -78.9551 -50.5
-126.221 -80.0781 -50.5
-125.318 -81.1035 -50.5
-124.072 -82.5195 -50.5
-123.401 -83.252 -50.5
-121.924 -84.729 -50.5
-121.252 -85.4004 -50.5
-119.775 -86.8774 -50.5
-119.075 -87.5488 -50.5
-117.627 -88.8809 -50.5
-116.699 -89.6973 -50.5
-115.479 -90.7302 -50.5
-114.097 -91.8457 -50.5
-113.33 -92.4654 -50.5
-111.343 -93.9941 -50.5
-111.182 -94.1092 -50.5
-109.033 -95.5671 -50.5
-108.185 -96.1426 -50.5
-106.885 -97.025 -50.5
-104.915 -98.291 -50.5
-104.736 -98.4061 -50.5
-102.588 -99.7105 -50.5
-101.312 -100.439 -50.5
-100.439 -100.938 -50.5
-98.291 -102.166 -50.5
-97.5033 -102.588 -50.5
-96.1426 -103.268 -50.5
-93.9941 -104.342 -50.5
-93.1501 -104.736 -50.5
-91.8457 -105.345 -50.5
-89.6973 -106.296 -50.5
-88.2925 -106.885 -50.5
-87.5488 -107.197 -50.5
-85.4004 -108.028 -50.5
-83.252 -108.791 -50.5
-82.5684 -109.033 -50.5
-81.1035 -109.553 -50.5
-78.9551 -110.208 -50.5
-76.8066 -110.87 -50.5
-75.7324 -111.182 -50.5
-74.6582 -111.484 -50.5
-72.5098 -112.021 -50.5
-70.3613 -112.558 -50.5
-68.2129 -113.018 -50.5
-66.8317 -113.33 -50.5
-66.0644 -113.498 -50.5
-63.916 -113.968 -50.5
-61.7676 -114.335 -50.5
-59.6191 -114.706 -50.5
-57.4707 -115.042 -50.5
-55.3223 -115.311 -50.5
-53.9795 -115.479 -50.5
-53.1738 -115.582 -50.5
-51.0254 -115.79 -50.5
-48.8769 -116.049 -50.5
-46.7285 -116.276 -50.5
-44.5801 -116.519 -50.5
-42.4316 -116.748 -50.5
-40.2832 -116.878 -50.5
-38.1347 -117.008 -50.5
-35.9863 -117.09 -50.5
-33.8379 -117.153 -50.5
-31.6894 -117.204 -50.5
-29.541 -117.204 -50.5
-27.3926 -117.204 -50.5
-25.2441 -117.204 -50.5
-23.0957 -117.204 -50.5
-20.9472 -117.153 -50.5
-18.7988 -117.153 -50.5
-16.6504 -117.139 -50.5
-14.5019 -117.139 -50.5
-12.3535 -117.139 -50.5
-10.205 -117.153 -50.5
-8.05661 -117.204 -50.5
-5.90817 -117.216 -50.5
-3.75973 -117.334 -50.5
-1.6113 -117.399 -50.5
0.537142 -117.526 -50.5
1.61136 -117.627 -50.5
