37.0606 -119.81 -43
39.209 -119.81 -43
40.2832 -119.775 -43
41.3575 -119.741 -43
43.5059 -119.671 -43
45.6543 -119.473 -43
47.8028 -119.272 -43
49.9512 -119.003 -43
52.0997 -118.668 -43
54.2481 -118.332 -43
56.3965 -117.996 -43
58.3659 -117.627 -43
58.545 -117.592 -43
60.6934 -117.191 -43
62.8419 -116.788 -43
64.9903 -116.318 -43
67.1387 -115.848 -43
68.6158 -115.479 -43
69.2872 -115.305 -43
71.4356 -114.706 -43
73.584 -114.127 -43
75.7325 -113.434 -43
76.0547 -113.33 -43
77.8809 -112.741 -43
80.0294 -111.979 -43
82.0883 -111.182 -43
82.1778 -111.146 -43
84.3262 -110.286 -43
86.4747 -109.355 -43
87.2184 -109.033 -43
88.6231 -108.424 -43
90.7715 -107.366 -43
91.769 -106.885 -43
92.92 -106.329 -43
95.0684 -105.218 -43
95.9412 -104.736 -43
97.2169 -104.007 -43
99.3653 -102.773 -43
99.6812 -102.588 -43
101.514 -101.475 -43
103.125 -100.439 -43
103.662 -100.094 -43
105.811 -98.6491 -43
106.319 -98.291 -43
107.959 -97.1372 -43
109.302 -96.1426 -43
110.107 -95.5458 -43
112.102 -93.9941 -43
112.256 -93.8702 -43
114.404 -92.1349 -43
114.746 -91.8457 -43
116.553 -90.317 -43
117.253 -89.6973 -43
118.701 -88.3097 -43
119.462 -87.5488 -43
120.85 -86.1613 -43
121.611 -85.4004 -43
122.998 -83.8867 -43
123.557 -83.252 -43
125.147 -81.4453 -43
125.436 -81.1035 -43
127.096 -78.9551 -43
127.295 -78.6865 -43
128.688 -76.8066 -43
129.443 -75.7324 -43
130.147 -74.6582 -43
131.481 -72.5098 -43
131.592 -72.3202 -43
132.74 -70.3613 -43
133.74 -68.5486 -43
133.914 -68.2129 -43
134.922 -66.0644 -43
135.889 -63.9927 -43
135.923 -63.916 -43
136.824 -61.7676 -43
137.656 -59.6191 -43
138.037 -58.5449 -43
138.406 -57.4707 -43
139.145 -55.3223 -43
139.804 -53.1738 -43
140.186 -51.8609 -43
140.421 -51.0254 -43
140.983 -48.8769 -43
141.468 -46.7285 -43
141.953 -44.5801 -43
142.334 -42.6107 -43
142.368 -42.4316 -43
142.703 -40.2832 -43
143.018 -38.1347 -43
143.278 -35.9863 -43
143.473 -33.8379 -43
143.604 -31.6894 -43
143.693 -29.541 -43
143.734 -27.3926 -43
143.734 -25.2441 -43
143.604 -23.0957 -43
143.509 -20.9472 -43
143.375 -18.7988 -43
143.173 -16.6504 -43
142.923 -14.5019 -43
142.728 -12.3535 -43
142.577 -10.205 -43
142.369 -8.05661 -43
142.334 -7.69854 -43
142.161 -5.90817 -43
141.965 -3.75973 -43
141.696 -1.6113 -43
141.398 0.537142 -43
141.025 2.68558 -43
140.636 4.83402 -43
140.22 6.98246 -43
140.186 7.13592 -43
139.735 9.13089 -43
139.25 11.2793 -43
138.696 13.4278 -43
138.072 15.5762 -43
138.037 15.6956 -43
137.448 17.7246 -43
136.755 19.8731 -43
136.068 22.0215 -43
135.889 22.5586 -43
135.369 24.17 -43
134.676 26.3184 -43
133.914 28.4668 -43
133.74 28.9551 -43
133.151 30.6153 -43
132.389 32.7637 -43
131.627 34.9122 -43
131.592 34.9948 -43
130.726 37.0606 -43
129.894 39.209 -43
129.443 40.2832 -43
128.978 41.3575 -43
128.023 43.5059 -43
127.295 45.1172 -43
127.044 45.6543 -43
126.042 47.8028 -43
125.147 49.5931 -43
124.961 49.9512 -43
123.893 52.0997 -43
122.998 53.7781 -43
122.73 54.2481 -43
121.553 56.3965 -43
120.85 57.5971 -43
120.294 58.545 -43
119.035 60.6934 -43
118.701 61.2305 -43
117.665 62.8419 -43
116.553 64.4814 -43
116.195 64.9903 -43
114.611 67.1387 -43
114.404 67.3945 -43
112.932 69.2872 -43
112.256 70.1172 -43
111.047 71.4356 -43
110.107 72.4164 -43
108.989 73.584 -43
107.959 74.6135 -43
106.791 75.7325 -43
105.811 76.6348 -43
104.395 77.8809 -43
103.662 78.4777 -43
101.567 80.0294 -43
101.514 80.0677 -43
99.3653 81.4489 -43
98.1647 82.1778 -43
97.2169 82.7149 -43
95.0684 83.7891 -43
93.9175 84.3262 -43
92.92 84.7917 -43
90.7715 85.7227 -43
88.8917 86.4747 -43
88.6231 86.5821 -43
86.4747 87.4103 -43
84.3262 88.1576 -43
82.9297 88.6231 -43
82.1778 88.8657 -43
80.0294 89.4894 -43
77.8809 90.1132 -43
75.7325 90.6676 -43
75.3296 90.7715 -43
73.584 91.2079 -43
71.4356 91.7072 -43
69.2872 92.1479 -43
67.1387 92.6081 -43
65.5274 92.92 -43
64.9903 93.0207 -43
62.8419 93.3564 -43
60.6934 93.7592 -43
58.545 94.0278 -43
56.3965 94.3635 -43
54.2481 94.632 -43
52.0997 94.8334 -43
49.9512 95.0338 -43
47.8028 95.0349 -43
45.6543 95.0349 -43
43.5059 94.9645 -43
41.3575 94.8259 -43
39.209 94.5649 -43
37.0606 94.2963 -43
34.9122 93.9606 -43
32.7637 93.6249 -43
30.6153 93.2892 -43
28.6459 92.92 -43
28.4668 92.8853 -43
26.3184 92.5388 -43
24.17 92.1479 -43
22.0215 91.8122 -43
19.8731 91.4765 -43
17.7246 91.1527 -43
15.5762 90.8755 -43
14.7705 90.7715 -43
13.4278 90.6037 -43
11.2793 90.3351 -43
9.13089 90.1337 -43
6.98246 89.8652 -43
4.83402 89.6973 -43
2.68558 89.5295 -43
0.537142 89.4623 -43
-1.6113 89.4623 -43
-3.75973 89.5295 -43
-5.90817 89.6638 -43
-8.05661 89.8652 -43
-10.205 90.1132 -43
-12.3535 90.4023 -43
-14.5019 90.7369 -43
-14.7168 90.7715 -43
-16.6504 91.0834 -43
-18.7988 91.4765 -43
-20.9472 91.8793 -43
-23.0957 92.3309 -43
-25.2441 92.7467 -43
-26.1393 92.92 -43
-27.3926 93.155 -43
-29.541 93.5578 -43
-31.6894 93.9606 -43
-33.8379 94.2963 -43
-35.9863 94.5649 -43
-38.1347 94.8334 -43
-40.2832 94.9677 -43
-41.8945 95.0684 -43
-42.4316 95.1031 -43
-44.5801 95.1724 -43
-46.7285 95.1724 -43
-48.8769 95.1724 -43
-51.0254 95.1691 -43
-52.6367 95.0684 -43
-53.1738 95.0349 -43
-55.3223 94.9645 -43
-57.4707 94.8334 -43
-59.6191 94.632 -43
-61.7676 94.3848 -43
-63.916 94.1244 -43
-66.0644 93.8264 -43
-68.2129 93.5578 -43
-70.3613 93.2221 -43
-71.9726 92.92 -43
-72.5098 92.816 -43
-74.6582 92.3309 -43
-76.8066 91.8458 -43
-78.9551 91.2913 -43
-80.9692 90.7715 -43
-81.1035 90.7357 -43
-83.252 90.0196 -43
-85.4004 89.2815 -43
-87.1012 88.6231 -43
-87.5488 88.4379 -43
-89.6973 87.5131 -43
-91.7741 86.4747 -43
-91.8457 86.4376 -43
-93.9941 85.2854 -43
-95.5739 84.3262 -43
-96.1426 83.9809 -43
-98.291 82.5998 -43
-98.8818 82.1778 -43
-100.439 81.024 -43
-101.66 80.0294 -43
-102.588 79.2444 -43
-104.129 77.8809 -43
-104.736 77.3223 -43
-106.392 75.7325 -43
-106.885 75.2401 -43
-108.541 73.584 -43
-109.033 73.0703 -43
-110.537 71.4356 -43
-111.182 70.735 -43
-112.514 69.2872 -43
-113.33 68.3594 -43
-114.325 67.1387 -43
-115.479 65.7227 -43
-116.075 64.9903 -43
-117.627 62.8956 -43
-117.667 62.8419 -43
-119.2 60.6934 -43
-119.775 59.8453 -43
-120.658 58.545 -43
-121.924 56.5756 -43
-122.035 56.3965 -43
-123.267 54.2481 -43
-124.072 52.8382 -43
-124.466 52.0997 -43
-125.54 49.9512 -43
-126.221 48.5905 -43
-126.615 47.8028 -43
-127.617 45.6543 -43
-128.369 43.9191 -43
-128.542 43.5059 -43
-129.443 41.3575 -43
-130.275 39.209 -43
-130.518 38.5254 -43
-131.037 37.0606 -43
-131.76 34.9122 -43
-132.493 32.7637 -43
-132.666 32.2266 -43
-133.17 30.6153 -43
-133.841 28.4668 -43
-134.503 26.3184 -43
-134.814 25.2442 -43
-135.117 24.17 -43
-135.721 22.0215 -43
-136.305 19.8731 -43
-136.859 17.7246 -43
-136.963 17.3666 -43
-137.466 15.5762 -43
-137.968 13.4278 -43
-138.474 11.2793 -43
-139.007 9.13089 -43
-139.111 8.67051 -43
-139.481 6.98246 -43
-139.951 4.83402 -43
-140.463 2.68558 -43
-140.891 0.537142 -43
-141.26 -1.15092 -43
-141.364 -1.6113 -43
-141.78 -3.75973 -43
-142.233 -5.90817 -43
-142.611 -8.05661 -43
-142.958 -10.205 -43
-143.304 -12.3535 -43
-143.408 -13.1592 -43
-143.581 -14.5019 -43
-143.789 -16.6504 -43
-144.046 -18.7988 -43
-144.205 -20.9472 -43
-144.382 -23.0957 -43
-144.449 -25.2441 -43
-144.482 -27.3926 -43
-144.449 -29.541 -43
-144.382 -31.6894 -43
-144.247 -33.8379 -43
-144.067 -35.9863 -43
-143.912 -38.1347 -43
-143.71 -40.2832 -43
-143.442 -42.4316 -43
-143.408 -42.6465 -43
-143.106 -44.5801 -43
-142.703 -46.7285 -43
-142.233 -48.8769 -43
-141.696 -51.0254 -43
-141.26 -52.4219 -43
-141.017 -53.1738 -43
-140.255 -55.3223 -43
-139.493 -57.4707 -43
-139.111 -58.4554 -43
-138.661 -59.6191 -43
-137.829 -61.7676 -43
-136.963 -63.8334 -43
-136.927 -63.916 -43
-135.924 -66.0644 -43
-134.85 -68.2129 -43
-134.814 -68.28 -43
-133.666 -70.3613 -43
-132.666 -72.0674 -43
-132.397 -72.5098 -43
-131.016 -74.6582 -43
-130.518 -75.3564 -43
-129.443 -76.8066 -43
-128.369 -78.1878 -43
-127.749 -78.9551 -43
-126.221 -80.7617 -43
-125.932 -81.1035 -43
-124.072 -83.2052 -43
-124.029 -83.252 -43
-121.969 -85.4004 -43
-121.924 -85.4451 -43
-119.82 -87.5488 -43
-119.775 -87.5918 -43
-117.627 -89.5684 -43
-117.48 -89.6973 -43
-115.479 -91.3912 -43
-114.916 -91.8457 -43
-113.33 -93.0791 -43
-112.154 -93.9941 -43
-111.182 -94.7501 -43
-109.302 -96.1426 -43
-109.033 -96.3415 -43
-106.885 -97.7923 -43
-106.109 -98.291 -43
-104.736 -99.1734 -43
-102.651 -100.439 -43
-102.588 -100.478 -43
-100.439 -101.736 -43
-98.8953 -102.588 -43
-98.291 -102.921 -43
-96.1426 -104.033 -43
-94.7819 -104.736 -43
-93.9941 -105.13 -43
-91.8457 -106.061 -43
-89.9452 -106.885 -43
-89.6973 -106.992 -43
-87.5488 -107.89 -43
-85.4004 -108.721 -43
-84.5215 -109.033 -43
-83.252 -109.47 -43
-81.1035 -110.141 -43
-78.9551 -110.8 -43
-77.6421 -111.182 -43
-76.8066 -111.424 -43
-74.6582 -112.021 -43
-72.5098 -112.558 -43
-70.3613 -113.088 -43
-69.2871 -113.33 -43
-68.2129 -113.565 -43
-66.0644 -113.968 -43
-63.916 -114.371 -43
-61.7676 -114.706 -43
-59.6191 -115.028 -43
-57.4707 -115.305 -43
-55.6803 -115.479 -43
-55.3223 -115.513 -43
-53.1738 -115.721 -43
-51.0254 -115.982 -43
-48.8769 -116.206 -43
-46.7285 -116.452 -43
-44.5801 -116.683 -43
-42.4316 -116.878 -43
-40.2832 -117.008 -43
-38.1347 -117.139 -43
-35.9863 -117.204 -43
-33.8379 -117.269 -43
-31.6894 -117.269 -43
-29.541 -117.279 -43
-27.3926 -117.279 -43
-25.2441 -117.269 -43
-23.0957 -117.269 -43
-20.9472 -117.269 -43
-18.7988 -117.269 -43
-16.6504 -117.279 -43
-14.5019 -117.334 -43
-12.3535 -117.399 -43
-10.205 -117.459 -43
-8.05661 -117.526 -43
-5.90817 -117.593 -43
-4.83395 -117.627 -43
-3.75973 -117.661 -43
-1.6113 -117.731 -43
0.537142 -117.87 -43
2.68558 -118.008 -43
4.83402 -118.147 -43
6.98246 -118.424 -43
9.13089 -118.668 -43
11.2793 -118.896 -43
13.4278 -119.138 -43
15.5762 -119.339 -43
17.7246 -119.473 -43
19.8731 -119.608 -43
22.0215 -119.671 -43
24.17 -119.741 -43
26.3184 -119.74 -43
28.4668 -119.74 -43
30.6153 -119.74 -43
32.7637 -119.74 -43
34.9122 -119.74 -43
35.9864 -119.775 -43
