6.98246 -119.879 12
9.13089 -119.949 12
11.2793 -120.018 12
13.4278 -120.087 12
15.5762 -120.169 12
17.7246 -120.241 12
19.8731 -120.313 12
22.0215 -120.364 12
24.17 -120.364 12
26.3184 -120.295 12
28.4668 -120.226 12
30.6153 -120.087 12
32.7637 -119.879 12
33.5694 -119.775 12
34.9122 -119.602 12
37.0606 -119.325 12
39.209 -118.909 12
41.3575 -118.533 12
43.5059 -118.131 12
45.6543 -117.662 12
45.8078 -117.627 12
47.8028 -117.176 12
49.9512 -116.732 12
52.0997 -116.276 12
54.2481 -115.79 12
55.6292 -115.479 12
56.3965 -115.299 12
58.545 -114.751 12
60.6934 -114.266 12
62.8419 -113.711 12
64.3189 -113.33 12
64.9903 -113.151 12
67.1387 -112.602 12
69.2872 -111.979 12
71.4356 -111.424 12
72.2711 -111.182 12
73.584 -110.8 12
75.7325 -110.177 12
77.8809 -109.537 12
79.3458 -109.033 12
80.0294 -108.791 12
82.1778 -108.06 12
84.3262 -107.254 12
85.2352 -106.885 12
86.4747 -106.348 12
88.6231 -105.395 12
89.9838 -104.736 12
90.7715 -104.329 12
92.92 -103.218 12
94.1374 -102.588 12
95.0684 -102.089 12
97.2169 -100.847 12
97.9119 -100.439 12
99.3653 -99.5571 12
101.451 -98.291 12
101.514 -98.2512 12
103.662 -96.7948 12
104.623 -96.1426 12
105.811 -95.2749 12
107.476 -93.9941 12
107.959 -93.6223 12
110.107 -91.887 12
110.154 -91.8457 12
112.256 -89.9121 12
112.489 -89.6973 12
114.404 -87.8621 12
114.705 -87.5488 12
116.553 -85.6242 12
116.768 -85.4004 12
118.701 -83.2987 12
118.743 -83.252 12
120.56 -81.1035 12
120.85 -80.7454 12
122.296 -78.9551 12
122.998 -78.042 12
123.913 -76.8066 12
125.147 -75.054 12
125.425 -74.6582 12
126.873 -72.5098 12
127.295 -71.8147 12
128.147 -70.3613 12
129.332 -68.2129 12
129.443 -68.0115 12
130.482 -66.0644 12
131.484 -63.916 12
131.592 -63.6858 12
132.458 -61.7676 12
133.359 -59.6191 12
133.74 -58.6344 12
134.177 -57.4707 12
134.915 -55.3223 12
135.646 -53.1738 12
135.889 -52.4219 12
136.325 -51.0254 12
136.929 -48.8769 12
137.467 -46.7285 12
138.003 -44.5801 12
138.037 -44.4266 12
138.474 -42.4316 12
138.809 -40.2832 12
139.177 -38.1347 12
139.481 -35.9863 12
139.749 -33.8379 12
139.943 -31.6894 12
140.082 -29.541 12
140.151 -27.3926 12
140.151 -25.2441 12
140.186 -24.1699 12
140.22 -23.0957 12
140.221 -20.9472 12
140.186 -19.873 12
140.15 -18.7988 12
140.15 -16.6504 12
140.149 -14.5019 12
140.078 -12.3535 12
140.078 -10.205 12
140.078 -8.05661 12
140.15 -5.90817 12
140.151 -3.75973 12
140.186 -2.68552 12
140.22 -1.6113 12
140.22 0.537142 12
140.22 2.68558 12
140.219 4.83402 12
140.186 5.90824 12
140.152 6.98246 12
140.085 9.13089 12
139.951 11.2793 12
139.816 13.4278 12
139.682 15.5762 12
139.481 17.7246 12
139.279 19.8731 12
139.078 22.0215 12
138.809 24.17 12
138.608 26.3184 12
138.349 28.4668 12
138.072 30.6153 12
138.037 30.8838 12
137.795 32.7637 12
137.517 34.9122 12
137.171 37.0606 12
136.755 39.209 12
136.339 41.3575 12
135.923 43.5059 12
135.889 43.6594 12
135.438 45.6543 12
134.884 47.8028 12
134.329 49.9512 12
133.74 51.9803 12
133.705 52.0997 12
133.06 54.2481 12
132.344 56.3965 12
131.592 58.4473 12
131.556 58.545 12
130.768 60.6934 12
129.837 62.8419 12
129.443 63.7508 12
128.888 64.9903 12
127.851 67.1387 12
127.295 68.1458 12
126.665 69.2872 12
125.338 71.4356 12
125.147 71.734 12
123.913 73.584 12
122.998 74.7606 12
122.213 75.7325 12
120.85 77.2738 12
120.268 77.8809 12
118.701 79.4475 12
118.066 80.0294 12
116.553 81.3102 12
115.479 82.1778 12
114.404 82.9835 12
112.316 84.3262 12
112.256 84.3646 12
110.107 85.6227 12
108.46 86.4747 12
107.959 86.7253 12
105.811 87.6563 12
103.662 88.5157 12
103.369 88.6231 12
101.514 89.2815 12
99.3653 89.9745 12
97.2169 90.5983 12
96.5455 90.7715 12
95.0684 91.1408 12
92.92 91.6379 12
90.7715 92.0808 12
88.6231 92.4836 12
86.4747 92.8853 12
86.2598 92.92 12
84.3262 93.2221 12
82.1778 93.5091 12
80.0294 93.8556 12
77.8809 94.1621 12
75.7325 94.4793 12
73.584 94.7566 12
71.6504 95.0684 12
71.4356 95.102 12
69.2872 95.3803 12
67.1387 95.6771 12
64.9903 95.9636 12
62.8419 96.3649 12
60.6934 96.7353 12
58.545 97.1057 12
57.7393 97.2169 12
56.3965 97.4021 12
54.2481 97.6243 12
52.0997 97.7725 12
49.9512 97.8466 12
47.8028 97.8972 12
45.6543 97.8972 12
43.5059 97.8972 12
41.3575 97.8256 12
39.209 97.7725 12
37.0606 97.6984 12
34.9122 97.6243 12
32.7637 97.4762 12
30.6153 97.2552 12
30.3467 97.2169 12
28.4668 96.9483 12
26.3184 96.7181 12
24.17 96.4112 12
22.0215 96.1426 12
19.8731 95.9039 12
17.7246 95.6652 12
15.5762 95.4904 12
13.4278 95.3277 12
11.2793 95.1068 12
10.7422 95.0684 12
9.13089 94.9533 12
6.98246 94.7231 12
4.83402 94.5512 12
2.68558 94.3921 12
0.537142 94.2329 12
-1.6113 94.186 12
-3.75973 94.2165 12
-5.90817 94.3646 12
-8.05661 94.5313 12
-10.205 94.8832 12
-11.2793 95.0684 12
-12.3535 95.2536 12
-14.5019 95.6981 12
-16.6504 96.2167 12
-18.7988 96.7181 12
-20.9472 97.1798 12
-21.1263 97.2169 12
-23.0957 97.6243 12
-25.2441 97.9947 12
-27.3926 98.3269 12
-29.541 98.7069 12
-31.6894 99.1146 12
-33.1933 99.3653 12
-33.8379 99.4693 12
-35.9863 99.8017 12
-38.1347 100.024 12
-40.2832 100.205 12
-42.4316 100.272 12
-44.5801 100.339 12
-46.7285 100.374 12
-48.8769 100.406 12
-51.0254 100.44 12
-53.1738 100.44 12
-55.3223 100.406 12
-57.4707 100.309 12
-59.6191 100.137 12
-61.7676 99.8158 12
-63.916 99.4 12
-64.0695 99.3653 12
-66.0644 98.8998 12
-68.2129 98.3985 12
-70.3613 97.9446 12
-72.5098 97.4675 12
-74.0137 97.2169 12
-74.6582 97.1094 12
-76.8066 96.6971 12
-78.9551 96.3506 12
-81.1035 95.9347 12
-83.252 95.5189 12
-85.4004 95.1031 12
-85.5794 95.0684 12
-87.5488 94.6873 12
-89.6973 94.2292 12
-91.8457 93.7592 12
-93.9941 93.2319 12
-95.2026 92.92 12
-96.1426 92.6774 12
-98.291 92.123 12
-100.439 91.4765 12
-102.588 90.8062 12
-102.686 90.7715 12
-104.736 90.0196 12
-106.885 89.1429 12
-108.036 88.6231 12
-109.033 88.1416 12
-111.182 87.0303 12
-112.077 86.4747 12
-113.33 85.669 12
-115.21 84.3262 12
-115.479 84.1197 12
-117.627 82.2226 12
-117.674 82.1778 12
-119.775 80.0761 12
-119.818 80.0294 12
-121.635 77.8809 12
-121.924 77.5049 12
-123.19 75.7325 12
-124.072 74.3599 12
-124.554 73.584 12
-125.665 71.4356 12
-126.221 70.2847 12
-126.686 69.2872 12
-127.546 67.1387 12
-128.333 64.9903 12
-128.369 64.8926 12
-129.097 62.8419 12
-129.766 60.6934 12
-130.344 58.545 12
-130.518 57.9482 12
-130.968 56.3965 12
-131.453 54.2481 12
-131.938 52.0997 12
-132.423 49.9512 12
-132.666 48.877 12
-132.901 47.8028 12
-133.324 45.6543 12
-133.774 43.5059 12
-134.177 41.3575 12
-134.572 39.209 12
-134.814 37.7051 12
-134.918 37.0606 12
-135.318 34.9122 12
-135.681 32.7637 12
-136.027 30.6153 12
-136.374 28.4668 12
-136.712 26.3184 12
-136.963 24.4385 12
-136.998 24.17 12
-137.285 22.0215 12
-137.572 19.8731 12
-137.889 17.7246 12
-138.229 15.5762 12
-138.613 13.4278 12
-138.992 11.2793 12
-139.111 10.6348 12
-139.362 9.13089 12
-139.741 6.98246 12
-140.111 4.83402 12
-140.436 2.68558 12
-140.778 0.537142 12
-141 -1.6113 12
-141.145 -3.75973 12
-141.145 -5.90817 12
-141.061 -8.05661 12
-140.805 -10.205 12
-140.615 -12.3535 12
-140.499 -14.5019 12
-140.653 -16.6504 12
-140.933 -18.7988 12
-141.213 -20.9472 12
-141.26 -22.0215 12
-141.3 -23.0957 12
-141.26 -23.6328 12
-141.126 -25.2441 12
-140.767 -27.3926 12
-140.357 -29.541 12
-140.1 -31.6894 12
-140.1 -33.8379 12
-140.186 -35.9863 12
-140.265 -38.1347 12
-140.224 -40.2832 12
-140.026 -42.4316 12
-139.687 -44.5801 12
-139.226 -46.7285 12
-139.111 -47.1889 12
-138.639 -48.8769 12
-138.078 -51.0254 12
-137.401 -53.1738 12
-136.963 -54.4867 12
-136.621 -55.3223 12
-135.608 -57.4707 12
-134.814 -59.1308 12
-134.532 -59.6191 12
-133.364 -61.7676 12
-132.666 -63.0371 12
-132.129 -63.916 12
-131.108 -66.0644 12
-130.518 -67.3774 12
-130.176 -68.2129 12
-129.271 -70.3613 12
-128.369 -72.2412 12
-128.235 -72.5098 12
-127.037 -74.6582 12
-126.221 -75.8588 12
-125.549 -76.8066 12
-124.072 -78.776 12
-123.911 -78.9551 12
-121.975 -81.1035 12
-121.924 -81.16 12
-119.832 -83.252 12
-119.775 -83.3085 12
-117.627 -85.2214 12
-117.397 -85.4004 12
-115.479 -86.8924 12
-114.57 -87.5488 12
-113.33 -88.444 12
-111.595 -89.6973 12
-111.182 -89.9957 12
-109.033 -91.4876 12
-108.62 -91.8457 12
-106.885 -93.3496 12
-106.141 -93.9941 12
-104.736 -95.1355 12
-103.585 -96.1426 12
-102.588 -96.964 12
-100.977 -98.291 12
-100.439 -98.667 12
-98.291 -100.141 12
-97.9074 -100.439 12
-96.1426 -101.563 12
-94.4073 -102.588 12
-93.9941 -102.803 12
-91.8457 -103.796 12
-89.6973 -104.513 12
-88.93 -104.736 12
-87.5488 -105.094 12
-85.4004 -105.497 12
-83.252 -106.152 12
-81.4616 -106.885 12
-81.1035 -107.025 12
-78.9551 -108.061 12
-76.9141 -109.033 12
-76.8066 -109.08 12
-74.6582 -110.014 12
-72.5098 -110.721 12
-70.8984 -111.182 12
-70.3613 -111.316 12
-68.2129 -111.789 12
-66.0644 -112.305 12
-63.916 -112.87 12
-62.3047 -113.33 12
-61.7676 -113.464 12
-59.6191 -113.912 12
-57.4707 -114.217 12
-55.3223 -114.551 12
-53.1738 -114.888 12
-51.0254 -115.21 12
-49.6826 -115.479 12
-48.8769 -115.607 12
-46.7285 -115.951 12
-44.5801 -116.239 12
-42.4316 -116.459 12
-40.2832 -116.699 12
-38.1347 -116.895 12
-35.9863 -117.188 12
-33.8379 -117.48 12
-32.7637 -117.627 12
-31.6894 -117.751 12
-29.541 -117.916 12
-27.3926 -117.999 12
-25.2441 -118.065 12
-23.0957 -118.081 12
-20.9472 -118.081 12
-18.7988 -118.164 12
-16.6504 -118.303 12
-14.5019 -118.479 12
-12.3535 -118.665 12
-10.205 -118.84 12
-8.05661 -119.003 12
-5.90817 -119.138 12
-3.75973 -119.287 12
-1.6113 -119.417 12
0.537142 -119.54 12
2.68558 -119.675 12
4.83402 -119.742 12
5.37113 -119.775 12
