-31.6894 -89.7319 102
-29.541 -89.8012 102
-27.3926 -89.8651 102
-25.2441 -89.8705 102
-23.0957 -89.8705 102
-20.9472 -89.8651 102
-18.7988 -89.798 102
-17.1875 -89.6973 102
-16.6504 -89.6626 102
-14.5019 -89.524 102
-12.3535 -89.3161 102
-10.205 -89.1082 102
-8.05661 -88.9696 102
-5.90817 -88.7909 102
-3.75973 -88.6566 102
-1.6113 -88.5895 102
0.537142 -88.5895 102
2.68558 -88.6566 102
4.83402 -88.7617 102
6.98246 -88.9696 102
9.13089 -89.1775 102
11.2793 -89.3854 102
13.4278 -89.6615 102
13.7858 -89.6973 102
15.5762 -89.8651 102
17.7246 -90.0091 102
19.8731 -90.1337 102
22.0215 -90.2679 102
24.17 -90.3351 102
26.3184 -90.3351 102
28.4668 -90.4022 102
30.6153 -90.4022 102
32.7637 -90.4022 102
34.9122 -90.3351 102
37.0606 -90.3351 102
39.209 -90.2008 102
41.3575 -90.0784 102
43.5059 -89.9398 102
45.6543 -89.798 102
46.46 -89.6973 102
47.8028 -89.524 102
49.9512 -89.3161 102
52.0997 -89.0389 102
54.2481 -88.831 102
56.3965 -88.5223 102
58.545 -88.2538 102
60.6934 -87.93 102
62.8419 -87.5835 102
63.0567 -87.5488 102
64.9903 -87.237 102
67.1387 -86.8904 102
69.2872 -86.4746 102
71.4356 -86.0382 102
73.584 -85.5736 102
74.4792 -85.4004 102
75.7325 -85.1497 102
77.8809 -84.6034 102
80.0294 -84.049 102
82.1778 -83.4945 102
83.0133 -83.252 102
84.3262 -82.8708 102
86.4747 -82.247 102
88.6231 -81.554 102
89.8926 -81.1035 102
90.7715 -80.7812 102
92.92 -80.0651 102
95.0684 -79.2773 102
95.9473 -78.9551 102
97.2169 -78.4896 102
99.3653 -77.6302 102
101.424 -76.8066 102
101.514 -76.7696 102
103.662 -75.8398 102
105.811 -74.9088 102
106.389 -74.6582 102
107.959 -73.9779 102
110.107 -72.9913 102
111.105 -72.5098 102
112.256 -71.9726 102
114.404 -70.917 102
115.411 -70.3613 102
116.553 -69.7316 102
118.701 -68.5463 102
119.238 -68.2129 102
120.85 -67.177 102
122.489 -66.0644 102
122.998 -65.7064 102
125.147 -64.1149 102
125.402 -63.916 102
127.295 -62.3873 102
127.996 -61.7676 102
129.443 -60.4355 102
130.331 -59.6191 102
131.592 -58.4106 102
132.494 -57.4707 102
133.74 -56.1162 102
134.471 -55.3223 102
135.889 -53.781 102
136.447 -53.1738 102
138.037 -51.3672 102
138.326 -51.0254 102
140.144 -48.8769 102
140.186 -48.8281 102
141.962 -46.7285 102
142.334 -46.3082 102
143.924 -44.5801 102
144.483 -43.9729 102
146.024 -42.4316 102
146.631 -41.8945 102
148.626 -40.2832 102
148.779 -40.1638 102
150.928 -38.787 102
152.145 -38.1347 102
153.076 -37.6693 102
155.225 -36.8526 102
157.373 -36.2884 102
159.307 -35.9863 102
159.522 -35.9527 102
161.67 -35.6842 102
163.818 -35.498 102
165.967 -35.3678 102
168.115 -35.3027 102
170.264 -35.1725 102
172.412 -35.0423 102
174.561 -34.847 102
176.709 -34.61 102
178.858 -34.2883 102
181.006 -33.9386 102
181.466 -33.8379 102
183.154 -33.4567 102
185.303 -32.9023 102
187.451 -32.2092 102
188.794 -31.6894 102
189.6 -31.3561 102
191.748 -30.3189 102
193.158 -29.541 102
193.897 -29.119 102
196.045 -27.6711 102
196.421 -27.3926 102
198.193 -26.0291 102
199.121 -25.2441 102
200.342 -24.1699 102
201.461 -23.0957 102
202.49 -22.0662 102
203.609 -20.9472 102
204.639 -19.873 102
205.589 -18.7988 102
206.787 -17.3828 102
207.384 -16.6504 102
208.936 -14.5556 102
208.974 -14.5019 102
210.355 -12.3535 102
211.084 -11.1529 102
211.621 -10.205 102
212.624 -8.05661 102
213.233 -6.65186 102
213.544 -5.90817 102
214.307 -3.75973 102
215 -1.6113 102
215.381 -0.134245 102
215.554 0.537142 102
216.086 2.68558 102
216.489 4.83402 102
216.824 6.98246 102
217.093 9.13089 102
217.294 11.2793 102
217.425 13.4278 102
217.495 15.5762 102
217.425 17.7246 102
217.356 19.8731 102
217.148 22.0215 102
216.892 24.17 102
216.594 26.3184 102
216.178 28.4668 102
215.693 30.6153 102
215.381 31.6895 102
215.059 32.7637 102
214.271 34.9122 102
213.344 37.0606 102
213.233 37.2908 102
212.306 39.209 102
211.121 41.3575 102
211.084 41.4171 102
209.692 43.5059 102
208.936 44.5264 102
208.1 45.6543 102
206.787 47.3424 102
206.4 47.8028 102
204.639 49.7177 102
204.415 49.9512 102
202.49 51.7989 102
202.163 52.0997 102
200.342 53.7754 102
199.779 54.2481 102
198.193 55.4815 102
196.958 56.3965 102
196.045 57.0487 102
193.897 58.4299 102
193.718 58.545 102
191.748 59.7674 102
190.07 60.6934 102
189.6 60.9441 102
187.451 62.0183 102
185.686 62.8419 102
185.303 63.0209 102
183.154 63.9854 102
181.006 64.8829 102
180.758 64.9903 102
178.858 65.8139 102
176.709 66.8165 102
176.065 67.1387 102
174.561 67.9166 102
172.412 69.0953 102
172.096 69.2872 102
170.264 70.3997 102
168.558 71.4356 102
168.115 71.7042 102
165.967 73.0853 102
165.191 73.584 102
163.818 74.4664 102
161.733 75.7325 102
161.67 75.7695 102
159.522 77.029 102
157.977 77.8809 102
157.373 78.2143 102
155.225 79.3996 102
154.007 80.0294 102
153.076 80.5109 102
150.928 81.5691 102
149.71 82.1778 102
148.779 82.6433 102
146.631 83.5743 102
144.751 84.3262 102
144.483 84.4337 102
142.334 85.2618 102
140.186 86.0242 102
138.789 86.4747 102
138.037 86.7172 102
135.889 87.4103 102
133.74 88.1033 102
131.95 88.6231 102
131.592 88.7271 102
129.443 89.3508 102
127.295 89.9745 102
125.147 90.529 102
124.207 90.7715 102
122.998 91.0737 102
120.85 91.5685 102
118.701 92.0537 102
116.553 92.5388 102
114.583 92.92 102
114.404 92.9546 102
112.256 93.4235 102
110.107 93.8556 102
107.959 94.2714 102
105.811 94.6992 102
104.123 95.0684 102
103.662 95.1691 102
101.514 95.572 102
99.3653 96.004 102
97.2169 96.4448 102
95.0684 96.8476 102
93.3804 97.2169 102
92.92 97.3176 102
90.7715 97.7366 102
88.6231 98.2218 102
86.4747 98.7069 102
84.3262 99.1863 102
83.4311 99.3653 102
82.1778 99.6079 102
80.0294 100.003 102
77.8809 100.309 102
75.7325 100.505 102
73.584 100.635 102
71.4356 100.635 102
69.2872 100.635 102
67.1387 100.57 102
64.9903 100.505 102
62.8419 100.339 102
60.6934 100.07 102
58.545 99.7465 102
56.3965 99.4 102
56.2175 99.3653 102
54.2481 98.9714 102
52.0997 98.6133 102
49.9512 98.2911 102
47.8028 98.0404 102
45.6543 97.7366 102
43.5059 97.4594 102
42.002 97.2169 102
41.3575 97.1129 102
39.209 96.7133 102
37.0606 96.3506 102
34.9122 95.9347 102
32.7637 95.572 102
30.6153 95.1724 102
29.9707 95.0684 102
28.4668 94.8259 102
26.3184 94.41 102
24.17 93.9942 102
22.0215 93.5287 102
19.8731 93.0274 102
19.4127 92.92 102
17.7246 92.5261 102
15.5762 91.9844 102
13.4278 91.4992 102
11.2793 91.0141 102
10.0261 90.7715 102
9.13089 90.5925 102
6.98246 90.1825 102
4.83402 89.8359 102
2.68558 89.4894 102
0.537142 89.2815 102
-1.6113 89.1267 102
-3.75973 89.0043 102
-5.90817 89.0595 102
-8.05661 89.1429 102
-10.205 89.3281 102
-12.3535 89.5966 102
-14.5019 89.9745 102
-16.6504 90.4597 102
-17.8589 90.7715 102
-18.7988 91.0065 102
-20.9472 91.5436 102
-23.0957 92.123 102
-25.2441 92.6774 102
-26.1841 92.92 102
-27.3926 93.2319 102
-29.541 93.7863 102
-31.6894 94.2714 102
-33.8379 94.7566 102
-35.4492 95.0684 102
-35.9863 95.1724 102
-38.1347 95.5189 102
-40.2832 95.9347 102
-42.4316 96.2119 102
-44.5801 96.5365 102
-46.7285 96.7664 102
-48.8769 96.905 102
-51.0254 97.0378 102
-53.1738 97.0378 102
-55.3223 96.9743 102
-57.4707 96.8357 102
-59.6191 96.6971 102
-61.7676 96.5585 102
-63.916 96.3506 102
-66.0644 96.1426 102
-68.2129 95.9347 102
-70.3613 95.7268 102
-72.5098 95.5189 102
-74.6582 95.3705 102
-76.8066 95.2363 102
-78.597 95.0684 102
-78.9551 95.0338 102
-81.1035 94.8259 102
-83.252 94.6179 102
-85.4004 94.2963 102
-87.5488 94.0278 102
-89.6973 93.717 102
-91.8457 93.4235 102
-93.9941 93.155 102
-95.874 92.92 102
-96.1426 92.8853 102
-98.291 92.5507 102
-100.439 92.215 102
-102.588 91.8793 102
-104.736 91.4765 102
-106.885 91.0737 102
-108.496 90.7715 102
-109.033 90.6676 102
-111.182 90.2009 102
-113.33 89.7309 102
-115.479 89.3281 102
-117.627 88.7964 102
-118.394 88.6231 102
-119.775 88.321 102
-121.924 87.851 102
-124.072 87.381 102
-126.221 86.8558 102
-127.909 86.4747 102
-128.369 86.3672 102
-130.518 85.7697 102
-132.666 85.1925 102
-134.814 84.5688 102
-135.65 84.3262 102
-136.963 83.9451 102
-139.111 83.252 102
-141.26 82.5471 102
-142.244 82.1778 102
-143.408 81.7273 102
-145.557 80.965 102
-147.705 80.064 102
-147.782 80.0294 102
-149.854 79.0626 102
-152.002 77.992 102
-152.217 77.8809 102
-154.15 76.8451 102
-155.983 75.7325 102
-156.299 75.5407 102
-158.447 74.1013 102
-159.146 73.584 102
-160.596 72.5482 102
-162.079 71.4356 102
-162.744 70.9184 102
-164.841 69.2872 102
-164.893 69.2474 102
-167.041 67.6559 102
-167.776 67.1387 102
-169.189 66.1796 102
-171.04 64.9903 102
-171.338 64.7914 102
-173.486 63.4716 102
-174.628 62.8419 102
-175.635 62.2862 102
-177.783 61.1589 102
-178.714 60.6934 102
-179.932 60.0637 102
-182.08 59.0105 102
-183.011 58.545 102
-184.229 57.9153 102
-186.377 56.804 102
-187.116 56.3965 102
-188.525 55.6187 102
-190.674 54.3632 102
-190.853 54.2481 102
-192.822 52.9821 102
-194.195 52.0997 102
-194.971 51.6009 102
-197.119 50.1502 102
-197.388 49.9512 102
-199.268 48.5587 102
-200.24 47.8028 102
-201.416 46.8525 102
-202.899 45.6543 102
-203.564 45.0958 102
-205.293 43.5059 102
-205.713 43.1192 102
-207.548 41.3575 102
-207.861 41.0305 102
-209.537 39.209 102
-210.01 38.6953 102
-211.456 37.0606 102
-212.158 36.191 102
-213.153 34.9122 102
-214.307 33.3545 102
-214.744 32.7637 102
-216.177 30.6153 102
-216.455 30.173 102
-217.422 28.4668 102
-218.567 26.3184 102
-218.604 26.2358 102
-219.499 24.17 102
-220.371 22.0215 102
-220.752 20.9473 102
-221.133 19.8731 102
-221.826 17.7246 102
-222.381 15.5762 102
-222.866 13.4278 102
-222.9 13.2487 102
-223.27 11.2793 102
-223.559 9.13089 102
-223.807 6.98246 102
-223.975 4.83402 102
-224.113 2.68558 102
-224.183 0.537142 102
-224.183 -1.6113 102
-224.044 -3.75973 102
-223.836 -5.90817 102
-223.49 -8.05661 102
-223.004 -10.205 102
-222.9 -10.6079 102
-222.435 -12.3535 102
-221.647 -14.5019 102
-220.752 -16.5677 102
-220.714 -16.6504 102
-219.53 -18.7988 102
-218.604 -20.2122 102
-218.086 -20.9472 102
-216.455 -23.0445 102
-216.412 -23.0957 102
-214.522 -25.2441 102
-214.307 -25.4679 102
-212.298 -27.3926 102
-212.158 -27.5165 102
-210.01 -29.3262 102
-209.741 -29.541 102
-207.861 -30.9335 102
-206.841 -31.6894 102
-205.713 -32.4951 102
-203.564 -33.7995 102
-203.497 -33.8379 102
-201.416 -34.9862 102
-199.482 -35.9863 102
-199.268 -36.0937 102
-197.119 -37.0247 102
-194.971 -37.8841 102
-194.287 -38.1347 102
-192.822 -38.6545 102
-190.674 -39.2783 102
-188.525 -39.8327 102
-186.53 -40.2832 102
-186.377 -40.3178 102
-184.229 -40.7867 102
-182.08 -41.1224 102
-179.932 -41.4581 102
-177.783 -41.7938 102
-175.635 -41.9952 102
-173.486 -42.1966 102
-171.338 -42.3277 102
-169.189 -42.397 102
-167.041 -42.397 102
-164.893 -42.397 102
-162.744 -42.397 102
-161.67 -42.4316 102
-160.596 -42.4674 102
-158.447 -42.6823 102
-156.299 -42.9687 102
-154.15 -43.5416 102
-152.002 -44.2467 102
-151.311 -44.5801 102
-149.854 -45.2839 102
-147.705 -46.4599 102
-147.309 -46.7285 102
-145.557 -48.0093 102
-144.531 -48.8769 102
-143.408 -49.8652 102
-142.147 -51.0254 102
-141.26 -51.8418 102
-139.872 -53.1738 102
-139.111 -53.9347 102
-137.724 -55.3223 102
-136.963 -56.0832 102
-135.515 -57.4707 102
-134.814 -58.1152 102
-133.18 -59.6191 102
-132.666 -60.0918 102
-130.762 -61.7676 102
-130.518 -61.9824 102
-128.369 -63.873 102
-128.315 -63.916 102
-126.221 -65.5273 102
-125.522 -66.0644 102
-124.072 -67.1003 102
-122.433 -68.2129 102
-121.924 -68.5582 102
-119.775 -69.9237 102
-119.037 -70.3613 102
-117.627 -71.167 102
-115.479 -72.3245 102
-115.12 -72.5098 102
-113.33 -73.4358 102
-111.182 -74.473 102
-110.768 -74.6582 102
-109.033 -75.4361 102
-106.885 -76.3411 102
-105.811 -76.8066 102
-104.736 -77.2721 102
-102.588 -78.0599 102
-100.439 -78.8477 102
-100.117 -78.9551 102
-98.291 -79.5638 102
-96.1426 -80.2799 102
-93.9941 -80.9924 102
-93.6361 -81.1035 102
-91.8457 -81.6406 102
-89.6973 -82.2852 102
-87.5488 -82.8581 102
-86.0718 -83.252 102
-85.4004 -83.4252 102
-83.252 -83.9103 102
-81.1035 -84.3262 102
-78.9551 -84.742 102
-76.8066 -85.1497 102
-75.3027 -85.4004 102
-74.6582 -85.5011 102
-72.5098 -85.7816 102
-70.3613 -86.1053 102
-68.2129 -86.4053 102
-66.0644 -86.6536 102
-63.916 -86.9401 102
-61.7676 -87.1677 102
-59.6191 -87.4414 102
-58.8135 -87.5488 102
-57.4707 -87.7221 102
-55.3223 -87.93 102
-53.1738 -88.1866 102
-51.0254 -88.3458 102
-48.8769 -88.5537 102
-46.7285 -88.7305 102
-44.5801 -88.8737 102
-42.4316 -89.0389 102
-40.2832 -89.2318 102
-38.1347 -89.375 102
-35.9863 -89.5182 102
-33.8379 -89.6615 102
-32.7637 -89.6973 102
