13.4278 -117.662 -88
15.5762 -117.8 -88
17.7246 -117.87 -88
19.8731 -117.949 -88
22.0215 -118.008 -88
24.17 -118.077 -88
26.3184 -118.077 -88
28.4668 -118.077 -88
30.6153 -118.008 -88
32.7637 -117.939 -88
34.9122 -117.87 -88
37.0606 -117.731 -88
38.6719 -117.627 -88
39.209 -117.592 -88
41.3575 -117.392 -88
43.5059 -117.123 -88
45.6543 -116.922 -88
47.8028 -116.586 -88
49.9512 -116.183 -88
52.0997 -115.781 -88
53.4808 -115.479 -88
54.2481 -115.305 -88
56.3965 -114.82 -88
58.545 -114.304 -88
60.6934 -113.766 -88
62.2451 -113.33 -88
62.8419 -113.157 -88
64.9903 -112.533 -88
67.1387 -111.954 -88
69.2872 -111.286 -88
69.6452 -111.182 -88
71.4356 -110.645 -88
73.584 -109.9 -88
75.7325 -109.206 -88
76.2208 -109.033 -88
77.8809 -108.444 -88
80.0294 -107.682 -88
82.0883 -106.885 -88
82.1778 -106.849 -88
84.3262 -105.918 -88
86.4747 -104.987 -88
87.0118 -104.736 -88
88.6231 -103.984 -88
90.7715 -102.982 -88
91.5593 -102.588 -88
92.92 -101.884 -88
95.0684 -100.699 -88
95.5108 -100.439 -88
97.2169 -99.4393 -88
99.0669 -98.291 -88
99.3653 -98.0992 -88
101.514 -96.7394 -88
102.362 -96.1426 -88
103.662 -95.2602 -88
105.435 -93.9941 -88
105.811 -93.7156 -88
107.959 -92.1242 -88
108.317 -91.8457 -88
110.107 -90.4532 -88
111.035 -89.6973 -88
112.256 -88.6644 -88
113.517 -87.5488 -88
114.404 -86.7324 -88
115.852 -85.4004 -88
116.553 -84.729 -88
118.094 -83.252 -88
118.701 -82.6448 -88
120.178 -81.1035 -88
120.85 -80.4029 -88
122.13 -78.9551 -88
122.998 -77.9297 -88
123.948 -76.8066 -88
125.147 -75.249 -88
125.584 -74.6582 -88
127.096 -72.5098 -88
127.295 -72.2114 -88
128.443 -70.3613 -88
129.443 -68.6552 -88
129.712 -68.2129 -88
130.94 -66.0644 -88
131.592 -64.847 -88
132.073 -63.916 -88
133.111 -61.7676 -88
133.74 -60.4632 -88
134.148 -59.6191 -88
135.137 -57.4707 -88
135.889 -55.7354 -88
136.068 -55.3223 -88
136.927 -53.1738 -88
137.778 -51.0254 -88
138.037 -50.2734 -88
138.488 -48.8769 -88
139.181 -46.7285 -88
139.792 -44.5801 -88
140.186 -43.103 -88
140.359 -42.4316 -88
140.844 -40.2832 -88
141.26 -38.1347 -88
141.606 -35.9863 -88
141.94 -33.8379 -88
142.149 -31.6894 -88
142.223 -29.541 -88
142.223 -27.3926 -88
142.075 -25.2441 -88
141.927 -23.0957 -88
141.704 -20.9472 -88
141.439 -18.7988 -88
141.26 -16.6504 -88
141.052 -14.5019 -88
140.775 -12.3535 -88
140.497 -10.205 -88
140.186 -8.27146 -88
140.151 -8.05661 -88
139.804 -5.90817 -88
139.458 -3.75973 -88
139.042 -1.6113 -88
138.626 0.537142 -88
138.141 2.68558 -88
138.037 3.08841 -88
137.587 4.83402 -88
137.032 6.98246 -88
136.409 9.13089 -88
135.889 10.9213 -88
135.781 11.2793 -88
135.092 13.4278 -88
134.378 15.5762 -88
133.74 17.4317 -88
133.633 17.7246 -88
132.774 19.8731 -88
131.914 22.0215 -88
131.592 22.7652 -88
130.983 24.17 -88
130.052 26.3184 -88
129.443 27.7231 -88
129.11 28.4668 -88
128.119 30.6153 -88
127.295 32.3801 -88
127.11 32.7637 -88
126.042 34.9122 -88
125.147 36.7025 -88
124.968 37.0606 -88
123.893 39.209 -88
122.998 40.8875 -88
122.739 41.3575 -88
121.553 43.5059 -88
120.85 44.7065 -88
120.294 45.6543 -88
119.035 47.8028 -88
118.701 48.3399 -88
117.665 49.9512 -88
116.553 51.6819 -88
116.284 52.0997 -88
114.826 54.2481 -88
114.404 54.8389 -88
113.251 56.3965 -88
112.256 57.6754 -88
111.554 58.545 -88
110.107 60.3353 -88
109.818 60.6934 -88
107.959 62.7951 -88
107.916 62.8419 -88
105.945 64.9903 -88
105.811 65.1304 -88
103.802 67.1387 -88
103.662 67.273 -88
101.56 69.2872 -88
101.514 69.3301 -88
99.3653 71.1464 -88
99.0072 71.4356 -88
97.2169 72.8817 -88
96.2557 73.584 -88
95.0684 74.4195 -88
93.099 75.7325 -88
92.92 75.8518 -88
90.7715 77.152 -88
89.4109 77.8809 -88
88.6231 78.2884 -88
86.4747 79.349 -88
85.0168 80.0294 -88
84.3262 80.3412 -88
82.1778 81.211 -88
80.0294 81.9988 -88
79.5411 82.1778 -88
77.8809 82.7669 -88
75.7325 83.4599 -88
73.584 84.153 -88
72.9873 84.3262 -88
71.4356 84.7767 -88
69.2872 85.3311 -88
67.1387 85.8856 -88
64.9903 86.44 -88
64.8368 86.4747 -88
62.8419 86.9111 -88
60.6934 87.341 -88
58.545 87.7167 -88
56.3965 88.0524 -88
54.2481 88.3112 -88
52.0997 88.5192 -88
50.4883 88.6231 -88
49.9512 88.6578 -88
47.8028 88.7271 -88
45.6543 88.7271 -88
44.043 88.6231 -88
43.5059 88.5885 -88
41.3575 88.4441 -88
39.209 88.1726 -88
37.0606 87.8261 -88
34.9122 87.381 -88
32.7637 86.9111 -88
31.0181 86.4747 -88
30.6153 86.3672 -88
28.4668 85.8163 -88
26.3184 85.2618 -88
24.17 84.6381 -88
22.9615 84.3262 -88
22.0215 84.0837 -88
19.8731 83.5985 -88
17.7246 83.0842 -88
15.5762 82.6142 -88
13.5812 82.1778 -88
13.4278 82.1431 -88
11.2793 81.7273 -88
9.13089 81.3386 -88
6.98246 81.07 -88
4.83402 80.8264 -88
2.68558 80.7571 -88
0.537142 80.7571 -88
-1.6113 80.965 -88
-3.75973 81.2422 -88
-5.90817 81.658 -88
-7.92233 82.1778 -88
-8.05661 82.2124 -88
-10.205 82.7669 -88
-12.3535 83.3906 -88
-14.5019 84.0144 -88
-15.7104 84.3262 -88
-16.6504 84.5688 -88
-18.7988 85.1655 -88
-20.9472 85.6777 -88
-23.0957 86.2321 -88
-24.3489 86.4747 -88
-25.2441 86.6479 -88
-27.3926 87.1125 -88
-29.541 87.5153 -88
-31.6894 87.851 -88
-33.8379 88.1196 -88
-35.9863 88.3805 -88
-38.1347 88.5885 -88
-38.6719 88.6231 -88
-40.2832 88.7238 -88
-42.4316 88.7964 -88
-44.5801 88.8657 -88
-46.7285 88.8657 -88
-48.8769 88.8657 -88
-51.0254 88.8021 -88
-53.1738 88.8021 -88
-55.3223 88.7964 -88
-57.4707 88.7271 -88
-59.082 88.6231 -88
-59.6191 88.5885 -88
-61.7676 88.3881 -88
-63.916 88.1726 -88
-66.0644 87.851 -88
-68.2129 87.4482 -88
-70.3613 87.0454 -88
-72.5098 86.5093 -88
-72.6291 86.4747 -88
-74.6582 85.8856 -88
-76.8066 85.1925 -88
-78.9551 84.4302 -88
-79.203 84.3262 -88
-81.1035 83.5027 -88
-83.252 82.5001 -88
-83.8562 82.1778 -88
-85.4004 81.3258 -88
-87.5488 80.1405 -88
-87.7279 80.0294 -88
-89.6973 78.7633 -88
-90.9976 77.8809 -88
-91.8457 77.2841 -88
-93.9941 75.7723 -88
-94.0453 75.7325 -88
-96.1426 74.1013 -88
-96.7773 73.584 -88
-98.291 72.3032 -88
-99.3164 71.4356 -88
-100.439 70.4473 -88
-101.7 69.2872 -88
-102.588 68.4708 -88
-104.036 67.1387 -88
-104.736 66.4673 -88
-106.213 64.9903 -88
-106.885 64.3189 -88
-108.303 62.8419 -88
-109.033 62.0809 -88
-110.365 60.6934 -88
-111.182 59.806 -88
-112.342 58.545 -88
-113.33 57.4219 -88
-114.198 56.3965 -88
-115.479 54.8108 -88
-115.916 54.2481 -88
-117.503 52.0997 -88
-117.627 51.93 -88
-118.97 49.9512 -88
-119.775 48.7639 -88
-120.405 47.8028 -88
-121.732 45.6543 -88
-121.924 45.3384 -88
-122.998 43.5059 -88
-124.072 41.5589 -88
-124.183 41.3575 -88
-125.326 39.209 -88
-126.221 37.4187 -88
-126.4 37.0606 -88
-127.402 34.9122 -88
-128.333 32.7637 -88
-128.369 32.6811 -88
-129.235 30.6153 -88
-130.067 28.4668 -88
-130.518 27.3031 -88
-130.899 26.3184 -88
-131.661 24.17 -88
-132.354 22.0215 -88
-132.666 21.0547 -88
-133.047 19.8731 -88
-133.671 17.7246 -88
-134.349 15.5762 -88
-134.814 14.0246 -88
-134.982 13.4278 -88
-135.542 11.2793 -88
-136.166 9.13089 -88
-136.72 6.98246 -88
-136.963 6.04251 -88
-137.275 4.83402 -88
-137.802 2.68558 -88
-138.314 0.537142 -88
-138.869 -1.6113 -88
-139.111 -2.68552 -88
-139.346 -3.75973 -88
-139.816 -5.90817 -88
-140.255 -8.05661 -88
-140.671 -10.205 -88
-141.017 -12.3535 -88
-141.26 -13.8574 -88
-141.36 -14.5019 -88
-141.641 -16.6504 -88
-141.898 -18.7988 -88
-142.126 -20.9472 -88
-142.334 -23.0957 -88
-142.513 -25.2441 -88
-142.611 -27.3926 -88
-142.656 -29.541 -88
-142.611 -31.6894 -88
-142.473 -33.8379 -88
-142.265 -35.9863 -88
-141.965 -38.1347 -88
-141.572 -40.2832 -88
-141.26 -41.8945 -88
-141.152 -42.4316 -88
-140.579 -44.5801 -88
-140.007 -46.7285 -88
-139.297 -48.8769 -88
-139.111 -49.414 -88
-138.556 -51.0254 -88
-137.741 -53.1738 -88
-136.963 -55.0537 -88
-136.848 -55.3223 -88
-135.815 -57.4707 -88
-134.814 -59.5424 -88
-134.775 -59.6191 -88
-133.625 -61.7676 -88
-132.666 -63.446 -88
-132.397 -63.916 -88
-131.17 -66.0644 -88
-130.518 -67.1387 -88
-129.841 -68.2129 -88
-128.409 -70.3613 -88
-128.369 -70.4179 -88
-126.897 -72.5098 -88
-126.221 -73.4228 -88
-125.306 -74.6582 -88
-124.072 -76.2439 -88
-123.618 -76.8066 -88
-121.924 -78.8086 -88
-121.79 -78.9551 -88
-119.82 -81.1035 -88
-119.775 -81.1502 -88
-117.674 -83.252 -88
-117.627 -83.2967 -88
-115.479 -85.3537 -88
-115.43 -85.4004 -88
-113.33 -87.325 -88
-113.086 -87.5488 -88
-111.182 -89.2246 -88
-110.619 -89.6973 -88
-109.033 -90.9781 -88
-107.905 -91.8457 -88
-106.885 -92.6016 -88
-105.005 -93.9941 -88
-104.736 -94.186 -88
-102.588 -95.6254 -88
-101.766 -96.1426 -88
-100.439 -96.9781 -88
-98.3542 -98.291 -88
-98.291 -98.3294 -88
-96.1426 -99.5571 -88
-94.5984 -100.439 -88
-93.9941 -100.773 -88
-91.8457 -101.884 -88
-90.485 -102.588 -88
-89.6973 -102.982 -88
-87.5488 -103.984 -88
-85.9375 -104.736 -88
-85.4004 -104.987 -88
-83.252 -105.918 -88
-81.1035 -106.848 -88
-81.014 -106.885 -88
-78.9551 -107.708 -88
-76.8066 -108.496 -88
-75.4639 -109.033 -88
-74.6582 -109.345 -88
-72.5098 -110.107 -88
-70.3613 -110.8 -88
-69.1797 -111.182 -88
-68.2129 -111.494 -88
-66.0644 -112.117 -88
-63.916 -112.741 -88
-61.7676 -113.295 -88
-61.6333 -113.33 -88
-59.6191 -113.834 -88
-57.4707 -114.335 -88
-55.3223 -114.774 -88
-53.1738 -115.236 -88
-51.6699 -115.479 -88
-51.0254 -115.582 -88
-48.8769 -115.915 -88
-46.7285 -116.206 -88
-44.5801 -116.483 -88
-42.4316 -116.721 -88
-40.2832 -116.922 -88
-38.1347 -117.074 -88
-35.9863 -117.204 -88
-33.8379 -117.325 -88
-31.6894 -117.334 -88
-29.541 -117.392 -88
-27.3926 -117.334 -88
-25.2441 -117.279 -88
-23.0957 -117.269 -88
-20.9472 -117.204 -88
-18.7988 -117.139 -88
-16.6504 -117.074 -88
-14.5019 -116.943 -88
-12.3535 -116.878 -88
-10.205 -116.788 -88
-8.05661 -116.748 -88
-5.90817 -116.721 -88
-3.75973 -116.721 -88
-1.6113 -116.788 -88
0.537142 -116.878 -88
2.68558 -117.008 -88
4.83402 -117.123 -88
6.98246 -117.269 -88
9.13089 -117.392 -88
11.2793 -117.526 -88
12.8907 -117.627 -88
