2.68558 -115.579 29.5
4.83402 -115.721 29.5
6.98246 -115.915 29.5
9.13089 -116.116 29.5
11.2793 -116.251 29.5
13.4278 -116.385 29.5
15.5762 -116.519 29.5
17.7246 -116.586 29.5
19.8731 -116.586 29.5
22.0215 -116.622 29.5
24.17 -116.586 29.5
26.3184 -116.586 29.5
28.4668 -116.519 29.5
30.6153 -116.385 29.5
32.7637 -116.318 29.5
34.9122 -116.137 29.5
37.0606 -115.982 29.5
39.209 -115.781 29.5
41.3575 -115.512 29.5
41.626 -115.479 29.5
43.5059 -115.236 29.5
45.6543 -114.889 29.5
47.8028 -114.543 29.5
49.9512 -114.127 29.5
52.0997 -113.711 29.5
54.0691 -113.33 29.5
54.2481 -113.295 29.5
56.3965 -112.81 29.5
58.545 -112.394 29.5
60.6934 -111.887 29.5
62.8419 -111.417 29.5
63.7818 -111.182 29.5
64.9903 -110.87 29.5
67.1387 -110.315 29.5
69.2872 -109.805 29.5
71.4356 -109.206 29.5
72.0324 -109.033 29.5
73.584 -108.583 29.5
75.7325 -107.959 29.5
77.8809 -107.266 29.5
79.0626 -106.885 29.5
80.0294 -106.563 29.5
82.1778 -105.741 29.5
84.3262 -104.91 29.5
84.7394 -104.736 29.5
86.4747 -103.984 29.5
88.6231 -102.982 29.5
89.4109 -102.588 29.5
90.7715 -101.908 29.5
92.92 -100.833 29.5
93.6585 -100.439 29.5
95.0684 -99.6616 29.5
97.2169 -98.4021 29.5
97.4064 -98.291 29.5
99.3653 -97.1017 29.5
100.857 -96.1426 29.5
101.514 -95.7049 29.5
103.662 -94.2627 29.5
104.038 -93.9941 29.5
105.811 -92.6812 29.5
106.939 -91.8457 29.5
107.959 -91.0607 29.5
109.57 -89.6973 29.5
110.107 -89.2428 29.5
112.109 -87.5488 29.5
112.256 -87.4199 29.5
114.404 -85.4434 29.5
114.449 -85.4004 29.5
116.553 -83.2967 29.5
116.596 -83.252 29.5
118.577 -81.1035 29.5
118.701 -80.9634 29.5
120.478 -78.9551 29.5
120.85 -78.5156 29.5
122.296 -76.8066 29.5
122.998 -75.8935 29.5
123.913 -74.6582 29.5
125.147 -72.9932 29.5
125.492 -72.5098 29.5
126.95 -70.3613 29.5
127.295 -69.7926 29.5
128.221 -68.2129 29.5
129.443 -66.1276 29.5
129.479 -66.0644 29.5
130.625 -63.916 29.5
131.592 -61.9824 29.5
131.696 -61.7676 29.5
132.702 -59.6191 29.5
133.636 -57.4707 29.5
133.74 -57.2405 29.5
134.58 -55.3223 29.5
135.438 -53.1738 29.5
135.889 -52.0101 29.5
136.258 -51.0254 29.5
136.997 -48.8769 29.5
137.656 -46.7285 29.5
138.037 -45.4156 29.5
138.272 -44.5801 29.5
138.876 -42.4316 29.5
139.414 -40.2832 29.5
139.943 -38.1347 29.5
140.186 -37.1948 29.5
140.497 -35.9863 29.5
141.052 -33.8379 29.5
141.606 -31.6894 29.5
142.155 -29.541 29.5
142.334 -28.7737 29.5
142.646 -27.3926 29.5
143.131 -25.2441 29.5
143.547 -23.0957 29.5
143.893 -20.9472 29.5
144.171 -18.7988 29.5
144.447 -16.6504 29.5
144.483 -16.2923 29.5
144.656 -14.5019 29.5
144.852 -12.3535 29.5
145.053 -10.205 29.5
145.255 -8.05661 29.5
145.389 -5.90817 29.5
145.523 -3.75973 29.5
145.657 -1.6113 29.5
145.765 0.537142 29.5
145.834 2.68558 29.5
145.951 4.83402 29.5
146.022 6.98246 29.5
146.149 9.13089 29.5
146.286 11.2793 29.5
146.372 13.4278 29.5
146.516 15.5762 29.5
146.593 17.7246 29.5
146.631 18.7989 29.5
146.671 19.8731 29.5
146.746 22.0215 29.5
146.671 24.17 29.5
146.671 26.3184 29.5
146.631 26.8555 29.5
146.512 28.4668 29.5
146.286 30.6153 29.5
145.979 32.7637 29.5
145.595 34.9122 29.5
145.135 37.0606 29.5
144.594 39.209 29.5
144.483 39.6119 29.5
144.001 41.3575 29.5
143.408 43.5059 29.5
142.785 45.6543 29.5
142.334 47.206 29.5
142.161 47.8028 29.5
141.537 49.9512 29.5
140.891 52.0997 29.5
140.186 54.1504 29.5
140.15 54.2481 29.5
139.362 56.3965 29.5
138.557 58.545 29.5
138.037 59.7845 29.5
137.643 60.6934 29.5
136.667 62.8419 29.5
135.889 64.4532 29.5
135.629 64.9903 29.5
134.518 67.1387 29.5
133.74 68.5486 29.5
133.318 69.2872 29.5
132.014 71.4356 29.5
131.592 72.0921 29.5
130.597 73.584 29.5
129.443 75.2236 29.5
129.072 75.7325 29.5
127.336 77.8809 29.5
127.295 77.9297 29.5
125.287 80.0294 29.5
125.147 80.1636 29.5
122.998 82.1348 29.5
122.944 82.1778 29.5
120.85 83.7891 29.5
120.074 84.3262 29.5
118.701 85.2086 29.5
116.616 86.4747 29.5
116.553 86.5117 29.5
114.404 87.5847 29.5
112.256 88.5157 29.5
111.987 88.6231 29.5
110.107 89.3751 29.5
107.959 90.1132 29.5
105.918 90.7715 29.5
105.811 90.8062 29.5
103.662 91.4299 29.5
101.514 91.9844 29.5
99.3653 92.5261 29.5
97.6772 92.92 29.5
97.2169 93.0239 29.5
95.0684 93.4398 29.5
92.92 93.8556 29.5
90.7715 94.2714 29.5
88.6231 94.6179 29.5
86.4747 94.961 29.5
85.669 95.0684 29.5
84.3262 95.2417 29.5
82.1778 95.5339 29.5
80.0294 95.8654 29.5
77.8809 96.2501 29.5
75.7325 96.6081 29.5
73.584 96.9662 29.5
72.0801 97.2169 29.5
71.4356 97.3243 29.5
69.2872 97.6107 29.5
67.1387 97.806 29.5
64.9903 97.9446 29.5
62.8419 98.0404 29.5
60.6934 98.112 29.5
58.545 98.2218 29.5
56.3965 98.2911 29.5
54.2481 98.3604 29.5
52.0997 98.499 29.5
49.9512 98.5683 29.5
47.8028 98.5683 29.5
45.6543 98.5683 29.5
43.5059 98.499 29.5
41.3575 98.3985 29.5
39.209 98.3269 29.5
37.0606 98.2553 29.5
34.9122 98.1837 29.5
32.7637 98.1837 29.5
30.6153 98.112 29.5
28.4668 97.9947 29.5
26.3184 97.9207 29.5
24.17 97.7156 29.5
22.0215 97.4854 29.5
19.8731 97.2566 29.5
19.6045 97.2169 29.5
17.7246 96.9384 29.5
15.5762 96.6201 29.5
13.4278 96.3814 29.5
11.2793 96.184 29.5
9.13089 96.0631 29.5
6.98246 95.9361 29.5
4.83402 95.8534 29.5
2.68558 95.8244 29.5
0.537142 95.7448 29.5
-1.6113 95.6652 29.5
-3.75973 95.6652 29.5
-5.90817 95.6439 29.5
-8.05661 95.7206 29.5
-10.205 95.8244 29.5
-12.3535 96.0275 29.5
-14.5019 96.3345 29.5
-16.6504 96.6612 29.5
-18.7988 97.0317 29.5
-19.694 97.2169 29.5
-20.9472 97.4675 29.5
-23.0957 97.8972 29.5
-25.2441 98.3269 29.5
-27.3926 98.8282 29.5
-29.541 99.3306 29.5
-29.6945 99.3653 29.5
-31.6894 99.8158 29.5
-33.8379 100.137 29.5
-35.9863 100.44 29.5
-38.1347 100.57 29.5
-40.2832 100.7 29.5
-42.4316 100.7 29.5
-44.5801 100.765 29.5
-46.7285 100.765 29.5
-48.8769 100.765 29.5
-51.0254 100.765 29.5
-53.1738 100.765 29.5
-55.3223 100.724 29.5
-57.4707 100.7 29.5
-59.6191 100.635 29.5
-61.7676 100.505 29.5
-63.916 100.374 29.5
-66.0644 100.137 29.5
-68.2129 99.8017 29.5
-70.3613 99.3989 29.5
-70.5404 99.3653 29.5
-72.5098 98.996 29.5
-74.6582 98.5261 29.5
-76.8066 98.1232 29.5
-78.9551 97.7051 29.5
-81.1035 97.3145 29.5
-81.5639 97.2169 29.5
-83.252 96.8476 29.5
-85.4004 96.3776 29.5
-87.5488 95.9077 29.5
-89.6973 95.4377 29.5
-91.3853 95.0684 29.5
-91.8457 94.9645 29.5
-93.9941 94.4793 29.5
-96.1426 93.9606 29.5
-98.291 93.4235 29.5
-100.305 92.92 29.5
-100.439 92.8853 29.5
-102.588 92.2822 29.5
-104.736 91.7072 29.5
-106.885 91.0141 29.5
-107.637 90.7715 29.5
-109.033 90.3211 29.5
-111.182 89.5587 29.5
-113.33 88.6589 29.5
-113.413 88.6231 29.5
-115.479 87.6971 29.5
-117.627 86.5858 29.5
-117.828 86.4747 29.5
-119.775 85.3209 29.5
-121.267 84.3262 29.5
-121.924 83.8718 29.5
-124.021 82.1778 29.5
-124.072 82.1311 29.5
-126.086 80.0294 29.5
-126.221 79.8759 29.5
-127.832 77.8809 29.5
-128.369 77.1051 29.5
-129.252 75.7325 29.5
-130.406 73.584 29.5
-130.518 73.3539 29.5
-131.413 71.4356 29.5
-132.201 69.2872 29.5
-132.666 67.8907 29.5
-132.909 67.1387 29.5
-133.463 64.9903 29.5
-134.017 62.8419 29.5
-134.503 60.6934 29.5
-134.814 59.3123 29.5
-134.988 58.545 29.5
-135.404 56.3965 29.5
-135.819 54.2481 29.5
-136.235 52.0997 29.5
-136.641 49.9512 29.5
-136.963 48.0176 29.5
-136.998 47.8028 29.5
-137.275 45.6543 29.5
-137.552 43.5059 29.5
-137.786 41.3575 29.5
-138.001 39.209 29.5
-138.259 37.0606 29.5
-138.503 34.9122 29.5
-138.778 32.7637 29.5
-139.074 30.6153 29.5
-139.111 30.4004 29.5
-139.434 28.4668 29.5
-139.72 26.3184 29.5
-140.078 24.17 29.5
-140.365 22.0215 29.5
-140.723 19.8731 29.5
-141.009 17.7246 29.5
-141.26 16.2207 29.5
-141.364 15.5762 29.5
-141.696 13.4278 29.5
-141.987 11.2793 29.5
-142.3 9.13089 29.5
-142.611 6.98246 29.5
-142.888 4.83402 29.5
-143.166 2.68558 29.5
-143.408 0.805696 29.5
-143.443 0.537142 29.5
-143.72 -1.6113 29.5
-143.997 -3.75973 29.5
-144.275 -5.90817 29.5
-144.482 -8.05661 29.5
-144.661 -10.205 29.5
-144.853 -12.3535 29.5
-145.001 -14.5019 29.5
-145.075 -16.6504 29.5
-145.075 -18.7988 29.5
-145.001 -20.9472 29.5
-144.927 -23.0957 29.5
-144.779 -25.2441 29.5
-144.557 -27.3926 29.5
-144.232 -29.541 29.5
-143.874 -31.6894 29.5
-143.444 -33.8379 29.5
-143.408 -33.9913 29.5
-142.943 -35.9863 29.5
-142.403 -38.1347 29.5
-141.797 -40.2832 29.5
-141.26 -42.0736 29.5
-141.149 -42.4316 29.5
-140.408 -44.5801 29.5
-139.72 -46.7285 29.5
-139.111 -48.5547 29.5
-138.996 -48.8769 29.5
-138.229 -51.0254 29.5
-137.444 -53.1738 29.5
-136.963 -54.4433 29.5
-136.618 -55.3223 29.5
-135.697 -57.4707 29.5
-134.814 -59.3712 29.5
-134.695 -59.6191 29.5
-133.548 -61.7676 29.5
-132.666 -63.4147 29.5
-132.377 -63.916 29.5
-131.114 -66.0644 29.5
-130.518 -67.0123 29.5
-129.762 -68.2129 29.5
-128.409 -70.3613 29.5
-128.369 -70.421 29.5
-126.923 -72.5098 29.5
-126.221 -73.4709 29.5
-125.318 -74.6582 29.5
-124.072 -76.2158 29.5
-123.559 -76.8066 29.5
-121.924 -78.7855 29.5
-121.77 -78.9551 29.5
-119.775 -81.0498 29.5
-119.722 -81.1035 29.5
-117.627 -83.1982 29.5
-117.57 -83.252 29.5
-115.479 -85.2393 29.5
-115.309 -85.4004 29.5
-113.33 -87.1908 29.5
-112.934 -87.5488 29.5
-111.182 -89.0625 29.5
-110.406 -89.6973 29.5
-109.033 -90.7715 29.5
-107.661 -91.8457 29.5
-106.885 -92.4043 29.5
-104.736 -93.9474 29.5
-104.669 -93.9941 29.5
-102.588 -95.3262 29.5
-101.387 -96.1426 29.5
-100.439 -96.7623 29.5
-98.291 -98.0762 29.5
-97.9329 -98.291 29.5
-96.1426 -99.2857 29.5
-93.9941 -100.398 29.5
-93.9115 -100.439 29.5
-91.8457 -101.434 29.5
-89.6973 -102.464 29.5
-89.4043 -102.588 29.5
-87.5488 -103.344 29.5
-85.4004 -104.219 29.5
-84.2367 -104.736 29.5
-83.252 -105.158 29.5
-81.1035 -106.129 29.5
-79.4027 -106.885 29.5
-78.9551 -107.07 29.5
-76.8066 -107.959 29.5
-74.6582 -108.774 29.5
-73.9062 -109.033 29.5
-72.5098 -109.484 29.5
-70.3613 -110.107 29.5
-68.2129 -110.593 29.5
-66.0644 -111.003 29.5
-64.9902 -111.182 29.5
-63.916 -111.355 29.5
-61.7676 -111.576 29.5
-59.6191 -111.757 29.5
-57.4707 -111.858 29.5
-55.3223 -111.998 29.5
-53.1738 -112.211 29.5
-51.0254 -112.443 29.5
-48.8769 -112.91 29.5
-46.9433 -113.33 29.5
-46.7285 -113.37 29.5
-44.5801 -113.768 29.5
-42.4316 -114.166 29.5
-40.2832 -114.443 29.5
-38.1347 -114.723 29.5
-35.9863 -114.882 29.5
-33.8379 -115.024 29.5
-31.6894 -115.092 29.5
-29.541 -115.165 29.5
-27.3926 -115.076 29.5
-25.2441 -115.058 29.5
-23.0957 -115.039 29.5
-20.9472 -115.039 29.5
-18.7988 -115.152 29.5
-16.6504 -115.178 29.5
-14.5019 -115.272 29.5
-12.3535 -115.293 29.5
-10.205 -115.371 29.5
-8.05661 -115.371 29.5
-5.90817 -115.375 29.5
-3.75973 -115.375 29.5
-1.6113 -115.378 29.5
0.537142 -115.445 29.5
1.07425 -115.479 29.5
