13.4278 -115.512 34.5
15.5762 -115.582 34.5
17.7246 -115.646 34.5
19.8731 -115.652 34.5
22.0215 -115.652 34.5
24.17 -115.652 34.5
26.3184 -115.646 34.5
28.4668 -115.582 34.5
30.6153 -115.513 34.5
31.1524 -115.479 34.5
32.7637 -115.375 34.5
34.9122 -115.244 34.5
37.0606 -115.042 34.5
39.209 -114.841 34.5
41.3575 -114.572 34.5
43.5059 -114.335 34.5
45.6543 -114.035 34.5
47.8028 -113.766 34.5
49.9512 -113.431 34.5
50.4883 -113.33 34.5
52.0997 -113.018 34.5
54.2481 -112.602 34.5
56.3965 -112.187 34.5
58.545 -111.701 34.5
60.6934 -111.286 34.5
61.1538 -111.182 34.5
62.8419 -110.8 34.5
64.9903 -110.275 34.5
67.1387 -109.761 34.5
69.2872 -109.206 34.5
69.9586 -109.033 34.5
71.4356 -108.652 34.5
73.584 -108.028 34.5
75.7325 -107.388 34.5
77.3438 -106.885 34.5
77.8809 -106.706 34.5
80.0294 -105.99 34.5
82.1778 -105.256 34.5
83.5206 -104.736 34.5
84.3262 -104.424 34.5
86.4747 -103.555 34.5
88.6231 -102.624 34.5
88.6998 -102.588 34.5
90.7715 -101.621 34.5
92.92 -100.547 34.5
93.1214 -100.439 34.5
95.0684 -99.401 34.5
96.9185 -98.291 34.5
97.2169 -98.1058 34.5
99.3653 -96.8464 34.5
100.44 -96.1426 34.5
101.514 -95.4136 34.5
103.662 -94.0325 34.5
103.716 -93.9941 34.5
105.811 -92.4979 34.5
106.68 -91.8457 34.5
107.959 -90.8511 34.5
109.375 -89.6973 34.5
110.107 -89.0775 34.5
111.914 -87.5488 34.5
112.256 -87.248 34.5
114.264 -85.4004 34.5
114.404 -85.2661 34.5
116.419 -83.252 34.5
116.553 -83.1177 34.5
118.486 -81.1035 34.5
118.701 -80.87 34.5
120.463 -78.9551 34.5
120.85 -78.5156 34.5
122.296 -76.8066 34.5
122.998 -75.937 34.5
123.993 -74.6582 34.5
125.147 -73.1006 34.5
125.584 -72.5098 34.5
127.026 -70.3613 34.5
127.295 -69.9436 34.5
128.408 -68.2129 34.5
129.443 -66.4001 34.5
129.635 -66.0644 34.5
130.888 -63.916 34.5
131.592 -62.5553 34.5
131.999 -61.7676 34.5
133.111 -59.6191 34.5
133.74 -58.3147 34.5
134.134 -57.4707 34.5
135.092 -55.3223 34.5
135.889 -53.4217 34.5
135.996 -53.1738 34.5
136.894 -51.0254 34.5
137.656 -48.8769 34.5
138.037 -47.8922 34.5
138.488 -46.7285 34.5
139.181 -44.5801 34.5
139.874 -42.4316 34.5
140.186 -41.5527 34.5
140.636 -40.2832 34.5
141.367 -38.1347 34.5
142.155 -35.9863 34.5
142.334 -35.5387 34.5
143.014 -33.8379 34.5
143.984 -31.6894 34.5
144.483 -30.6919 34.5
145.058 -29.541 34.5
146.259 -27.3926 34.5
146.631 -26.748 34.5
147.533 -25.2441 34.5
148.779 -23.1673 34.5
148.824 -23.0957 34.5
149.947 -20.9472 34.5
150.928 -18.8965 34.5
150.979 -18.7988 34.5
151.797 -16.6504 34.5
152.539 -14.5019 34.5
153.076 -12.5325 34.5
153.13 -12.3535 34.5
153.741 -10.205 34.5
154.312 -8.05661 34.5
154.849 -5.90817 34.5
155.225 -4.40427 34.5
155.394 -3.75973 34.5
155.96 -1.6113 34.5
156.525 0.537142 34.5
157.194 2.68558 34.5
157.373 3.33011 34.5
157.843 4.83402 34.5
158.649 6.98246 34.5
159.45 9.13089 34.5
159.522 9.34574 34.5
160.212 11.2793 34.5
160.979 13.4278 34.5
161.67 15.3614 34.5
161.768 15.5762 34.5
162.549 17.7246 34.5
163.33 19.8731 34.5
163.818 21.2159 34.5
164.177 22.0215 34.5
164.893 24.17 34.5
165.507 26.3184 34.5
165.967 27.9297 34.5
166.146 28.4668 34.5
166.611 30.6153 34.5
166.773 32.7637 34.5
166.773 34.9122 34.5
165.967 35.9864 34.5
165.161 37.0606 34.5
163.818 37.8279 34.5
161.885 39.209 34.5
161.67 39.2985 34.5
159.522 40.5134 34.5
158.209 41.3575 34.5
157.373 41.7155 34.5
155.225 42.8711 34.5
154.15 43.5059 34.5
153.076 44.0645 34.5
150.928 45.4395 34.5
150.645 45.6543 34.5
148.779 47.1956 34.5
148.145 47.8028 34.5
146.631 49.4678 34.5
146.259 49.9512 34.5
144.92 52.0997 34.5
144.483 52.9437 34.5
143.83 54.2481 34.5
142.871 56.3965 34.5
142.334 57.636 34.5
141.94 58.545 34.5
141.038 60.6934 34.5
140.186 62.7523 34.5
140.147 62.8419 34.5
139.111 64.9903 34.5
138.037 67.0671 34.5
137.999 67.1387 34.5
136.848 69.2872 34.5
135.889 70.7791 34.5
135.451 71.4356 34.5
134.019 73.584 34.5
133.74 73.96 34.5
132.322 75.7325 34.5
131.592 76.6021 34.5
130.518 77.8809 34.5
129.443 78.9999 34.5
128.414 80.0294 34.5
127.295 81.1036 34.5
126.074 82.1778 34.5
125.147 82.9628 34.5
123.374 84.3262 34.5
122.998 84.5948 34.5
120.85 85.9759 34.5
119.977 86.4747 34.5
118.701 87.1785 34.5
116.553 88.2292 34.5
115.644 88.6231 34.5
114.404 89.1602 34.5
112.256 89.948 34.5
110.107 90.7357 34.5
109.988 90.7715 34.5
107.959 91.3606 34.5
105.811 91.9844 34.5
103.662 92.5388 34.5
102.185 92.92 34.5
101.514 93.0932 34.5
99.3653 93.5578 34.5
97.2169 93.9942 34.5
95.0684 94.41 34.5
92.92 94.7663 34.5
90.9864 95.0684 34.5
90.7715 95.1031 34.5
88.6231 95.4377 34.5
86.4747 95.7062 34.5
84.3262 95.9748 34.5
82.1778 96.2729 34.5
80.0294 96.579 34.5
77.8809 96.8476 34.5
75.7325 97.049 34.5
74.3897 97.2169 34.5
73.584 97.3145 34.5
71.4356 97.5749 34.5
69.2872 97.806 34.5
67.1387 98.1232 34.5
64.9903 98.499 34.5
62.8419 98.8455 34.5
60.6934 99.2613 34.5
60.0489 99.3653 34.5
58.545 99.6079 34.5
56.3965 99.8851 34.5
54.2481 100.137 34.5
52.0997 100.272 34.5
49.9512 100.374 34.5
47.8028 100.406 34.5
45.6543 100.339 34.5
43.5059 100.162 34.5
41.3575 99.9544 34.5
39.209 99.616 34.5
37.7051 99.3653 34.5
37.0606 99.2542 34.5
34.9122 98.8838 34.5
32.7637 98.6133 34.5
30.6153 98.3985 34.5
28.4668 98.2553 34.5
26.3184 98.112 34.5
24.17 97.9947 34.5
22.0215 97.7725 34.5
19.8731 97.5621 34.5
17.7246 97.2566 34.5
17.4561 97.2169 34.5
15.5762 96.9384 34.5
13.4278 96.6201 34.5
11.2793 96.3018 34.5
9.13089 96.0631 34.5
6.98246 95.9039 34.5
4.83402 95.8244 34.5
2.68558 95.7448 34.5
0.537142 95.7448 34.5
-1.6113 95.8244 34.5
-3.75973 95.8244 34.5
-5.90817 95.9039 34.5
-8.05661 95.9361 34.5
-10.205 96.1013 34.5
-12.3535 96.2666 34.5
-14.5019 96.5971 34.5
-16.6504 96.9384 34.5
-17.9036 97.2169 34.5
-18.7988 97.4087 34.5
-20.9472 97.8466 34.5
-23.0957 98.217 34.5
-25.2441 98.6615 34.5
-27.3926 99.1146 34.5
-28.6458 99.3653 34.5
-29.541 99.5386 34.5
-31.6894 99.8851 34.5
-33.8379 100.205 34.5
-35.9863 100.406 34.5
-38.1347 100.505 34.5
-40.2832 100.57 34.5
-42.4316 100.57 34.5
-44.5801 100.57 34.5
-46.7285 100.57 34.5
-48.8769 100.505 34.5
-51.0254 100.505 34.5
-53.1738 100.505 34.5
-55.3223 100.505 34.5
-57.4707 100.505 34.5
-59.6191 100.44 34.5
-61.7676 100.374 34.5
-63.916 100.309 34.5
-66.0644 100.137 34.5
-68.2129 99.936 34.5
-70.3613 99.5386 34.5
-71.2565 99.3653 34.5
-72.5098 99.1227 34.5
-74.6582 98.6376 34.5
-76.8066 98.112 34.5
-78.9551 97.6673 34.5
-81.1035 97.2515 34.5
-81.257 97.2169 34.5
-83.252 96.7805 34.5
-85.4004 96.3776 34.5
-87.5488 95.9748 34.5
-89.6973 95.5048 34.5
-91.6922 95.0684 34.5
-91.8457 95.0349 34.5
-93.9941 94.6179 34.5
-96.1426 94.1328 34.5
-98.291 93.6249 34.5
-100.439 93.0932 34.5
-101.111 92.92 34.5
-102.588 92.5388 34.5
-104.736 91.9844 34.5
-106.885 91.3606 34.5
-108.914 90.7715 34.5
-109.033 90.7369 34.5
-111.182 89.9745 34.5
-113.33 89.2815 34.5
-114.9 88.6231 34.5
-115.479 88.3725 34.5
-117.627 87.4415 34.5
-119.699 86.4747 34.5
-119.775 86.4376 34.5
-121.924 85.2086 34.5
-123.296 84.3262 34.5
-124.072 83.7891 34.5
-126.067 82.1778 34.5
-126.221 82.0377 34.5
-128.229 80.0294 34.5
-128.369 79.8682 34.5
-129.841 77.8809 34.5
-130.518 76.8664 34.5
-131.221 75.7325 34.5
-132.333 73.584 34.5
-132.666 72.8404 34.5
-133.275 71.4356 34.5
-134.063 69.2872 34.5
-134.779 67.1387 34.5
-134.814 67.0194 34.5
-135.423 64.9903 34.5
-136.027 62.8419 34.5
-136.512 60.6934 34.5
-136.963 58.6984 34.5
-136.998 58.545 34.5
-137.483 56.3965 34.5
-137.899 54.2481 34.5
-138.314 52.0997 34.5
-138.799 49.9512 34.5
-139.111 48.3399 34.5
-139.215 47.8028 34.5
-139.7 45.6543 34.5
-140.152 43.5059 34.5
-140.671 41.3575 34.5
-141.152 39.209 34.5
-141.26 38.7487 34.5
-141.641 37.0606 34.5
-142.126 34.9122 34.5
-142.585 32.7637 34.5
-143.075 30.6153 34.5
-143.408 28.6817 34.5
-143.444 28.4668 34.5
-143.816 26.3184 34.5
-144.112 24.17 34.5
-144.334 22.0215 34.5
-144.482 19.8731 34.5
-144.59 17.7246 34.5
-144.661 15.5762 34.5
-144.733 13.4278 34.5
-144.805 11.2793 34.5
-144.948 9.13089 34.5
-145.163 6.98246 34.5
-145.306 4.83402 34.5
-145.521 2.68558 34.5
-145.557 2.41703 34.5
-145.792 0.537142 34.5
-145.993 -1.6113 34.5
-146.194 -3.75973 34.5
-146.423 -5.90817 34.5
-146.631 -8.05661 34.5
-146.839 -10.205 34.5
-146.977 -12.3535 34.5
-147.116 -14.5019 34.5
-147.185 -16.6504 34.5
-147.185 -18.7988 34.5
-147.168 -20.9472 34.5
-147.047 -23.0957 34.5
-146.839 -25.2441 34.5
-146.631 -27.3926 34.5
-146.284 -29.541 34.5
-145.799 -31.6894 34.5
-145.557 -32.6294 34.5
-145.245 -33.8379 34.5
-144.621 -35.9863 34.5
-143.928 -38.1347 34.5
-143.408 -39.5996 34.5
-143.166 -40.2832 34.5
-142.403 -42.4316 34.5
-141.641 -44.5801 34.5
-141.26 -45.5648 34.5
-140.794 -46.7285 34.5
-139.978 -48.8769 34.5
-139.146 -51.0254 34.5
-139.111 -51.108 34.5
-138.245 -53.1738 34.5
-137.344 -55.3223 34.5
-136.963 -56.1663 34.5
-136.354 -57.4707 34.5
-135.28 -59.6191 34.5
-134.814 -60.4919 34.5
-134.134 -61.7676 34.5
-132.988 -63.916 34.5
-132.666 -64.4531 34.5
-131.666 -66.0644 34.5
-130.518 -67.9145 34.5
-130.326 -68.2129 34.5
-128.868 -70.3613 34.5
-128.369 -71.0963 34.5
-127.375 -72.5098 34.5
-126.221 -74.0674 34.5
-125.783 -74.6582 34.5
-124.192 -76.8066 34.5
-124.072 -76.9601 34.5
-122.461 -78.9551 34.5
-121.924 -79.5622 34.5
-120.506 -81.1035 34.5
-119.775 -81.8975 34.5
-118.477 -83.252 34.5
-117.627 -84.1024 34.5
-116.273 -85.4004 34.5
-115.479 -86.1309 34.5
-113.937 -87.5488 34.5
-113.33 -88.0859 34.5
-111.426 -89.6973 34.5
-111.182 -89.8962 34.5
-109.033 -91.4876 34.5
-108.55 -91.8457 34.5
-106.885 -93.035 34.5
-105.542 -93.9941 34.5
-104.736 -94.5498 34.5
-102.588 -95.9508 34.5
-102.29 -96.1426 34.5
-100.439 -97.2909 34.5
-98.7333 -98.291 34.5
-98.291 -98.5503 34.5
-96.1426 -99.7591 34.5
-94.942 -100.439 34.5
-93.9941 -100.959 34.5
-91.8457 -102.051 34.5
-90.7715 -102.588 34.5
-89.6973 -103.108 34.5
-87.5488 -104.078 34.5
-86.091 -104.736 34.5
-85.4004 -105.048 34.5
-83.252 -105.88 34.5
-81.1035 -106.712 34.5
-80.6559 -106.885 34.5
-78.9551 -107.543 34.5
-76.8066 -108.236 34.5
-74.6582 -108.929 34.5
-74.3001 -109.033 34.5
-72.5098 -109.537 34.5
-70.3613 -110.074 34.5
-68.2129 -110.593 34.5
-66.0644 -111.008 34.5
-65.1693 -111.182 34.5
-63.916 -111.417 34.5
-61.7676 -111.752 34.5
-59.6191 -112.048 34.5
-57.4707 -112.325 34.5
-55.3223 -112.65 34.5
-53.1738 -112.936 34.5
-51.0254 -113.223 34.5
-50.2197 -113.33 34.5
-48.8769 -113.503 34.5
-46.7285 -113.766 34.5
-44.5801 -113.988 34.5
-42.4316 -114.236 34.5
-40.2832 -114.469 34.5
-38.1347 -114.665 34.5
-35.9863 -114.86 34.5
-33.8379 -114.99 34.5
-31.6894 -115.109 34.5
-29.541 -115.176 34.5
-27.3926 -115.244 34.5
-25.2441 -115.236 34.5
-23.0957 -115.236 34.5
-20.9472 -115.167 34.5
-18.7988 -115.085 34.5
-16.6504 -114.959 34.5
-14.5019 -114.774 34.5
-12.3535 -114.639 34.5
-10.205 -114.505 34.5
-8.05661 -114.371 34.5
-5.90817 -114.304 34.5
-3.75973 -114.266 34.5
-1.6113 -114.304 34.5
0.537142 -114.371 34.5
2.68558 -114.572 34.5
4.83402 -114.774 34.5
6.98246 -114.975 34.5
9.13089 -115.176 34.5
11.2793 -115.375 34.5
12.8907 -115.479 34.5
