9.13089 -117.795 -58
11.2793 -117.996 -58
13.4278 -118.216 -58
15.5762 -118.466 -58
17.7246 -118.668 -58
19.8731 -118.831 -58
22.0215 -118.962 -58
24.17 -119.049 -58
26.3184 -119.112 -58
28.4668 -119.157 -58
30.6153 -119.112 -58
32.7637 -119.092 -58
34.9122 -118.962 -58
37.0606 -118.869 -58
39.209 -118.668 -58
41.3575 -118.466 -58
43.5059 -118.285 -58
45.6543 -118.077 -58
47.8028 -117.8 -58
49.5931 -117.627 -58
49.9512 -117.592 -58
52.0997 -117.315 -58
54.2481 -116.989 -58
56.3965 -116.653 -58
58.545 -116.251 -58
60.6934 -115.848 -58
62.3815 -115.479 -58
62.8419 -115.378 -58
64.9903 -114.959 -58
67.1387 -114.438 -58
69.2872 -113.968 -58
71.4356 -113.431 -58
71.8384 -113.33 -58
73.584 -112.88 -58
75.7325 -112.256 -58
77.8809 -111.632 -58
79.2774 -111.182 -58
80.0294 -110.939 -58
82.1778 -110.246 -58
84.3262 -109.484 -58
85.49 -109.033 -58
86.4747 -108.652 -58
88.6231 -107.751 -58
90.5414 -106.885 -58
90.7715 -106.777 -58
92.92 -105.736 -58
94.8536 -104.736 -58
95.0684 -104.625 -58
97.2169 -103.44 -58
98.7611 -102.588 -58
99.3653 -102.243 -58
101.514 -100.938 -58
102.29 -100.439 -58
103.662 -99.5571 -58
105.528 -98.291 -58
105.811 -98.0921 -58
107.959 -96.5802 -58
108.55 -96.1426 -58
110.107 -94.9444 -58
111.284 -93.9941 -58
112.256 -93.2382 -58
113.965 -91.8457 -58
114.404 -91.4739 -58
116.504 -89.6973 -58
116.553 -89.6543 -58
118.701 -87.7554 -58
118.925 -87.5488 -58
120.85 -85.7012 -58
121.15 -85.4004 -58
122.998 -83.3921 -58
123.127 -83.252 -58
125.023 -81.1035 -58
125.147 -80.9501 -58
126.758 -78.9551 -58
127.295 -78.2568 -58
128.369 -76.8066 -58
129.443 -75.2801 -58
129.865 -74.6582 -58
131.247 -72.5098 -58
131.592 -71.9411 -58
132.518 -70.3613 -58
133.629 -68.2129 -58
133.74 -67.998 -58
134.707 -66.0644 -58
135.638 -63.916 -58
135.889 -63.3376 -58
136.547 -61.7676 -58
137.379 -59.6191 -58
138.037 -57.7637 -58
138.145 -57.4707 -58
138.903 -55.3223 -58
139.666 -53.1738 -58
140.186 -51.5625 -58
140.359 -51.0254 -58
140.983 -48.8769 -58
141.606 -46.7285 -58
142.155 -44.5801 -58
142.334 -43.8128 -58
142.636 -42.4316 -58
143.039 -40.2832 -58
143.375 -38.1347 -58
143.669 -35.9863 -58
143.864 -33.8379 -58
143.994 -31.6894 -58
144.059 -29.541 -58
144.072 -27.3926 -58
144.059 -25.2441 -58
143.994 -23.0957 -58
143.864 -20.9472 -58
143.734 -18.7988 -58
143.538 -16.6504 -58
143.308 -14.5019 -58
143.039 -12.3535 -58
142.785 -10.205 -58
142.507 -8.05661 -58
142.334 -6.71384 -58
142.23 -5.90817 -58
141.884 -3.75973 -58
141.495 -1.6113 -58
141.092 0.537142 -58
140.622 2.68558 -58
140.186 4.68056 -58
140.151 4.83402 -58
139.615 6.98246 -58
139.046 9.13089 -58
138.474 11.2793 -58
138.037 12.6758 -58
137.795 13.4278 -58
137.102 15.5762 -58
136.392 17.7246 -58
135.889 19.1895 -58
135.646 19.8731 -58
134.884 22.0215 -58
134.121 24.17 -58
133.74 25.2442 -58
133.359 26.3184 -58
132.527 28.4668 -58
131.696 30.6153 -58
131.592 30.8632 -58
130.768 32.7637 -58
129.837 34.9122 -58
129.443 35.8211 -58
128.906 37.0606 -58
127.904 39.209 -58
127.295 40.5134 -58
126.901 41.3575 -58
125.899 43.5059 -58
125.147 45.0098 -58
124.813 45.6543 -58
123.678 47.8028 -58
122.998 49.0784 -58
122.499 49.9512 -58
121.257 52.0997 -58
120.85 52.8382 -58
120.044 54.2481 -58
118.701 56.3369 -58
118.663 56.3965 -58
117.331 58.545 -58
116.553 59.7323 -58
115.876 60.6934 -58
114.404 62.7853 -58
114.365 62.8419 -58
112.773 64.9903 -58
112.256 65.6553 -58
111.058 67.1387 -58
110.107 68.2618 -58
109.168 69.2872 -58
107.959 70.5482 -58
107.109 71.4356 -58
105.811 72.7336 -58
104.96 73.584 -58
103.662 74.7822 -58
102.539 75.7325 -58
101.514 76.568 -58
99.7413 77.8809 -58
99.3653 78.1594 -58
97.2169 79.5478 -58
96.3954 80.0294 -58
95.0684 80.8072 -58
92.92 81.9185 -58
92.3829 82.1778 -58
90.7715 82.9297 -58
88.6231 83.8758 -58
87.5489 84.3262 -58
86.4747 84.7626 -58
84.3262 85.5391 -58
82.1778 86.3014 -58
81.6407 86.4747 -58
80.0294 86.9945 -58
77.8809 87.6496 -58
75.7325 88.2419 -58
74.4195 88.6231 -58
73.584 88.8657 -58
71.4356 89.4201 -58
69.2872 89.9052 -58
67.1387 90.3904 -58
65.1693 90.7715 -58
64.9903 90.8062 -58
62.8419 91.222 -58
60.6934 91.6108 -58
58.545 92.0136 -58
56.3965 92.3309 -58
54.2481 92.6081 -58
52.0997 92.8853 -58
51.5625 92.92 -58
49.9512 93.0207 -58
47.8028 93.0878 -58
45.6543 93.0239 -58
43.5059 92.9546 -58
43.1478 92.92 -58
41.3575 92.7467 -58
39.209 92.5388 -58
37.0606 92.1923 -58
34.9122 91.8458 -58
32.7637 91.4299 -58
30.6153 91.0141 -58
29.362 90.7715 -58
28.4668 90.5983 -58
26.3184 90.1825 -58
24.17 89.7309 -58
22.0215 89.3508 -58
19.8731 88.935 -58
17.9395 88.6231 -58
17.7246 88.5885 -58
15.5762 88.2419 -58
13.4278 87.8954 -58
11.2793 87.5489 -58
9.13089 87.2717 -58
6.98246 87.0454 -58
4.83402 86.8558 -58
2.68558 86.8439 -58
0.537142 86.8558 -58
-1.6113 86.9252 -58
-3.75973 87.1796 -58
-5.90817 87.4482 -58
-8.05661 87.7839 -58
-10.205 88.1726 -58
-12.3535 88.5885 -58
-12.5325 88.6231 -58
-14.5019 88.9924 -58
-16.6504 89.4623 -58
-18.7988 89.9052 -58
-20.9472 90.3351 -58
-22.9422 90.7715 -58
-23.0957 90.8051 -58
-25.2441 91.2751 -58
-27.3926 91.6779 -58
-29.541 92.0808 -58
-31.6894 92.4164 -58
-33.8379 92.7467 -58
-35.6282 92.92 -58
-35.9863 92.9546 -58
-38.1347 93.1626 -58
-40.2832 93.3012 -58
-42.4316 93.4398 -58
-44.5801 93.5091 -58
-46.7285 93.5784 -58
-48.8769 93.5784 -58
-51.0254 93.5091 -58
-53.1738 93.3705 -58
-55.3223 93.3012 -58
-57.4707 93.1626 -58
-59.6191 93.0207 -58
-60.6933 92.92 -58
-61.7676 92.816 -58
-63.916 92.5507 -58
-66.0644 92.2822 -58
-68.2129 91.9465 -58
-70.3613 91.5436 -58
-72.5098 91.1408 -58
-73.9868 90.7715 -58
-74.6582 90.5983 -58
-76.8066 90.0439 -58
-78.9551 89.4201 -58
-81.1035 88.6578 -58
-81.1861 88.6231 -58
-83.252 87.7279 -58
-85.4004 86.7969 -58
-86.0449 86.4747 -58
-87.5488 85.6968 -58
-89.6973 84.4413 -58
-89.8763 84.3262 -58
-91.8457 83.0602 -58
-93.2183 82.1778 -58
-93.9941 81.6606 -58
-96.1426 80.1487 -58
-96.296 80.0294 -58
-98.291 78.4777 -58
-99.0234 77.8809 -58
-100.439 76.6348 -58
-101.465 75.7325 -58
-102.588 74.7442 -58
-103.796 73.584 -58
-104.736 72.6441 -58
-105.945 71.4356 -58
-106.885 70.4957 -58
-108.093 69.2872 -58
-109.033 68.3064 -58
-110.107 67.1387 -58
-111.182 65.9711 -58
-112.084 64.9903 -58
-113.33 63.5743 -58
-113.95 62.8419 -58
-115.479 60.9492 -58
-115.677 60.6934 -58
-117.269 58.545 -58
-117.627 58.0616 -58
-118.816 56.3965 -58
-119.775 54.9831 -58
-120.257 54.2481 -58
-121.516 52.0997 -58
-121.924 51.4046 -58
-122.776 49.9512 -58
-123.957 47.8028 -58
-124.072 47.5879 -58
-125.072 45.6543 -58
-126.182 43.5059 -58
-126.221 43.4233 -58
-127.147 41.3575 -58
-128.119 39.209 -58
-128.369 38.5824 -58
-128.958 37.0606 -58
-129.79 34.9122 -58
-130.518 33.0323 -58
-130.622 32.7637 -58
-131.453 30.6153 -58
-132.216 28.4668 -58
-132.666 27.1973 -58
-132.968 26.3184 -58
-133.671 24.17 -58
-134.364 22.0215 -58
-134.814 20.625 -58
-135.057 19.8731 -58
-135.681 17.7246 -58
-136.305 15.5762 -58
-136.928 13.4278 -58
-136.963 13.3084 -58
-137.552 11.2793 -58
-138.106 9.13089 -58
-138.661 6.98246 -58
-139.111 5.23685 -58
-139.215 4.83402 -58
-139.77 2.68558 -58
-140.286 0.537142 -58
-140.809 -1.6113 -58
-141.26 -3.60628 -58
-141.293 -3.75973 -58
-141.71 -5.90817 -58
-142.166 -8.05661 -58
-142.569 -10.205 -58
-142.905 -12.3535 -58
-143.235 -14.5019 -58
-143.408 -15.8447 -58
-143.512 -16.6504 -58
-143.777 -18.7988 -58
-143.979 -20.9472 -58
-144.136 -23.0957 -58
-144.315 -25.2441 -58
-144.382 -27.3926 -58
-144.417 -29.541 -58
-144.382 -31.6894 -58
-144.247 -33.8379 -58
-144.113 -35.9863 -58
-143.859 -38.1347 -58
-143.643 -40.2832 -58
-143.408 -41.7871 -58
-143.304 -42.4316 -58
-142.958 -44.5801 -58
-142.473 -46.7285 -58
-141.918 -48.8769 -58
-141.294 -51.0254 -58
-141.26 -51.123 -58
-140.532 -53.1738 -58
-139.77 -55.3223 -58
-139.111 -57.0231 -58
-138.932 -57.4707 -58
-138.037 -59.6191 -58
-137.07 -61.7676 -58
-136.963 -61.9978 -58
-136.068 -63.916 -58
-134.994 -66.0644 -58
-134.814 -66.4001 -58
-133.814 -68.2129 -58
-132.666 -70.1718 -58
-132.551 -70.3613 -58
-131.17 -72.5098 -58
-130.518 -73.4709 -58
-129.682 -74.6582 -58
-128.369 -76.4307 -58
-128.091 -76.8066 -58
-126.427 -78.9551 -58
-126.221 -79.1992 -58
-124.609 -81.1035 -58
-124.072 -81.7107 -58
-122.595 -83.252 -58
-121.924 -83.9233 -58
-120.447 -85.4004 -58
-119.775 -86.0718 -58
-118.234 -87.5488 -58
-117.627 -88.0859 -58
-115.723 -89.6973 -58
-115.479 -89.9038 -58
-113.33 -91.6391 -58
-113.062 -91.8457 -58
-111.182 -93.2382 -58
-110.107 -93.9941 -58
-109.033 -94.7501 -58
-107.054 -96.1426 -58
-106.885 -96.2577 -58
-104.736 -97.5621 -58
-103.536 -98.291 -58
-102.588 -98.8466 -58
-100.439 -100.106 -58
-99.8352 -100.439 -58
-98.291 -101.291 -58
-96.1426 -102.403 -58
-95.7845 -102.588 -58
-93.9941 -103.483 -58
-91.8457 -104.486 -58
-91.3086 -104.736 -58
-89.6973 -105.464 -58
-87.5488 -106.348 -58
-86.2061 -106.885 -58
-85.4004 -107.197 -58
-83.252 -108.028 -58
-81.1035 -108.791 -58
-80.3516 -109.033 -58
-78.9551 -109.484 -58
-76.8066 -110.177 -58
-74.6582 -110.87 -58
-73.4497 -111.182 -58
-72.5098 -111.424 -58
-70.3613 -112.021 -58
-68.2129 -112.558 -58
-66.0644 -113.088 -58
-64.9902 -113.33 -58
-63.916 -113.565 -58
-61.7676 -114.035 -58
-59.6191 -114.438 -58
-57.4707 -114.82 -58
-55.3223 -115.167 -58
-53.1738 -115.444 -58
-52.9053 -115.479 -58
-51.0254 -115.721 -58
-48.8769 -115.982 -58
-46.7285 -116.206 -58
-44.5801 -116.452 -58
-42.4316 -116.653 -58
-40.2832 -116.813 -58
-38.1347 -116.943 -58
-35.9863 -117.008 -58
-33.8379 -117.074 -58
-31.6894 -117.139 -58
-29.541 -117.139 -58
-27.3926 -117.139 -58
-25.2441 -117.139 -58
-23.0957 -117.139 -58
-20.9472 -117.139 -58
-18.7988 -117.09 -58
-16.6504 -117.074 -58
-14.5019 -117.027 -58
-12.3535 -117.027 -58
-10.205 -117.008 -58
-8.05661 -117.008 -58
-5.90817 -117.008 -58
-3.75973 -117.008 -58
-1.6113 -117.074 -58
0.537142 -117.139 -58
2.68558 -117.269 -58
4.83402 -117.459 -58
6.98246 -117.593 -58
7.34053 -117.627 -58
