-44.5801 -115.755 -115.5
-42.4316 -116 -115.5
-40.2832 -116.225 -115.5
-38.1347 -116.404 -115.5
-35.9863 -116.463 -115.5
-33.8379 -116.523 -115.5
-31.6894 -116.583 -115.5
-29.541 -116.583 -115.5
-27.3926 -116.553 -115.5
-25.2441 -116.523 -115.5
-23.0957 -116.43 -115.5
-20.9472 -116.369 -115.5
-18.7988 -116.246 -115.5
-16.6504 -116.184 -115.5
-14.5019 -116.123 -115.5
-12.3535 -116.062 -115.5
-10.205 -116.062 -115.5
-8.05661 -116.062 -115.5
-5.90817 -116 -115.5
-3.75973 -116 -115.5
-1.6113 -115.939 -115.5
0.537142 -115.889 -115.5
2.68558 -115.706 -115.5
4.83402 -115.511 -115.5
5.01305 -115.479 -115.5
6.98246 -115.097 -115.5
9.13089 -114.627 -115.5
11.2793 -114.059 -115.5
13.4278 -113.371 -115.5
13.5812 -113.33 -115.5
15.5762 -112.723 -115.5
17.7246 -112.051 -115.5
19.8731 -111.464 -115.5
20.9473 -111.182 -115.5
22.0215 -110.824 -115.5
24.17 -110.184 -115.5
26.3184 -109.481 -115.5
28.1088 -109.033 -115.5
28.4668 -108.914 -115.5
30.6153 -108.266 -115.5
32.7637 -107.422 -115.5
34.9122 -107.1 -115.5
35.9864 -106.885 -115.5
37.0606 -106.527 -115.5
39.209 -105.811 -115.5
41.3575 -105.094 -115.5
42.4317 -104.736 -115.5
43.5059 -104.199 -115.5
45.6543 -104.199 -115.5
47.8028 -103.662 -115.5
49.9512 -103.125 -115.5
52.0997 -102.946 -115.5
53.1739 -102.588 -115.5
54.2481 -102.051 -115.5
56.3965 -101.514 -115.5
58.545 -100.977 -115.5
59.6192 -100.439 -115.5
60.6934 -99.9023 -115.5
62.8419 -99.3652 -115.5
64.9903 -98.8281 -115.5
66.0645 -98.291 -115.5
67.1387 -97.2168 -115.5
69.2872 -96.6797 -115.5
70.3614 -96.1426 -115.5
71.4356 -95.0684 -115.5
73.584 -94.5313 -115.5
74.6583 -93.9941 -115.5
75.7325 -92.9199 -115.5
76.8067 -91.8457 -115.5
77.8809 -90.7715 -115.5
80.0294 -90.7715 -115.5
81.1036 -89.6973 -115.5
82.1778 -88.623 -115.5
84.3262 -88.623 -115.5
85.4005 -87.5488 -115.5
86.4747 -86.4746 -115.5
88.6231 -86.4746 -115.5
89.6973 -85.4004 -115.5
90.7715 -84.3262 -115.5
92.92 -84.3262 -115.5
93.9942 -83.252 -115.5
95.0684 -82.1777 -115.5
96.1426 -81.1035 -115.5
97.2169 -80.0293 -115.5
99.3653 -80.0293 -115.5
100.44 -78.9551 -115.5
101.514 -77.8809 -115.5
102.588 -76.8066 -115.5
103.662 -75.7324 -115.5
104.736 -74.6582 -115.5
105.811 -73.584 -115.5
106.885 -72.5098 -115.5
107.959 -71.9726 -115.5
109.57 -70.3613 -115.5
110.107 -69.8242 -115.5
112.256 -68.571 -115.5
112.614 -68.2129 -115.5
114.404 -66.4225 -115.5
114.762 -66.0644 -115.5
116.553 -64.2741 -115.5
116.821 -63.916 -115.5
118.701 -62.4121 -115.5
119.346 -61.7676 -115.5
120.85 -60.5143 -115.5
121.617 -59.6191 -115.5
122.998 -58.4106 -115.5
123.834 -57.4707 -115.5
125.147 -56.1578 -115.5
125.83 -55.3223 -115.5
127.295 -53.8574 -115.5
127.796 -53.1738 -115.5
129.443 -51.409 -115.5
129.726 -51.0254 -115.5
131.431 -48.8769 -115.5
131.592 -48.6755 -115.5
132.89 -46.7285 -115.5
133.74 -45.4529 -115.5
134.239 -44.5801 -115.5
135.28 -42.4316 -115.5
135.889 -41.0269 -115.5
136.191 -40.2832 -115.5
136.868 -38.1347 -115.5
137.437 -35.9863 -115.5
137.884 -33.8379 -115.5
138.037 -32.9427 -115.5
138.252 -31.6894 -115.5
138.498 -29.541 -115.5
138.682 -27.3926 -115.5
138.804 -25.2441 -115.5
138.866 -23.0957 -115.5
138.866 -20.9472 -115.5
138.804 -18.7988 -115.5
138.743 -16.6504 -115.5
138.62 -14.5019 -115.5
138.485 -12.3535 -115.5
138.252 -10.205 -115.5
138.037 -8.32517 -115.5
138.006 -8.05661 -115.5
137.709 -5.90817 -115.5
137.351 -3.75973 -115.5
136.993 -1.6113 -115.5
136.575 0.537142 -115.5
136.165 2.68558 -115.5
135.889 3.89408 -115.5
135.674 4.83402 -115.5
135.121 6.98246 -115.5
134.508 9.13089 -115.5
133.835 11.2793 -115.5
133.74 11.5479 -115.5
133.077 13.4278 -115.5
132.255 15.5762 -115.5
131.592 17.0801 -115.5
131.308 17.7246 -115.5
130.36 19.8731 -115.5
129.443 21.9499 -115.5
129.411 22.0215 -115.5
128.369 24.17 -115.5
127.328 26.3184 -115.5
127.295 26.3816 -115.5
126.221 28.4668 -115.5
125.147 30.5521 -115.5
125.114 30.6153 -115.5
124.007 32.7637 -115.5
122.998 34.7226 -115.5
122.897 34.9122 -115.5
121.729 37.0606 -115.5
120.85 38.6719 -115.5
120.548 39.209 -115.5
119.272 41.3575 -115.5
118.701 42.3186 -115.5
117.996 43.5059 -115.5
116.587 45.6543 -115.5
116.553 45.7081 -115.5
115.156 47.8028 -115.5
114.404 48.877 -115.5
113.652 49.9512 -115.5
112.256 51.7727 -115.5
112.005 52.0997 -115.5
110.367 54.2481 -115.5
110.107 54.575 -115.5
108.663 56.3965 -115.5
107.959 57.247 -115.5
106.885 58.545 -115.5
105.811 59.7911 -115.5
105.005 60.6934 -115.5
103.662 62.1973 -115.5
103.065 62.8419 -115.5
101.514 64.3935 -115.5
100.917 64.9903 -115.5
99.3653 66.4349 -115.5
98.5803 67.1387 -115.5
97.2169 68.3611 -115.5
96.1426 69.2872 -115.5
95.0684 70.1823 -115.5
93.5019 71.4356 -115.5
92.92 71.8861 -115.5
90.7715 73.4108 -115.5
90.5158 73.584 -115.5
88.6231 74.8261 -115.5
87.0966 75.7325 -115.5
86.4747 76.1017 -115.5
84.3262 77.2624 -115.5
83.0506 77.8809 -115.5
82.1778 78.3041 -115.5
80.0294 79.3027 -115.5
78.2646 80.0294 -115.5
77.8809 80.1828 -115.5
75.7325 80.9808 -115.5
73.584 81.7174 -115.5
72.1192 82.1778 -115.5
71.4356 82.399 -115.5
69.2872 83.0679 -115.5
67.1387 83.6203 -115.5
64.9903 84.1728 -115.5
64.223 84.3262 -115.5
62.8419 84.6025 -115.5
60.6934 84.9708 -115.5
58.545 85.2777 -115.5
56.3965 85.5846 -115.5
54.2481 85.7688 -115.5
52.0997 85.9077 -115.5
49.9512 85.9674 -115.5
47.8028 86.0143 -115.5
45.6543 85.9674 -115.5
43.5059 85.8915 -115.5
41.3575 85.7287 -115.5
39.209 85.5232 -115.5
37.0606 85.2163 -115.5
34.9122 84.8932 -115.5
32.7637 84.4797 -115.5
32.0923 84.3262 -115.5
30.6153 83.998 -115.5
28.4668 83.5206 -115.5
26.3184 82.9835 -115.5
24.17 82.454 -115.5
23.2032 82.1778 -115.5
22.0215 81.8496 -115.5
19.8731 81.3125 -115.5
17.7246 80.7353 -115.5
15.5762 80.1828 -115.5
14.9794 80.0294 -115.5
13.4278 79.6304 -115.5
11.2793 79.1043 -115.5
9.13089 78.6269 -115.5
6.98246 78.2185 -115.5
4.83402 77.9704 -115.5
3.7598 77.8809 -115.5
2.68558 77.7888 -115.5
0.537142 77.7888 -115.5
-0.537078 77.8809 -115.5
-1.6113 77.973 -115.5
-3.75973 78.2799 -115.5
-5.90817 78.7096 -115.5
-8.05661 79.2621 -115.5
-10.205 79.8714 -115.5
-10.7422 80.0294 -115.5
-12.3535 80.4897 -115.5
-14.5019 81.1036 -115.5
-16.6504 81.7174 -115.5
-18.2617 82.1778 -115.5
-18.7988 82.3313 -115.5
-20.9472 82.8837 -115.5
-23.0957 83.3748 -115.5
-25.2441 83.8659 -115.5
-27.3926 84.2955 -115.5
-27.5716 84.3262 -115.5
-29.541 84.6638 -115.5
-31.6894 85.0321 -115.5
-33.8379 85.3706 -115.5
-35.9863 85.646 -115.5
-38.1347 85.9077 -115.5
-40.2832 86.1464 -115.5
-42.4316 86.3295 -115.5
-44.222 86.4747 -115.5
-44.5801 86.5037 -115.5
-46.7285 86.6726 -115.5
-48.8769 86.7291 -115.5
-51.0254 86.736 -115.5
-53.1738 86.736 -115.5
-55.3223 86.6779 -115.5
-57.4707 86.5618 -115.5
-59.082 86.4747 -115.5
-59.6191 86.4448 -115.5
-61.7676 86.2061 -115.5
-63.916 85.9077 -115.5
-66.0644 85.6093 -115.5
-68.2129 85.1916 -115.5
-70.3613 84.7252 -115.5
-71.913 84.3262 -115.5
-72.5098 84.1728 -115.5
-74.6582 83.5589 -115.5
-76.8066 82.8223 -115.5
-78.418 82.1778 -115.5
-78.9551 81.9566 -115.5
-81.1035 81.0385 -115.5
-83.1848 80.0294 -115.5
-83.252 79.9968 -115.5
-85.4004 78.8544 -115.5
-87.04 77.8809 -115.5
-87.5488 77.5788 -115.5
-89.6973 76.183 -115.5
-90.3623 75.7325 -115.5
-91.8457 74.7276 -115.5
-93.387 73.584 -115.5
-93.9941 73.1336 -115.5
-96.1426 71.543 -115.5
-96.2715 71.4356 -115.5
-98.291 69.7527 -115.5
-98.8496 69.2872 -115.5
-100.439 67.9623 -115.5
-101.39 67.1387 -115.5
-102.588 66.0645 -115.5
-103.786 64.9903 -115.5
-104.736 64.1079 -115.5
-106.049 62.8419 -115.5
-106.885 62.0362 -115.5
-108.228 60.6934 -115.5
-109.033 59.8579 -115.5
-110.256 58.545 -115.5
-111.182 57.5503 -115.5
-112.256 56.3965 -115.5
-113.33 55.1504 -115.5
-114.082 54.2481 -115.5
-115.479 52.5025 -115.5
-115.801 52.0997 -115.5
-117.448 49.9512 -115.5
-117.627 49.7071 -115.5
-118.978 47.8028 -115.5
-119.775 46.6263 -115.5
-120.413 45.6543 -115.5
-121.756 43.5059 -115.5
-121.924 43.2075 -115.5
-122.964 41.3575 -115.5
-124.072 39.2722 -115.5
-124.105 39.209 -115.5
-125.146 37.0606 -115.5
-126.123 34.9122 -115.5
-126.221 34.7107 -115.5
-127.165 32.7637 -115.5
-128.206 30.6153 -115.5
-128.369 30.2572 -115.5
-129.159 28.4668 -115.5
-130.044 26.3184 -115.5
-130.518 25.1675 -115.5
-130.928 24.17 -115.5
-131.715 22.0215 -115.5
-132.508 19.8731 -115.5
-132.666 19.4255 -115.5
-133.233 17.7246 -115.5
-133.924 15.5762 -115.5
-134.593 13.4278 -115.5
-134.814 12.6758 -115.5
-135.213 11.2793 -115.5
-135.827 9.13089 -115.5
-136.396 6.98246 -115.5
-136.963 4.94144 -115.5
-136.994 4.83402 -115.5
-137.53 2.68558 -115.5
-138.067 0.537142 -115.5
-138.544 -1.6113 -115.5
-139.019 -3.75973 -115.5
-139.111 -4.22011 -115.5
-139.44 -5.90817 -115.5
-139.817 -8.05661 -115.5
-140.186 -10.205 -115.5
-140.554 -12.3535 -115.5
-140.872 -14.5019 -115.5
-141.229 -16.6504 -115.5
-141.26 -16.8652 -115.5
-141.528 -18.7988 -115.5
-141.767 -20.9472 -115.5
-141.966 -23.0957 -115.5
-142.088 -25.2441 -115.5
-142.15 -27.3926 -115.5
-142.125 -29.541 -115.5
-141.966 -31.6894 -115.5
-141.767 -33.8379 -115.5
-141.413 -35.9863 -115.5
-141.26 -36.8815 -115.5
-141.045 -38.1347 -115.5
-140.514 -40.2832 -115.5
-139.94 -42.4316 -115.5
-139.326 -44.5801 -115.5
-139.111 -45.2067 -115.5
-138.59 -46.7285 -115.5
-137.816 -48.8769 -115.5
-136.995 -51.0254 -115.5
-136.963 -51.1021 -115.5
-136.11 -53.1738 -115.5
-135.162 -55.3223 -115.5
-134.814 -56.0173 -115.5
-134.088 -57.4707 -115.5
-132.959 -59.6191 -115.5
-132.666 -60.128 -115.5
-131.722 -61.7676 -115.5
-130.518 -63.6602 -115.5
-130.35 -63.916 -115.5
-128.94 -66.0644 -115.5
-128.369 -66.8584 -115.5
-127.364 -68.2129 -115.5
-126.221 -69.7542 -115.5
-125.755 -70.3613 -115.5
-124.072 -72.465 -115.5
-124.034 -72.5098 -115.5
-122.116 -74.6582 -115.5
-121.924 -74.873 -115.5
-120.065 -76.8066 -115.5
-119.775 -77.0958 -115.5
-117.916 -78.9551 -115.5
-117.627 -79.2336 -115.5
-115.607 -81.1035 -115.5
-115.479 -81.2229 -115.5
-113.33 -83.2122 -115.5
-113.287 -83.252 -115.5
-111.182 -85.1318 -115.5
-110.881 -85.4004 -115.5
-109.033 -86.9932 -115.5
-108.389 -87.5488 -115.5
-106.885 -88.8021 -115.5
-105.717 -89.6973 -115.5
-104.736 -90.4492 -115.5
-102.832 -91.8457 -115.5
-102.588 -92.0247 -115.5
-100.439 -93.6003 -115.5
-99.8768 -93.9941 -115.5
-98.291 -95.1042 -115.5
-96.7334 -96.1426 -115.5
-96.1426 -96.5238 -115.5
-93.9941 -97.8546 -115.5
-93.2959 -98.291 -115.5
-91.8457 -99.1974 -115.5
-89.6973 -100.406 -115.5
-89.6376 -100.439 -115.5
-87.5488 -101.579 -115.5
-85.59 -102.588 -115.5
-85.4004 -102.686 -115.5
-83.252 -103.727 -115.5
-81.1035 -104.704 -115.5
-81.0319 -104.736 -115.5
-78.9551 -105.653 -115.5
-76.8066 -106.592 -115.5
-76.1161 -106.885 -115.5
-74.6582 -107.485 -115.5
-72.5098 -108.37 -115.5
-70.7745 -109.033 -115.5
-70.3613 -109.191 -115.5
-68.2129 -109.949 -115.5
-66.0644 -110.66 -115.5
-64.5426 -111.182 -115.5
-63.916 -111.396 -115.5
-61.7676 -112.01 -115.5
-59.6191 -112.624 -115.5
-57.4707 -113.177 -115.5
-56.8739 -113.33 -115.5
-55.3223 -113.718 -115.5
-53.1738 -114.195 -115.5
-51.0254 -114.65 -115.5
-48.8769 -115.031 -115.5
-46.7285 -115.389 -115.5
-46.1914 -115.479 -115.5
