2.68558 -119.81 4.5
4.83402 -119.949 4.5
6.98246 -120.087 4.5
9.13089 -120.226 4.5
11.2793 -120.48 4.5
13.4278 -120.682 4.5
15.5762 -120.883 4.5
17.7246 -121.085 4.5
19.8731 -121.219 4.5
22.0215 -121.353 4.5
24.17 -121.353 4.5
26.3184 -121.353 4.5
28.4668 -121.286 4.5
30.6153 -121.085 4.5
32.7637 -120.85 4.5
34.9122 -120.547 4.5
37.0606 -120.226 4.5
39.209 -119.879 4.5
39.7461 -119.775 4.5
41.3575 -119.464 4.5
43.5059 -119.117 4.5
45.6543 -118.632 4.5
47.8028 -118.198 4.5
49.9512 -117.731 4.5
50.4116 -117.627 4.5
52.0997 -117.246 4.5
54.2481 -116.691 4.5
56.3965 -116.137 4.5
58.545 -115.582 4.5
58.9478 -115.479 4.5
60.6934 -115.028 4.5
62.8419 -114.474 4.5
64.9903 -113.901 4.5
67.0194 -113.33 4.5
67.1387 -113.295 4.5
69.2872 -112.672 4.5
71.4356 -112.048 4.5
73.584 -111.417 4.5
74.336 -111.182 4.5
75.7325 -110.731 4.5
77.8809 -110.038 4.5
80.0294 -109.345 4.5
80.9083 -109.033 4.5
82.1778 -108.583 4.5
84.3262 -107.82 4.5
86.4747 -106.992 4.5
86.7226 -106.885 4.5
88.6231 -106.088 4.5
90.7715 -105.13 4.5
91.5593 -104.736 4.5
92.92 -104.056 4.5
95.0684 -102.982 4.5
95.807 -102.588 4.5
97.2169 -101.782 4.5
99.3653 -100.478 4.5
99.4285 -100.439 4.5
101.514 -99.1734 4.5
102.886 -98.291 4.5
103.662 -97.7738 4.5
105.811 -96.2619 4.5
105.972 -96.1426 4.5
107.959 -94.6139 4.5
108.726 -93.9941 4.5
110.107 -92.834 4.5
111.231 -91.8457 4.5
112.256 -90.9058 4.5
113.517 -89.6973 4.5
114.404 -88.8468 4.5
115.65 -87.5488 4.5
116.553 -86.6089 4.5
117.713 -85.4004 4.5
118.701 -84.3262 4.5
119.69 -83.252 4.5
120.85 -81.9336 4.5
121.526 -81.1035 4.5
122.998 -79.2108 4.5
123.197 -78.9551 4.5
124.709 -76.8066 4.5
125.147 -76.1502 4.5
126.106 -74.6582 4.5
127.295 -72.8082 4.5
127.487 -72.5098 4.5
128.715 -70.3613 4.5
129.443 -69.0857 4.5
129.925 -68.2129 4.5
131.036 -66.0644 4.5
131.592 -64.9135 4.5
132.042 -63.916 4.5
132.988 -61.7676 4.5
133.74 -59.8877 4.5
133.848 -59.6191 4.5
134.707 -57.4707 4.5
135.495 -55.3223 4.5
135.889 -54.1406 4.5
136.191 -53.1738 4.5
136.795 -51.0254 4.5
137.379 -48.8769 4.5
137.933 -46.7285 4.5
138.037 -46.2681 4.5
138.406 -44.5801 4.5
138.809 -42.4316 4.5
139.181 -40.2832 4.5
139.481 -38.1347 4.5
139.749 -35.9863 4.5
139.951 -33.8379 4.5
140.082 -31.6894 4.5
140.151 -29.541 4.5
140.186 -28.4668 4.5
140.221 -27.3926 4.5
140.221 -25.2441 4.5
140.223 -23.0957 4.5
140.223 -20.9472 4.5
140.223 -18.7988 4.5
140.221 -16.6504 4.5
140.186 -15.5761 4.5
140.15 -14.5019 4.5
140.15 -12.3535 4.5
140.149 -10.205 4.5
140.15 -8.05661 4.5
140.15 -5.90817 4.5
140.15 -3.75973 4.5
140.151 -1.6113 4.5
140.085 0.537142 4.5
140.018 2.68558 4.5
139.893 4.83402 4.5
139.762 6.98246 4.5
139.567 9.13089 4.5
139.372 11.2793 4.5
139.145 13.4278 4.5
138.944 15.5762 4.5
138.696 17.7246 4.5
138.474 19.8731 4.5
138.21 22.0215 4.5
138.037 23.8119 4.5
138.003 24.17 4.5
137.725 26.3184 4.5
137.399 28.4668 4.5
137.064 30.6153 4.5
136.661 32.7637 4.5
136.258 34.9122 4.5
135.889 36.8816 4.5
135.854 37.0606 4.5
135.369 39.209 4.5
134.884 41.3575 4.5
134.378 43.5059 4.5
133.775 45.6543 4.5
133.74 45.7886 4.5
133.221 47.8028 4.5
132.597 49.9512 4.5
131.973 52.0997 4.5
131.592 53.2813 4.5
131.28 54.2481 4.5
130.587 56.3965 4.5
129.825 58.545 4.5
129.443 59.6192 4.5
129.05 60.6934 4.5
128.119 62.8419 4.5
127.295 64.6066 4.5
127.116 64.9903 4.5
126.042 67.1387 4.5
125.147 68.7185 4.5
124.801 69.2872 4.5
123.497 71.4356 4.5
122.998 72.1338 4.5
121.924 73.584 4.5
120.85 74.9652 4.5
120.23 75.7325 4.5
118.701 77.4606 4.5
118.298 77.8809 4.5
116.553 79.5567 4.5
116.016 80.0294 4.5
114.404 81.3928 4.5
113.384 82.1778 4.5
112.256 82.9835 4.5
110.167 84.3262 4.5
110.107 84.3646 4.5
107.959 85.5795 4.5
106.169 86.4747 4.5
105.811 86.6537 4.5
103.662 87.6182 4.5
101.514 88.5157 4.5
101.221 88.6231 4.5
99.3653 89.2609 4.5
97.2169 89.9052 4.5
95.0684 90.529 4.5
94.2329 90.7715 4.5
92.92 91.1408 4.5
90.7715 91.6379 4.5
88.6231 92.123 4.5
86.4747 92.4836 4.5
84.3262 92.8853 4.5
84.1114 92.92 4.5
82.1778 93.2319 4.5
80.0294 93.5784 4.5
77.8809 93.8935 4.5
75.7325 94.2292 4.5
73.584 94.5486 4.5
71.4356 94.8259 4.5
69.2872 95.0338 4.5
68.9291 95.0684 4.5
67.1387 95.2417 4.5
64.9903 95.5189 4.5
62.8419 95.7961 4.5
60.6934 96.0419 4.5
58.545 96.338 4.5
56.3965 96.5984 4.5
54.2481 96.7937 4.5
52.0997 96.989 4.5
49.9512 97.0541 4.5
47.8028 97.1192 4.5
45.6543 97.1843 4.5
43.5059 97.1843 4.5
41.3575 97.1192 4.5
39.209 97.0541 4.5
37.0606 96.9819 4.5
34.9122 96.8588 4.5
32.7637 96.7133 4.5
30.6153 96.579 4.5
28.4668 96.3933 4.5
26.3184 96.1426 4.5
24.17 95.892 4.5
22.0215 95.6055 4.5
19.8731 95.311 4.5
17.9932 95.0684 4.5
17.7246 95.0338 4.5
15.5762 94.7663 4.5
13.4278 94.5486 4.5
11.2793 94.2714 4.5
9.13089 94.0635 4.5
6.98246 93.8152 4.5
4.83402 93.6238 4.5
2.68558 93.4756 4.5
0.537142 93.4015 4.5
-1.6113 93.3274 4.5
-3.75973 93.4571 4.5
-5.90817 93.6003 4.5
-8.05661 93.8556 4.5
-10.205 94.1328 4.5
-12.3535 94.4793 4.5
-14.5019 94.8259 4.5
-16.0058 95.0684 4.5
-16.6504 95.1724 4.5
-18.7988 95.572 4.5
-20.9472 95.9748 4.5
-23.0957 96.3776 4.5
-25.2441 96.7805 4.5
-27.3926 97.1833 4.5
-27.5716 97.2169 4.5
-29.541 97.5861 4.5
-31.6894 97.989 4.5
-33.8379 98.3918 4.5
-35.9863 98.7946 4.5
-38.1347 99.1975 4.5
-39.0299 99.3653 4.5
-40.2832 99.6003 4.5
-42.4316 99.8851 4.5
-44.5801 100.07 4.5
-46.7285 100.162 4.5
-48.8769 100.137 4.5
-51.0254 100.024 4.5
-53.1738 99.8158 4.5
-55.3223 99.4693 4.5
-55.9668 99.3653 4.5
-57.4707 99.1227 4.5
-59.6191 98.7069 4.5
-61.7676 98.3604 4.5
-63.916 97.989 4.5
-66.0644 97.6533 4.5
-68.2129 97.3176 4.5
-68.8574 97.2169 4.5
-70.3613 96.9743 4.5
-72.5098 96.6278 4.5
-74.6582 96.2434 4.5
-76.8066 95.8654 4.5
-78.9551 95.5189 4.5
-81.1035 95.1724 4.5
-81.6406 95.0684 4.5
-83.252 94.7663 4.5
-85.4004 94.3635 4.5
-87.5488 93.9249 4.5
-89.6973 93.4398 4.5
-91.8457 92.9546 4.5
-91.98 92.92 4.5
-93.9941 92.4002 4.5
-96.1426 91.8458 4.5
-98.291 91.1527 4.5
-99.4727 90.7715 4.5
-100.439 90.4597 4.5
-102.588 89.6973 4.5
-104.736 88.8021 4.5
-105.12 88.6231 4.5
-106.885 87.7995 4.5
-109.033 86.5858 4.5
-109.212 86.4747 4.5
-111.182 85.1617 4.5
-112.31 84.3262 4.5
-113.33 83.5098 4.5
-114.844 82.1778 4.5
-115.479 81.5959 4.5
-117.045 80.0294 4.5
-117.627 79.3946 4.5
-118.908 77.8809 4.5
-119.775 76.753 4.5
-120.531 75.7325 4.5
-121.924 73.6437 4.5
-121.962 73.584 4.5
-123.22 71.4356 4.5
-124.072 69.8914 4.5
-124.395 69.2872 4.5
-125.397 67.1387 4.5
-126.221 65.2382 4.5
-126.328 64.9903 4.5
-127.156 62.8419 4.5
-127.919 60.6934 4.5
-128.369 59.4239 4.5
-128.681 58.545 4.5
-129.343 56.3965 4.5
-129.947 54.2481 4.5
-130.518 52.219 4.5
-130.552 52.0997 4.5
-131.107 49.9512 4.5
-131.661 47.8028 4.5
-132.162 45.6543 4.5
-132.666 43.6402 4.5
-132.7 43.5059 4.5
-133.17 41.3575 4.5
-133.572 39.209 4.5
-134.017 37.0606 4.5
-134.433 34.9122 4.5
-134.814 32.9428 4.5
-134.849 32.7637 4.5
-135.251 30.6153 4.5
-135.654 28.4668 4.5
-136.027 26.3184 4.5
-136.374 24.17 4.5
-136.704 22.0215 4.5
-136.963 20.5176 4.5
-137.07 19.8731 4.5
-137.37 17.7246 4.5
-137.741 15.5762 4.5
-138.111 13.4278 4.5
-138.536 11.2793 4.5
-138.992 9.13089 4.5
-139.111 8.59378 4.5
-139.434 6.98246 4.5
-139.792 4.83402 4.5
-140.15 2.68558 4.5
-140.508 0.537142 4.5
-140.794 -1.6113 4.5
-141.068 -3.75973 4.5
-141.149 -5.90817 4.5
-141.22 -8.05661 4.5
-141.061 -10.205 4.5
-140.959 -12.3535 4.5
-140.873 -14.5019 4.5
-141.036 -16.6504 4.5
-141.215 -18.7988 4.5
-141.26 -19.1569 4.5
-141.459 -20.9472 4.5
-141.618 -23.0957 4.5
-141.538 -25.2441 4.5
-141.3 -27.3926 4.5
-141.26 -27.6611 4.5
-140.933 -29.541 4.5
-140.746 -31.6894 4.5
-140.678 -33.8379 4.5
-140.787 -35.9863 4.5
-140.805 -38.1347 4.5
-140.805 -40.2832 4.5
-140.583 -42.4316 4.5
-140.265 -44.5801 4.5
-139.788 -46.7285 4.5
-139.303 -48.8769 4.5
-139.111 -49.5483 4.5
-138.639 -51.0254 4.5
-137.996 -53.1738 4.5
-137.252 -55.3223 4.5
-136.963 -56.0742 4.5
-136.356 -57.4707 4.5
-135.328 -59.6191 4.5
-134.814 -60.6933 4.5
-134.224 -61.7676 4.5
-133.105 -63.916 4.5
-132.666 -64.8828 4.5
-132.103 -66.0644 4.5
-131.189 -68.2129 4.5
-130.518 -69.8242 4.5
-130.294 -70.3613 4.5
-129.237 -72.5098 4.5
-128.369 -74.1211 4.5
-128.068 -74.6582 4.5
-126.693 -76.8066 4.5
-126.221 -77.4631 4.5
-125.102 -78.9551 4.5
-124.072 -80.2554 4.5
-123.305 -81.1035 4.5
-121.924 -82.63 4.5
-121.302 -83.252 4.5
-119.775 -84.8633 4.5
-119.171 -85.4004 4.5
-117.627 -86.773 4.5
-116.629 -87.5488 4.5
-115.479 -88.444 4.5
-113.867 -89.6973 4.5
-113.33 -90.093 4.5
-111.182 -91.6443 4.5
-110.934 -91.8457 4.5
-109.033 -93.3899 4.5
-108.343 -93.9941 4.5
-106.885 -95.1947 4.5
-105.734 -96.1426 4.5
-104.736 -96.9184 4.5
-102.972 -98.291 4.5
-102.588 -98.5596 4.5
-100.439 -100.044 4.5
-99.861 -100.439 4.5
-98.291 -101.411 4.5
-96.5262 -102.588 4.5
-96.1426 -102.812 4.5
-93.9941 -103.975 4.5
-92.334 -104.736 4.5
-91.8457 -104.943 4.5
-89.6973 -105.687 4.5
-87.5488 -106.213 4.5
-85.4004 -106.738 4.5
-84.94 -106.885 4.5
-83.252 -107.399 4.5
-81.1035 -108.203 4.5
-79.2773 -109.033 4.5
-78.9551 -109.173 4.5
-76.8066 -110.201 4.5
-74.6582 -111.035 4.5
-74.1978 -111.182 4.5
-72.5098 -111.674 4.5
-70.3613 -112.256 4.5
-68.2129 -112.695 4.5
-66.0644 -113.279 4.5
-65.8854 -113.33 4.5
-63.916 -113.822 4.5
-61.7676 -114.36 4.5
-59.6191 -114.871 4.5
-57.4707 -115.234 4.5
-56.1279 -115.479 4.5
-55.3223 -115.607 4.5
-53.1738 -115.881 4.5
-51.0254 -116.239 4.5
-48.8769 -116.508 4.5
-46.7285 -116.74 4.5
-44.5801 -116.992 4.5
-42.4316 -117.188 4.5
-40.2832 -117.371 4.5
-38.4928 -117.627 4.5
-38.1347 -117.668 4.5
-35.9863 -117.916 4.5
-33.8379 -118.144 4.5
-31.6894 -118.356 4.5
-29.541 -118.509 4.5
-27.3926 -118.542 4.5
-25.2441 -118.509 4.5
-23.0957 -118.462 4.5
-20.9472 -118.462 4.5
-18.7988 -118.586 4.5
-16.6504 -118.701 4.5
-14.5019 -118.88 4.5
-12.3535 -119.048 4.5
-10.205 -119.157 4.5
-8.05661 -119.287 4.5
-5.90817 -119.417 4.5
-3.75973 -119.54 4.5
-1.6113 -119.671 4.5
0.537142 -119.741 4.5
1.61136 -119.775 4.5
