-46.7285 -113.498 37
-44.5801 -113.632 37
-42.4316 -113.781 37
-40.2832 -113.968 37
-38.1347 -114.102 37
-35.9863 -114.236 37
-33.8379 -114.371 37
-31.6894 -114.438 37
-29.541 -114.572 37
-27.3926 -114.6 37
-25.2441 -114.639 37
-23.0957 -114.6 37
-20.9472 -114.572 37
-18.7988 -114.438 37
-16.6504 -114.304 37
-14.5019 -114.169 37
-12.3535 -114.035 37
-10.205 -113.901 37
-8.05661 -113.781 37
-5.90817 -113.711 37
-3.75973 -113.699 37
-1.6113 -113.699 37
0.537142 -113.781 37
2.68558 -113.901 37
4.83402 -114.058 37
6.98246 -114.236 37
9.13089 -114.404 37
11.2793 -114.612 37
13.4278 -114.751 37
15.5762 -114.87 37
17.7246 -114.959 37
19.8731 -115.013 37
22.0215 -115.085 37
24.17 -115.085 37
26.3184 -115.085 37
28.4668 -115.013 37
30.6153 -114.941 37
32.7637 -114.82 37
34.9122 -114.612 37
37.0606 -114.474 37
39.209 -114.266 37
41.3575 -114.102 37
43.5059 -113.85 37
45.6543 -113.573 37
47.5342 -113.33 37
47.8028 -113.295 37
49.9512 -112.949 37
52.0997 -112.558 37
54.2481 -112.187 37
56.3965 -111.771 37
58.545 -111.349 37
59.3123 -111.182 37
60.6934 -110.87 37
62.8419 -110.385 37
64.9903 -109.9 37
67.1387 -109.402 37
68.4517 -109.033 37
69.2872 -108.791 37
71.4356 -108.236 37
73.584 -107.612 37
75.7325 -106.989 37
76.0547 -106.885 37
77.8809 -106.296 37
80.0294 -105.603 37
82.1778 -104.84 37
82.4708 -104.736 37
84.3262 -104.056 37
86.4747 -103.197 37
87.8794 -102.588 37
88.6231 -102.266 37
90.7715 -101.263 37
92.4187 -100.439 37
92.92 -100.189 37
95.0684 -99.0689 37
96.3954 -98.291 37
97.2169 -97.8095 37
99.3653 -96.4879 37
99.9024 -96.1426 37
101.514 -95.1067 37
103.244 -93.9941 37
103.662 -93.7156 37
105.811 -92.2038 37
106.294 -91.8457 37
107.959 -90.5649 37
109.033 -89.6973 37
110.107 -88.8296 37
111.621 -87.5488 37
112.256 -87.0117 37
114.077 -85.4004 37
114.404 -85.0871 37
116.319 -83.252 37
116.553 -83.0282 37
118.4 -81.1035 37
118.701 -80.7902 37
120.395 -78.9551 37
120.85 -78.4413 37
122.296 -76.8066 37
122.998 -75.9766 37
124.072 -74.6582 37
125.147 -73.208 37
125.664 -72.5098 37
127.176 -70.3613 37
127.295 -70.1718 37
128.484 -68.2129 37
129.443 -66.6331 37
129.777 -66.0644 37
130.962 -63.916 37
131.592 -62.7746 37
132.148 -61.7676 37
133.259 -59.6191 37
133.74 -58.6881 37
134.349 -57.4707 37
135.333 -55.3223 37
135.889 -54.0828 37
136.27 -53.1738 37
137.142 -51.0254 37
138.001 -48.8769 37
138.037 -48.7793 37
138.789 -46.7285 37
139.577 -44.5801 37
140.186 -42.9199 37
140.365 -42.4316 37
141.224 -40.2832 37
142.083 -38.1347 37
142.334 -37.5976 37
143.086 -35.9863 37
144.214 -33.8379 37
144.483 -33.3955 37
145.598 -31.6894 37
146.631 -30.3467 37
147.363 -29.541 37
148.779 -28.1865 37
149.854 -27.3926 37
150.928 -26.5625 37
153 -25.2441 37
153.076 -25.1876 37
155.225 -23.8307 37
156.494 -23.0957 37
157.373 -22.352 37
159.199 -20.9472 37
159.522 -20.625 37
161.551 -18.7988 37
161.67 -18.6198 37
163.147 -16.6504 37
163.818 -15.5761 37
164.714 -14.5019 37
165.967 -12.622 37
166.146 -12.3535 37
167.471 -10.205 37
168.115 -9.13083 37
168.76 -8.05661 37
169.995 -5.90817 37
170.264 -5.37106 37
171.338 -3.75973 37
172.412 -2.14841 37
172.77 -1.6113 37
174.203 0.537142 37
174.561 1.07425 37
175.635 2.68558 37
176.709 4.29691 37
177.067 4.83402 37
178.499 6.98246 37
178.858 7.51957 37
180.469 9.13089 37
181.006 10.2051 37
181.543 11.2793 37
183.154 12.8907 37
183.692 13.4278 37
184.766 15.5762 37
185.303 16.6504 37
186.377 17.7246 37
187.451 18.7989 37
188.525 19.8731 37
189.6 20.9473 37
190.137 22.0215 37
190.674 24.17 37
191.748 25.2442 37
192.285 26.3184 37
192.822 28.4668 37
193.897 29.5411 37
194.971 30.6153 37
194.971 32.7637 37
196.045 33.8379 37
197.119 34.9122 37
197.119 37.0606 37
197.119 39.209 37
197.119 41.3575 37
196.045 41.8946 37
194.434 43.5059 37
193.897 43.864 37
191.748 45.2963 37
191.48 45.6543 37
189.6 46.7286 37
188.096 47.8028 37
187.451 48.0507 37
185.303 48.877 37
183.154 49.5089 37
181.006 49.9024 37
180.648 49.9512 37
178.858 50.1502 37
176.709 50.2019 37
174.561 50.0552 37
173.486 49.9512 37
172.412 49.8473 37
170.264 49.5148 37
168.115 49.0982 37
165.967 48.719 37
163.818 48.3859 37
161.67 48.079 37
159.522 47.8949 37
157.373 47.8344 37
155.225 48.0306 37
153.076 48.5305 37
150.928 49.5136 37
150.271 49.9512 37
148.779 51.1189 37
147.799 52.0997 37
146.631 53.5916 37
146.176 54.2481 37
144.92 56.3965 37
144.483 57.2406 37
143.853 58.545 37
142.89 60.6934 37
142.334 61.8444 37
141.853 62.8419 37
140.889 64.9903 37
140.186 66.351 37
139.764 67.1387 37
138.613 69.2872 37
138.037 70.235 37
137.281 71.4356 37
135.889 73.5244 37
135.846 73.584 37
134.127 75.7325 37
133.74 76.1929 37
132.322 77.8809 37
131.592 78.6749 37
130.237 80.0294 37
129.443 80.7903 37
127.93 82.1778 37
127.295 82.7149 37
125.2 84.3262 37
125.147 84.366 37
122.998 85.7983 37
121.857 86.4747 37
120.85 87.0303 37
118.701 88.086 37
117.55 88.6231 37
116.553 89.0736 37
114.404 89.8764 37
112.256 90.5983 37
111.719 90.7715 37
110.107 91.2913 37
107.959 91.9465 37
105.811 92.5388 37
104.123 92.92 37
103.662 93.0239 37
101.514 93.5578 37
99.3653 93.9942 37
97.2169 94.41 37
95.0684 94.7663 37
93.4571 95.0684 37
92.92 95.1691 37
90.7715 95.5048 37
88.6231 95.8405 37
86.4747 96.1091 37
84.3262 96.4448 37
82.1778 96.7133 37
80.0294 96.9819 37
78.1495 97.2169 37
77.8809 97.2494 37
75.7325 97.4518 37
73.584 97.7204 37
71.4356 98.0139 37
69.2872 98.3604 37
67.1387 98.7762 37
64.9903 99.2579 37
64.5299 99.3653 37
62.8419 99.7346 37
60.6934 100.093 37
58.545 100.374 37
56.3965 100.54 37
54.2481 100.675 37
52.0997 100.7 37
49.9512 100.7 37
47.8028 100.7 37
45.6543 100.635 37
43.5059 100.54 37
41.3575 100.339 37
39.209 100.024 37
37.0606 99.6772 37
35.4493 99.3653 37
34.9122 99.2542 37
32.7637 98.8097 37
30.6153 98.5133 37
28.4668 98.2911 37
26.3184 98.1429 37
24.17 97.9947 37
22.0215 97.8466 37
19.8731 97.6389 37
17.7246 97.3362 37
16.919 97.2169 37
15.5762 97.025 37
13.4278 96.6414 37
11.2793 96.3018 37
9.13089 95.9835 37
6.98246 95.7974 37
4.83402 95.6652 37
2.68558 95.6439 37
0.537142 95.6652 37
-1.6113 95.7448 37
-3.75973 95.8244 37
-5.90817 95.8534 37
-8.05661 95.9361 37
-10.205 96.0631 37
-12.3535 96.2666 37
-14.5019 96.5405 37
-16.6504 96.9384 37
-18.1543 97.2169 37
-18.7988 97.3362 37
-20.9472 97.7725 37
-23.0957 98.1429 37
-25.2441 98.6133 37
-27.3926 99.043 37
-29.0039 99.3653 37
-29.541 99.4727 37
-31.6894 99.8851 37
-33.8379 100.205 37
-35.9863 100.44 37
-38.1347 100.57 37
-40.2832 100.635 37
-42.4316 100.7 37
-44.5801 100.7 37
-46.7285 100.635 37
-48.8769 100.635 37
-51.0254 100.635 37
-53.1738 100.635 37
-55.3223 100.607 37
-57.4707 100.57 37
-59.6191 100.505 37
-61.7676 100.473 37
-63.916 100.374 37
-66.0644 100.205 37
-68.2129 99.936 37
-70.3613 99.6003 37
-71.4355 99.3653 37
-72.5098 99.1227 37
-74.6582 98.5683 37
-76.8066 98.0832 37
-78.9551 97.6533 37
-81.1035 97.2515 37
-81.2825 97.2169 37
-83.252 96.8357 37
-85.4004 96.3776 37
-87.5488 95.9347 37
-89.6973 95.5048 37
-91.8457 95.102 37
-91.9992 95.0684 37
-93.9941 94.6179 37
-96.1426 94.1621 37
-98.291 93.6921 37
-100.439 93.2221 37
-101.648 92.92 37
-102.588 92.6774 37
-104.736 92.0537 37
-106.885 91.4765 37
-109.033 90.8062 37
-109.153 90.7715 37
-111.182 90.1628 37
-113.33 89.4201 37
-115.479 88.6578 37
-115.561 88.6231 37
-117.627 87.7568 37
-119.775 86.7969 37
-120.38 86.4747 37
-121.924 85.6227 37
-124.013 84.3262 37
-124.072 84.2849 37
-126.221 82.7149 37
-126.828 82.1778 37
-128.369 80.6365 37
-128.951 80.0294 37
-130.518 78.1495 37
-130.709 77.8809 37
-132.014 75.7325 37
-132.666 74.515 37
-133.148 73.584 37
-134.111 71.4356 37
-134.814 69.5801 37
-134.922 69.2872 37
-135.638 67.1387 37
-136.305 64.9903 37
-136.859 62.8419 37
-136.963 62.439 37
-137.413 60.6934 37
-137.899 58.545 37
-138.384 56.3965 37
-138.861 54.2481 37
-139.111 53.1739 37
-139.346 52.0997 37
-139.816 49.9512 37
-140.324 47.8028 37
-140.879 45.6543 37
-141.26 44.3414 37
-141.502 43.5059 37
-142.155 41.3575 37
-142.927 39.209 37
-143.408 38.0453 37
-143.83 37.0606 37
-144.88 34.9122 37
-145.557 33.6077 37
-146.011 32.7637 37
-147.085 30.6153 37
-147.705 29.2725 37
-148.077 28.4668 37
-148.779 26.3184 37
-149.234 24.17 37
-149.482 22.0215 37
-149.564 19.8731 37
-149.564 17.7246 37
-149.482 15.5762 37
-149.316 13.4278 37
-149.234 11.2793 37
-149.151 9.13089 37
-149.069 6.98246 37
-149.018 4.83402 37
-148.938 2.68558 37
-148.938 0.537142 37
-148.938 -1.6113 37
-148.971 -3.75973 37
-149.002 -5.90817 37
-149.002 -8.05661 37
-149.002 -10.205 37
-149.002 -12.3535 37
-148.958 -14.5019 37
-148.918 -16.6504 37
-148.849 -18.7988 37
-148.71 -20.9472 37
-148.571 -23.0957 37
-148.343 -25.2441 37
-147.948 -27.3926 37
-147.705 -28.4668 37
-147.463 -29.541 37
-146.908 -31.6894 37
-146.215 -33.8379 37
-145.557 -35.8789 37
-145.521 -35.9863 37
-144.69 -38.1347 37
-143.874 -40.2832 37
-143.408 -41.4469 37
-143.027 -42.4316 37
-142.195 -44.5801 37
-141.294 -46.7285 37
-141.26 -46.8111 37
-140.393 -48.8769 37
-139.434 -51.0254 37
-139.111 -51.7159 37
-138.431 -53.1738 37
-137.428 -55.3223 37
-136.963 -56.2532 37
-136.333 -57.4707 37
-135.16 -59.6191 37
-134.814 -60.2234 37
-133.963 -61.7676 37
-132.704 -63.916 37
-132.666 -63.9792 37
-131.4 -66.0644 37
-130.518 -67.4371 37
-130.019 -68.2129 37
-128.638 -70.3613 37
-128.369 -70.7571 37
-127.18 -72.5098 37
-126.221 -73.8525 37
-125.624 -74.6582 37
-124.072 -76.7529 37
-124.031 -76.8066 37
-122.296 -78.9551 37
-121.924 -79.3945 37
-120.357 -81.1035 37
-119.775 -81.7107 37
-118.298 -83.252 37
-117.627 -83.8965 37
-115.992 -85.4004 37
-115.479 -85.873 37
-113.484 -87.5488 37
-113.33 -87.6728 37
-111.182 -89.4907 37
-110.913 -89.6973 37
-109.033 -91.0898 37
-108.013 -91.8457 37
-106.885 -92.6812 37
-105.019 -93.9941 37
-104.736 -94.186 37
-102.588 -95.5671 37
-101.693 -96.1426 37
-100.439 -96.9205 37
-98.291 -98.2527 37
-98.2278 -98.291 37
-96.1426 -99.4727 37
-94.4365 -100.439 37
-93.9941 -100.69 37
-91.8457 -101.764 37
-90.1986 -102.588 37
-89.6973 -102.839 37
-87.5488 -103.841 37
-85.483 -104.736 37
-85.4004 -104.771 37
-83.252 -105.672 37
-81.1035 -106.491 37
-80.0293 -106.885 37
-78.9551 -107.254 37
-76.8066 -107.959 37
-74.6582 -108.583 37
-73.1065 -109.033 37
-72.5098 -109.206 37
-70.3613 -109.738 37
-68.2129 -110.246 37
-66.0644 -110.662 37
-63.916 -111.078 37
-63.2715 -111.182 37
-61.7676 -111.417 37
-59.6191 -111.752 37
-57.4707 -112.088 37
-55.3223 -112.424 37
-53.1738 -112.759 37
-51.0254 -113.028 37
-48.8769 -113.229 37
-48.0713 -113.33 37
