24.17 -117.662 -93
26.3184 -117.662 -93
28.4668 -117.662 -93
30.6153 -117.662 -93
31.6895 -117.627 -93
32.7637 -117.592 -93
34.9122 -117.523 -93
37.0606 -117.325 -93
39.209 -117.191 -93
41.3575 -116.922 -93
43.5059 -116.653 -93
45.6543 -116.385 -93
47.8028 -115.982 -93
49.9512 -115.646 -93
50.7185 -115.479 -93
52.0997 -115.167 -93
54.2481 -114.706 -93
56.3965 -114.196 -93
58.545 -113.699 -93
59.8579 -113.33 -93
60.6934 -113.095 -93
62.8419 -112.558 -93
64.9903 -111.954 -93
67.1387 -111.286 -93
67.4968 -111.182 -93
69.2872 -110.662 -93
71.4356 -109.969 -93
73.584 -109.206 -93
74.0723 -109.033 -93
75.7325 -108.444 -93
77.8809 -107.682 -93
79.9398 -106.885 -93
80.0294 -106.849 -93
82.1778 -105.949 -93
84.3262 -105.048 -93
84.9708 -104.736 -93
86.4747 -104.009 -93
88.6231 -103.053 -93
89.5541 -102.588 -93
90.7715 -101.958 -93
92.92 -100.847 -93
93.6585 -100.439 -93
95.0684 -99.6616 -93
97.2169 -98.4021 -93
97.3959 -98.291 -93
99.3653 -97.0686 -93
100.779 -96.1426 -93
101.514 -95.6438 -93
103.662 -94.1931 -93
103.931 -93.9941 -93
105.811 -92.6016 -93
106.831 -91.8457 -93
107.959 -90.9781 -93
109.473 -89.6973 -93
110.107 -89.1602 -93
111.929 -87.5488 -93
112.256 -87.2596 -93
114.358 -85.4004 -93
114.404 -85.3556 -93
116.508 -83.252 -93
116.553 -83.2072 -93
118.656 -81.1035 -93
118.701 -81.0568 -93
120.635 -78.9551 -93
120.85 -78.7109 -93
122.525 -76.8066 -93
122.998 -76.2439 -93
124.231 -74.6582 -93
125.147 -73.4817 -93
125.875 -72.5098 -93
127.295 -70.5225 -93
127.41 -70.3613 -93
128.74 -68.2129 -93
129.443 -67.079 -93
130.073 -66.0644 -93
131.258 -63.916 -93
131.592 -63.2715 -93
132.344 -61.7676 -93
133.418 -59.6191 -93
133.74 -58.9286 -93
134.399 -57.4707 -93
135.352 -55.3223 -93
135.889 -53.9795 -93
136.211 -53.1738 -93
137.032 -51.0254 -93
137.795 -48.8769 -93
138.037 -48.125 -93
138.488 -46.7285 -93
139.111 -44.5801 -93
139.666 -42.4316 -93
140.082 -40.2832 -93
140.186 -39.7461 -93
140.497 -38.1347 -93
140.823 -35.9863 -93
141.092 -33.8379 -93
141.226 -31.6894 -93
141.293 -29.541 -93
141.26 -27.3926 -93
141.159 -25.2441 -93
140.958 -23.0957 -93
140.756 -20.9472 -93
140.567 -18.7988 -93
140.421 -16.6504 -93
140.219 -14.5019 -93
140.186 -13.9648 -93
140.082 -12.3535 -93
139.816 -10.205 -93
139.615 -8.05661 -93
139.279 -5.90817 -93
138.944 -3.75973 -93
138.541 -1.6113 -93
138.071 0.537142 -93
138.037 0.671419 -93
137.534 2.68558 -93
136.997 4.83402 -93
136.339 6.98246 -93
135.889 8.37894 -93
135.646 9.13089 -93
134.953 11.2793 -93
134.191 13.4278 -93
133.74 14.5915 -93
133.346 15.5762 -93
132.487 17.7246 -93
131.592 19.7905 -93
131.556 19.8731 -93
130.625 22.0215 -93
129.622 24.17 -93
129.443 24.5536 -93
128.591 26.3184 -93
127.546 28.4668 -93
127.295 28.9681 -93
126.443 30.6153 -93
125.332 32.7637 -93
125.147 33.0994 -93
124.146 34.9122 -93
123.035 37.0606 -93
122.998 37.1277 -93
121.809 39.209 -93
120.85 40.8875 -93
120.581 41.3575 -93
119.331 43.5059 -93
118.701 44.5204 -93
117.972 45.6543 -93
116.591 47.8028 -93
116.553 47.8625 -93
115.21 49.9512 -93
114.404 51.1385 -93
113.728 52.0997 -93
112.256 54.1916 -93
112.215 54.2481 -93
110.479 56.3965 -93
110.107 56.836 -93
108.604 58.545 -93
107.959 59.2164 -93
106.482 60.6934 -93
105.811 61.3648 -93
104.199 62.8419 -93
103.662 63.3342 -93
101.77 64.9903 -93
101.514 65.2238 -93
99.3653 66.9922 -93
99.1757 67.1387 -93
97.2169 68.8038 -93
96.6126 69.2872 -93
95.0684 70.5875 -93
94.1206 71.4356 -93
92.92 72.4561 -93
91.6667 73.584 -93
90.7715 74.2846 -93
88.8127 75.7325 -93
88.6231 75.8614 -93
86.4747 77.2612 -93
85.4005 77.8809 -93
84.3262 78.4564 -93
82.1778 79.5478 -93
81.1036 80.0294 -93
80.0294 80.4949 -93
77.8809 81.3542 -93
75.7325 82.142 -93
75.643 82.1778 -93
73.584 82.9748 -93
71.4356 83.6678 -93
69.3946 84.3262 -93
69.2872 84.3609 -93
67.1387 84.9641 -93
64.9903 85.5012 -93
62.8419 85.9711 -93
60.6934 86.44 -93
60.5144 86.4747 -93
58.545 86.8439 -93
56.3965 87.1796 -93
54.2481 87.5153 -93
52.0997 87.7442 -93
49.9512 87.9853 -93
47.8028 88.0524 -93
45.6543 88.0697 -93
43.5059 87.9853 -93
41.3575 87.7839 -93
39.209 87.4482 -93
37.0606 87.0454 -93
34.9122 86.5754 -93
34.5093 86.4747 -93
32.7637 86.0383 -93
30.6153 85.4698 -93
28.4668 84.8969 -93
26.6407 84.3262 -93
26.3184 84.2223 -93
24.17 83.6213 -93
22.0215 83.0441 -93
19.8731 82.4204 -93
18.9331 82.1778 -93
17.7246 81.8659 -93
15.5762 81.3115 -93
13.4278 80.8015 -93
11.2793 80.2719 -93
10.0261 80.0294 -93
9.13089 79.8615 -93
6.98246 79.5258 -93
4.83402 79.3244 -93
2.68558 79.2573 -93
0.537142 79.3244 -93
-1.6113 79.593 -93
-3.75973 79.9947 -93
-3.91319 80.0294 -93
-5.90817 80.4658 -93
-8.05661 81.07 -93
-10.205 81.7123 -93
-11.6015 82.1778 -93
-12.3535 82.4204 -93
-14.5019 83.1134 -93
-16.6504 83.7371 -93
-18.4765 84.3262 -93
-18.7988 84.4302 -93
-20.9472 85.0312 -93
-23.0957 85.5683 -93
-25.2441 86.0242 -93
-27.2391 86.4747 -93
-27.3926 86.5082 -93
-29.541 86.8439 -93
-31.6894 87.1796 -93
-33.8379 87.4838 -93
-35.9863 87.7442 -93
-38.1347 87.9853 -93
-40.2832 88.1867 -93
-42.4316 88.3881 -93
-44.5801 88.4553 -93
-46.7285 88.5224 -93
-48.8769 88.5895 -93
-51.0254 88.5895 -93
-53.1738 88.5895 -93
-55.3223 88.5224 -93
-57.4707 88.4553 -93
-59.6191 88.321 -93
-61.7676 88.1196 -93
-63.916 87.851 -93
-66.0644 87.5153 -93
-68.2129 87.1125 -93
-70.3613 86.7097 -93
-71.3013 86.4747 -93
-72.5098 86.1628 -93
-74.6582 85.5391 -93
-76.8066 84.7767 -93
-77.9704 84.3262 -93
-78.9551 83.9324 -93
-81.1035 83.0014 -93
-82.7506 82.1778 -93
-83.252 81.9185 -93
-85.4004 80.7332 -93
-86.601 80.0294 -93
-87.5488 79.4539 -93
-89.6973 78.0727 -93
-89.98 77.8809 -93
-91.8457 76.568 -93
-92.9736 75.7325 -93
-93.9941 74.9765 -93
-95.874 73.584 -93
-96.1426 73.3775 -93
-98.291 71.6422 -93
-98.5468 71.4356 -93
-100.439 69.8458 -93
-101.074 69.2872 -93
-102.588 67.8996 -93
-103.382 67.1387 -93
-104.736 65.8407 -93
-105.587 64.9903 -93
-106.885 63.6923 -93
-107.735 62.8419 -93
-109.033 61.4874 -93
-109.794 60.6934 -93
-111.182 59.1797 -93
-111.719 58.545 -93
-113.33 56.6407 -93
-113.537 56.3965 -93
-115.189 54.2481 -93
-115.479 53.8523 -93
-116.668 52.0997 -93
-117.627 50.6077 -93
-118.049 49.9512 -93
-119.353 47.8028 -93
-119.775 47.0643 -93
-120.553 45.6543 -93
-121.665 43.5059 -93
-121.924 42.9688 -93
-122.676 41.3575 -93
-123.678 39.209 -93
-124.072 38.3001 -93
-124.592 37.0606 -93
-125.493 34.9122 -93
-126.221 33.0323 -93
-126.328 32.7637 -93
-127.226 30.6153 -93
-128.119 28.4668 -93
-128.369 27.8402 -93
-128.978 26.3184 -93
-129.837 24.17 -93
-130.518 22.4691 -93
-130.691 22.0215 -93
-131.453 19.8731 -93
-132.216 17.7246 -93
-132.666 16.4551 -93
-132.978 15.5762 -93
-133.671 13.4278 -93
-134.295 11.2793 -93
-134.814 9.668 -93
-134.982 9.13089 -93
-135.587 6.98246 -93
-136.235 4.83402 -93
-136.855 2.68558 -93
-136.963 2.32751 -93
-137.466 0.537142 -93
-138.037 -1.6113 -93
-138.592 -3.75973 -93
-139.111 -5.7739 -93
-139.146 -5.90817 -93
-139.631 -8.05661 -93
-140.116 -10.205 -93
-140.532 -12.3535 -93
-140.879 -14.5019 -93
-141.225 -16.6504 -93
-141.26 -17.0084 -93
-141.433 -18.7988 -93
-141.641 -20.9472 -93
-141.83 -23.0957 -93
-141.965 -25.2441 -93
-142.032 -27.3926 -93
-142.057 -29.541 -93
-142.032 -31.6894 -93
-141.898 -33.8379 -93
-141.696 -35.9863 -93
-141.428 -38.1347 -93
-141.26 -39.0299 -93
-141.017 -40.2832 -93
-140.532 -42.4316 -93
-139.978 -44.5801 -93
-139.285 -46.7285 -93
-139.111 -47.2168 -93
-138.503 -48.8769 -93
-137.621 -51.0254 -93
-136.963 -52.5954 -93
-136.712 -53.1738 -93
-135.71 -55.3223 -93
-134.814 -57.1126 -93
-134.635 -57.4707 -93
-133.561 -59.6191 -93
-132.666 -61.1989 -93
-132.333 -61.7676 -93
-131.093 -63.916 -93
-130.518 -64.8638 -93
-129.762 -66.0644 -93
-128.369 -68.1532 -93
-128.329 -68.2129 -93
-126.818 -70.3613 -93
-126.221 -71.167 -93
-125.226 -72.5098 -93
-124.072 -73.9932 -93
-123.535 -74.6582 -93
-121.924 -76.5625 -93
-121.717 -76.8066 -93
-119.899 -78.9551 -93
-119.775 -79.0894 -93
-117.842 -81.1035 -93
-117.627 -81.3273 -93
-115.702 -83.252 -93
-115.479 -83.4668 -93
-113.377 -85.4004 -93
-113.33 -85.4417 -93
-111.182 -87.2596 -93
-110.84 -87.5488 -93
-109.033 -89.0209 -93
-108.164 -89.6973 -93
-106.885 -90.6919 -93
-105.327 -91.8457 -93
-104.736 -92.2833 -93
-102.588 -93.7952 -93
-102.29 -93.9941 -93
-100.439 -95.1835 -93
-98.9475 -96.1426 -93
-98.291 -96.55 -93
-96.1426 -97.869 -93
-95.4041 -98.291 -93
-93.9941 -99.0967 -93
-91.8457 -100.324 -93
-91.6309 -100.439 -93
-89.6973 -101.44 -93
-87.5488 -102.551 -93
-87.4721 -102.588 -93
-85.4004 -103.555 -93
-83.252 -104.557 -93
-82.8683 -104.736 -93
-81.1035 -105.533 -93
-78.9551 -106.434 -93
-77.8809 -106.885 -93
-76.8066 -107.335 -93
-74.6582 -108.194 -93
-72.5098 -108.999 -93
-72.4121 -109.033 -93
-70.3613 -109.738 -93
-68.2129 -110.41 -93
-66.0644 -111.081 -93
-65.7422 -111.182 -93
-63.916 -111.752 -93
-61.7676 -112.289 -93
-59.6191 -112.88 -93
-57.6242 -113.33 -93
-57.4707 -113.364 -93
-55.3223 -113.834 -93
-53.1738 -114.266 -93
-51.0254 -114.682 -93
-48.8769 -115.042 -93
-46.7285 -115.375 -93
-45.9228 -115.479 -93
-44.5801 -115.652 -93
-42.4316 -115.915 -93
-40.2832 -116.183 -93
-38.1347 -116.385 -93
-35.9863 -116.519 -93
-33.8379 -116.683 -93
-31.6894 -116.748 -93
-29.541 -116.813 -93
-27.3926 -116.813 -93
-25.2441 -116.813 -93
-23.0957 -116.748 -93
-20.9472 -116.683 -93
-18.7988 -116.553 -93
-16.6504 -116.385 -93
-14.5019 -116.276 -93
-12.3535 -116.137 -93
-10.205 -115.998 -93
-8.05661 -115.944 -93
-5.90817 -115.944 -93
-3.75973 -116.016 -93
-1.6113 -116.137 -93
0.537142 -116.318 -93
2.68558 -116.519 -93
4.83402 -116.721 -93
6.98246 -116.943 -93
9.13089 -117.123 -93
11.2793 -117.269 -93
13.4278 -117.392 -93
15.5762 -117.523 -93
17.7246 -117.591 -93
19.8731 -117.592 -93
22.0215 -117.591 -93
23.0957 -117.627 -93
