9.13089 -117.661 -68
11.2793 -117.795 -68
13.4278 -117.939 -68
15.5762 -118.131 -68
17.7246 -118.285 -68
19.8731 -118.466 -68
22.0215 -118.6 -68
24.17 -118.701 -68
26.3184 -118.766 -68
28.4668 -118.735 -68
30.6153 -118.668 -68
32.7637 -118.533 -68
34.9122 -118.355 -68
37.0606 -118.147 -68
39.209 -118.008 -68
41.3575 -117.8 -68
43.1478 -117.627 -68
43.5059 -117.592 -68
45.6543 -117.392 -68
47.8028 -117.176 -68
49.9512 -116.922 -68
52.0997 -116.586 -68
54.2481 -116.251 -68
56.3965 -115.86 -68
58.545 -115.512 -68
58.724 -115.479 -68
60.6934 -115.097 -68
62.8419 -114.682 -68
64.9903 -114.236 -68
67.1387 -113.699 -68
68.6158 -113.33 -68
69.2872 -113.157 -68
71.4356 -112.533 -68
73.584 -111.909 -68
75.7325 -111.286 -68
76.0906 -111.182 -68
77.8809 -110.662 -68
80.0294 -110.038 -68
82.1778 -109.345 -68
83.1446 -109.033 -68
84.3262 -108.639 -68
86.4747 -107.78 -68
88.6231 -106.921 -68
88.6998 -106.885 -68
90.7715 -105.918 -68
92.92 -104.915 -68
93.2557 -104.736 -68
95.0684 -103.736 -68
97.1497 -102.588 -68
97.2169 -102.55 -68
99.3653 -101.245 -68
100.619 -100.439 -68
101.514 -99.864 -68
103.662 -98.4104 -68
103.832 -98.291 -68
105.811 -96.8985 -68
106.831 -96.1426 -68
107.959 -95.2749 -68
109.545 -93.9941 -68
110.107 -93.5565 -68
112.207 -91.8457 -68
112.256 -91.8044 -68
114.404 -90.0691 -68
114.844 -89.6973 -68
116.553 -88.1934 -68
117.253 -87.5488 -68
118.701 -86.2168 -68
119.589 -85.4004 -68
120.85 -84.1393 -68
121.7 -83.252 -68
122.998 -81.8975 -68
123.7 -81.1035 -68
125.147 -79.3945 -68
125.505 -78.9551 -68
127.171 -76.8066 -68
127.295 -76.6455 -68
128.715 -74.6582 -68
129.443 -73.584 -68
130.147 -72.5098 -68
131.477 -70.3613 -68
131.592 -70.1718 -68
132.702 -68.2129 -68
133.74 -66.2659 -68
133.848 -66.0644 -68
134.85 -63.916 -68
135.853 -61.7676 -68
135.889 -61.6849 -68
136.755 -59.6191 -68
137.587 -57.4707 -68
138.037 -56.307 -68
138.406 -55.3223 -68
139.111 -53.1738 -68
139.804 -51.0254 -68
140.186 -49.8437 -68
140.497 -48.8769 -68
141.121 -46.7285 -68
141.676 -44.5801 -68
142.23 -42.4316 -68
142.334 -41.8945 -68
142.636 -40.2832 -68
143.039 -38.1347 -68
143.375 -35.9863 -68
143.604 -33.8379 -68
143.756 -31.6894 -68
143.864 -29.541 -68
143.864 -27.3926 -68
143.819 -25.2441 -68
143.693 -23.0957 -68
143.538 -20.9472 -68
143.308 -18.7988 -68
143.039 -16.6504 -68
142.785 -14.5019 -68
142.507 -12.3535 -68
142.334 -11.0107 -68
142.23 -10.205 -68
141.953 -8.05661 -68
141.629 -5.90817 -68
141.226 -3.75973 -68
140.823 -1.6113 -68
140.353 0.537142 -68
140.186 1.20853 -68
139.804 2.68558 -68
139.279 4.83402 -68
138.696 6.98246 -68
138.138 9.13089 -68
138.037 9.45316 -68
137.448 11.2793 -68
136.755 13.4278 -68
136.062 15.5762 -68
135.889 16.0645 -68
135.3 17.7246 -68
134.537 19.8731 -68
133.775 22.0215 -68
133.74 22.111 -68
132.943 24.17 -68
132.112 26.3184 -68
131.592 27.6612 -68
131.27 28.4668 -68
130.379 30.6153 -68
129.478 32.7637 -68
129.443 32.8404 -68
128.508 34.9122 -68
127.546 37.0606 -68
127.295 37.5977 -68
126.543 39.209 -68
125.469 41.3575 -68
125.147 41.9617 -68
124.323 43.5059 -68
123.183 45.6543 -68
122.998 45.99 -68
121.998 47.8028 -68
120.85 49.7617 -68
120.735 49.9512 -68
119.405 52.0997 -68
118.701 53.2336 -68
118.049 54.2481 -68
116.591 56.3965 -68
116.553 56.4531 -68
115.081 58.545 -68
114.404 59.4581 -68
113.489 60.6934 -68
112.256 62.2792 -68
111.818 62.8419 -68
110.147 64.9903 -68
110.107 65.0414 -68
108.346 67.1387 -68
107.959 67.5782 -68
106.455 69.2872 -68
105.811 69.9877 -68
104.423 71.4356 -68
103.662 72.1661 -68
102.121 73.584 -68
101.514 74.1212 -68
99.5188 75.7325 -68
99.3653 75.8518 -68
97.2169 77.3822 -68
96.441 77.8809 -68
95.0684 78.7329 -68
92.92 79.9923 -68
92.8484 80.0294 -68
90.7715 81.0678 -68
88.6231 81.9988 -68
88.2099 82.1778 -68
86.4747 82.9055 -68
84.3262 83.7175 -68
82.6661 84.3262 -68
82.1778 84.5053 -68
80.0294 85.2618 -68
77.8809 86.0092 -68
76.4844 86.4747 -68
75.7325 86.7172 -68
73.584 87.341 -68
71.4356 87.8954 -68
69.2872 88.5157 -68
68.8268 88.6231 -68
67.1387 89.0043 -68
64.9903 89.5295 -68
62.8419 89.9323 -68
60.6934 90.3904 -68
58.545 90.7369 -68
58.3301 90.7715 -68
56.3965 91.0737 -68
54.2481 91.4094 -68
52.0997 91.6505 -68
49.9512 91.8458 -68
47.8028 91.9465 -68
45.6543 91.976 -68
43.5059 91.8793 -68
41.3575 91.6779 -68
39.209 91.4094 -68
37.0606 91.0834 -68
35.127 90.7715 -68
34.9122 90.7357 -68
32.7637 90.2518 -68
30.6153 89.798 -68
28.4668 89.3508 -68
26.3184 88.8657 -68
25.3785 88.6231 -68
24.17 88.3112 -68
22.0215 87.8261 -68
19.8731 87.341 -68
17.7246 86.9111 -68
15.7297 86.4747 -68
15.5762 86.44 -68
13.4278 86.0242 -68
11.2793 85.6354 -68
9.13089 85.3311 -68
6.98246 85.0539 -68
4.83402 84.846 -68
2.68558 84.7626 -68
0.537142 84.7074 -68
-1.6113 84.7767 -68
-3.75973 84.9846 -68
-5.90817 85.2326 -68
-8.05661 85.6084 -68
-10.205 86.0242 -68
-12.3535 86.44 -68
-12.5069 86.4747 -68
-14.5019 86.9252 -68
-16.6504 87.4482 -68
-18.7988 87.8954 -68
-20.9472 88.3805 -68
-22.0215 88.6231 -68
-23.0957 88.8581 -68
-25.2441 89.2815 -68
-27.3926 89.7309 -68
-29.541 90.1132 -68
-31.6894 90.4597 -68
-33.8379 90.7369 -68
-34.1959 90.7715 -68
-35.9863 90.9448 -68
-38.1347 91.1527 -68
-40.2832 91.2913 -68
-42.4316 91.4299 -68
-44.5801 91.4992 -68
-46.7285 91.4992 -68
-48.8769 91.4992 -68
-51.0254 91.4299 -68
-53.1738 91.3606 -68
-55.3223 91.222 -68
-57.4707 91.0834 -68
-59.6191 90.9448 -68
-61.4095 90.7715 -68
-61.7676 90.7369 -68
-63.916 90.529 -68
-66.0644 90.2009 -68
-68.2129 89.8652 -68
-70.3613 89.4623 -68
-72.5098 89.0043 -68
-74.1978 88.6231 -68
-74.6582 88.5157 -68
-76.8066 87.8954 -68
-78.9551 87.2717 -68
-81.1035 86.5093 -68
-81.193 86.4747 -68
-83.252 85.6227 -68
-85.4004 84.6485 -68
-86.0449 84.3262 -68
-87.5488 83.5484 -68
-89.6973 82.2929 -68
-89.8868 82.1778 -68
-91.8457 80.9885 -68
-93.3377 80.0294 -68
-93.9941 79.5917 -68
-96.1426 78.0798 -68
-96.4111 77.8809 -68
-98.291 76.4349 -68
-99.1606 75.7325 -68
-100.439 74.6583 -68
-101.66 73.584 -68
-102.588 72.7676 -68
-103.975 71.4356 -68
-104.736 70.6747 -68
-106.124 69.2872 -68
-106.885 68.5263 -68
-108.217 67.1387 -68
-109.033 66.2513 -68
-110.193 64.9903 -68
-111.182 63.9161 -68
-112.17 62.8419 -68
-113.33 61.5808 -68
-114.115 60.6934 -68
-115.479 59.0054 -68
-115.837 58.545 -68
-117.428 56.3965 -68
-117.627 56.1138 -68
-118.893 54.2481 -68
-119.775 52.8755 -68
-120.274 52.0997 -68
-121.579 49.9512 -68
-121.924 49.347 -68
-122.806 47.8028 -68
-124.034 45.6543 -68
-124.072 45.5872 -68
-125.182 43.5059 -68
-126.221 41.4291 -68
-126.257 41.3575 -68
-127.259 39.209 -68
-128.19 37.0606 -68
-128.369 36.6474 -68
-129.097 34.9122 -68
-129.859 32.7637 -68
-130.518 31.0629 -68
-130.685 30.6153 -68
-131.384 28.4668 -68
-132.146 26.3184 -68
-132.666 24.8536 -68
-132.909 24.17 -68
-133.671 22.0215 -68
-134.364 19.8731 -68
-134.814 18.6036 -68
-135.126 17.7246 -68
-135.819 15.5762 -68
-136.497 13.4278 -68
-136.963 11.8761 -68
-137.136 11.2793 -68
-137.76 9.13089 -68
-138.384 6.98246 -68
-138.938 4.83402 -68
-139.111 4.16263 -68
-139.493 2.68558 -68
-140.018 0.537142 -68
-140.532 -1.6113 -68
-141.017 -3.75973 -68
-141.26 -4.83395 -68
-141.495 -5.90817 -68
-141.918 -8.05661 -68
-142.368 -10.205 -68
-142.75 -12.3535 -68
-143.106 -14.5019 -68
-143.408 -16.4355 -68
-143.443 -16.6504 -68
-143.777 -18.7988 -68
-144.046 -20.9472 -68
-144.247 -23.0957 -68
-144.449 -25.2441 -68
-144.583 -27.3926 -68
-144.613 -29.541 -68
-144.613 -31.6894 -68
-144.548 -33.8379 -68
-144.382 -35.9863 -68
-144.18 -38.1347 -68
-143.912 -40.2832 -68
-143.576 -42.4316 -68
-143.408 -43.3268 -68
-143.166 -44.5801 -68
-142.681 -46.7285 -68
-142.126 -48.8769 -68
-141.502 -51.0254 -68
-141.26 -51.7773 -68
-140.794 -53.1738 -68
-139.978 -55.3223 -68
-139.147 -57.4707 -68
-139.111 -57.5533 -68
-138.216 -59.6191 -68
-137.214 -61.7676 -68
-136.963 -62.2689 -68
-136.111 -63.916 -68
-135 -66.0644 -68
-134.814 -66.3804 -68
-133.74 -68.2129 -68
-132.666 -69.9436 -68
-132.397 -70.3613 -68
-131.016 -72.5098 -68
-130.518 -73.2448 -68
-129.523 -74.6582 -68
-128.369 -76.2158 -68
-127.915 -76.8066 -68
-126.221 -78.9039 -68
-126.178 -78.9551 -68
-124.361 -81.1035 -68
-124.072 -81.4304 -68
-122.396 -83.252 -68
-121.924 -83.7443 -68
-120.268 -85.4004 -68
-119.775 -85.873 -68
-117.954 -87.5488 -68
-117.627 -87.8496 -68
-115.527 -89.6973 -68
-115.479 -89.7386 -68
-113.33 -91.4739 -68
-112.87 -91.8457 -68
-111.182 -93.1586 -68
-110.054 -93.9941 -68
-109.033 -94.7231 -68
-106.941 -96.1426 -68
-106.885 -96.1809 -68
-104.736 -97.5621 -68
-103.602 -98.291 -68
-102.588 -98.9207 -68
-100.439 -100.171 -68
-99.9382 -100.439 -68
-98.291 -101.291 -68
-96.1426 -102.409 -68
-95.7845 -102.588 -68
-93.9941 -103.454 -68
-91.8457 -104.486 -68
-91.2673 -104.736 -68
-89.6973 -105.395 -68
-87.5488 -106.296 -68
-86.1441 -106.885 -68
-85.4004 -107.197 -68
-83.252 -107.959 -68
-81.1035 -108.721 -68
-80.2246 -109.033 -68
-78.9551 -109.484 -68
-76.8066 -110.177 -68
-74.6582 -110.87 -68
-73.6914 -111.182 -68
-72.5098 -111.563 -68
-70.3613 -112.155 -68
-68.2129 -112.741 -68
-66.0644 -113.295 -68
-65.911 -113.33 -68
-63.916 -113.766 -68
-61.7676 -114.236 -68
-59.6191 -114.682 -68
-57.4707 -115.097 -68
-55.3223 -115.444 -68
-55.1074 -115.479 -68
-53.1738 -115.79 -68
-51.0254 -116.068 -68
-48.8769 -116.385 -68
-46.7285 -116.618 -68
-44.5801 -116.855 -68
-42.4316 -117.008 -68
-40.2832 -117.139 -68
-38.1347 -117.216 -68
-35.9863 -117.269 -68
-33.8379 -117.334 -68
-31.6894 -117.334 -68
-29.541 -117.334 -68
-27.3926 -117.334 -68
-25.2441 -117.279 -68
-23.0957 -117.269 -68
-20.9472 -117.269 -68
-18.7988 -117.216 -68
-16.6504 -117.204 -68
-14.5019 -117.139 -68
-12.3535 -117.09 -68
-10.205 -117.074 -68
-8.05661 -117.074 -68
-5.90817 -117.074 -68
-3.75973 -117.074 -68
-1.6113 -117.139 -68
0.537142 -117.204 -68
2.68558 -117.269 -68
4.83402 -117.392 -68
6.98246 -117.526 -68
8.59378 -117.627 -68
