6.98246 -119.876 -13
9.13089 -120.078 -13
11.2793 -120.295 -13
13.4278 -120.503 -13
15.5762 -120.749 -13
17.7246 -120.95 -13
19.8731 -121.152 -13
22.0215 -121.286 -13
24.17 -121.37 -13
26.3184 -121.436 -13
28.4668 -121.487 -13
30.6153 -121.487 -13
32.7637 -121.436 -13
34.9122 -121.42 -13
37.0606 -121.353 -13
39.209 -121.219 -13
41.3575 -121.017 -13
43.5059 -120.749 -13
45.6543 -120.48 -13
47.8028 -120.087 -13
49.4141 -119.775 -13
49.9512 -119.668 -13
52.0997 -119.238 -13
54.2481 -118.701 -13
56.3965 -118.216 -13
58.4256 -117.627 -13
58.545 -117.591 -13
60.6934 -117.018 -13
62.8419 -116.414 -13
64.9903 -115.801 -13
66.0645 -115.479 -13
67.1387 -115.156 -13
69.2872 -114.512 -13
71.4356 -113.867 -13
73.226 -113.33 -13
73.584 -113.219 -13
75.7325 -112.507 -13
77.8809 -111.79 -13
79.7071 -111.182 -13
80.0294 -111.071 -13
82.1778 -110.215 -13
84.3262 -109.414 -13
85.3109 -109.033 -13
86.4747 -108.568 -13
88.6231 -107.637 -13
90.2344 -106.885 -13
90.7715 -106.634 -13
92.92 -105.632 -13
94.7104 -104.736 -13
95.0684 -104.551 -13
97.2169 -103.366 -13
98.5438 -102.588 -13
99.3653 -102.089 -13
101.514 -100.708 -13
101.931 -100.439 -13
103.662 -99.3269 -13
105.189 -98.291 -13
105.811 -97.8534 -13
107.959 -96.1839 -13
108.013 -96.1426 -13
110.107 -94.5313 -13
110.742 -93.9941 -13
112.256 -92.6621 -13
113.143 -91.8457 -13
114.404 -90.6855 -13
115.434 -89.6973 -13
116.553 -88.5783 -13
117.541 -87.5488 -13
118.701 -86.2878 -13
119.518 -85.4004 -13
120.85 -83.9525 -13
121.469 -83.252 -13
122.998 -81.4453 -13
123.277 -81.1035 -13
124.868 -78.9551 -13
125.147 -78.5791 -13
126.413 -76.8066 -13
127.295 -75.5063 -13
127.87 -74.6582 -13
129.175 -72.5098 -13
129.443 -72.0398 -13
130.369 -70.3613 -13
131.555 -68.2129 -13
131.592 -68.1362 -13
132.559 -66.0644 -13
133.561 -63.916 -13
133.74 -63.5028 -13
134.492 -61.7676 -13
135.352 -59.6191 -13
135.889 -58.2764 -13
136.201 -57.4707 -13
136.894 -55.3223 -13
137.587 -53.1738 -13
138.037 -51.7773 -13
138.272 -51.0254 -13
138.809 -48.8769 -13
139.279 -46.7285 -13
139.682 -44.5801 -13
140.082 -42.4316 -13
140.186 -41.626 -13
140.359 -40.2832 -13
140.636 -38.1347 -13
140.891 -35.9863 -13
141.092 -33.8379 -13
141.26 -31.6894 -13
141.39 -29.541 -13
141.495 -27.3926 -13
141.52 -25.2441 -13
141.52 -23.0957 -13
141.455 -20.9472 -13
141.361 -18.7988 -13
141.26 -16.6504 -13
141.121 -14.5019 -13
140.983 -12.3535 -13
140.844 -10.205 -13
140.705 -8.05661 -13
140.567 -5.90817 -13
140.436 -3.75973 -13
140.359 -1.6113 -13
140.22 0.537142 -13
140.186 1.61136 -13
140.151 2.68558 -13
140.012 4.83402 -13
139.816 6.98246 -13
139.548 9.13089 -13
139.279 11.2793 -13
139.011 13.4278 -13
138.675 15.5762 -13
138.339 17.7246 -13
138.037 19.6582 -13
138.004 19.8731 -13
137.656 22.0215 -13
137.265 24.17 -13
136.824 26.3184 -13
136.392 28.4668 -13
135.922 30.6153 -13
135.889 30.7496 -13
135.369 32.7637 -13
134.781 34.9122 -13
134.177 37.0606 -13
133.74 38.6122 -13
133.567 39.209 -13
132.834 41.3575 -13
132.095 43.5059 -13
131.592 44.9708 -13
131.341 45.6543 -13
130.518 47.8028 -13
129.755 49.9512 -13
129.443 50.7569 -13
128.906 52.0997 -13
128.023 54.2481 -13
127.295 55.9834 -13
127.116 56.3965 -13
126.185 58.545 -13
125.184 60.6934 -13
125.147 60.7701 -13
124.146 62.8419 -13
123.035 64.9903 -13
122.998 65.0574 -13
121.85 67.1387 -13
120.85 68.7501 -13
120.492 69.2872 -13
118.98 71.4356 -13
118.701 71.8116 -13
117.338 73.584 -13
116.553 74.556 -13
115.565 75.7325 -13
114.404 76.9935 -13
113.554 77.8809 -13
112.256 79.127 -13
111.275 80.0294 -13
110.107 81.0623 -13
108.726 82.1778 -13
107.959 82.7746 -13
105.811 84.2864 -13
105.747 84.3262 -13
103.662 85.5486 -13
101.984 86.4747 -13
101.514 86.734 -13
99.3653 87.7711 -13
97.3064 88.6231 -13
97.2169 88.6589 -13
95.0684 89.4894 -13
92.92 90.1825 -13
91.0938 90.7715 -13
90.7715 90.8723 -13
88.6231 91.4094 -13
86.4747 91.9465 -13
84.3262 92.4164 -13
82.1778 92.8853 -13
81.9988 92.92 -13
80.0294 93.2892 -13
77.8809 93.6921 -13
75.7325 94.0949 -13
73.584 94.4306 -13
71.4356 94.7566 -13
69.2872 95.0338 -13
69.0186 95.0684 -13
67.1387 95.3034 -13
64.9903 95.5189 -13
62.8419 95.7961 -13
60.6934 96.0419 -13
58.545 96.3105 -13
56.3965 96.579 -13
54.2481 96.7805 -13
52.0997 96.9239 -13
49.9512 97.1162 -13
47.8028 97.1833 -13
47.2657 97.2169 -13
45.6543 97.3145 -13
43.5059 97.3176 -13
41.3575 97.3145 -13
39.7461 97.2169 -13
39.209 97.1833 -13
37.0606 97.049 -13
34.9122 96.8588 -13
32.7637 96.6462 -13
30.6153 96.3776 -13
28.4668 96.1091 -13
26.3184 95.8405 -13
24.17 95.572 -13
22.0215 95.3034 -13
20.1416 95.0684 -13
19.8731 95.0338 -13
17.7246 94.7566 -13
15.5762 94.4306 -13
13.4278 94.1621 -13
11.2793 93.8556 -13
9.13089 93.5784 -13
6.98246 93.3139 -13
4.83402 93.1706 -13
2.68558 93.0274 -13
0.537142 93.0239 -13
-1.6113 93.0239 -13
-3.75973 93.0274 -13
-5.90817 93.099 -13
-8.05661 93.2319 -13
-10.205 93.4398 -13
-12.3535 93.717 -13
-14.5019 93.9942 -13
-16.6504 94.3407 -13
-18.7988 94.632 -13
-20.9472 94.9645 -13
-21.5918 95.0684 -13
-23.0957 95.3034 -13
-25.2441 95.572 -13
-27.3926 95.8654 -13
-29.541 96.1762 -13
-31.6894 96.5119 -13
-33.8379 96.7805 -13
-35.9863 97.0436 -13
-37.7767 97.2169 -13
-38.1347 97.2504 -13
-40.2832 97.3796 -13
-42.4316 97.4518 -13
-44.5801 97.519 -13
-46.7285 97.519 -13
-48.8769 97.519 -13
-51.0254 97.519 -13
-53.1738 97.4594 -13
-55.3223 97.3847 -13
-57.4707 97.2515 -13
-57.8288 97.2169 -13
-59.6191 97.0436 -13
-61.7676 96.7664 -13
-63.916 96.4892 -13
-66.0644 96.1091 -13
-68.2129 95.7734 -13
-70.3613 95.4377 -13
-72.3307 95.0684 -13
-72.5098 95.0338 -13
-74.6582 94.6873 -13
-76.8066 94.2714 -13
-78.9551 93.8556 -13
-81.1035 93.4235 -13
-83.252 92.9546 -13
-83.4054 92.92 -13
-85.4004 92.4695 -13
-87.5488 91.9151 -13
-89.6973 91.3606 -13
-91.5234 90.7715 -13
-91.8457 90.6676 -13
-93.9941 89.9745 -13
-96.1426 89.2122 -13
-97.5473 88.6231 -13
-98.291 88.3008 -13
-100.439 87.2982 -13
-101.984 86.4747 -13
-102.588 86.1413 -13
-104.736 84.825 -13
-105.471 84.3262 -13
-106.885 83.3316 -13
-108.301 82.1778 -13
-109.033 81.5581 -13
-110.761 80.0294 -13
-111.182 79.6426 -13
-113.017 77.8809 -13
-113.33 77.5391 -13
-114.92 75.7325 -13
-115.479 75.0675 -13
-116.677 73.584 -13
-117.627 72.3487 -13
-118.279 71.4356 -13
-119.736 69.2872 -13
-119.775 69.2275 -13
-121.118 67.1387 -13
-121.924 65.8118 -13
-122.405 64.9903 -13
-123.535 62.8419 -13
-124.072 61.7676 -13
-124.609 60.6934 -13
-125.562 58.545 -13
-126.221 56.975 -13
-126.463 56.3965 -13
-127.226 54.2481 -13
-127.988 52.0997 -13
-128.369 50.918 -13
-128.681 49.9512 -13
-129.374 47.8028 -13
-129.998 45.6543 -13
-130.518 43.864 -13
-130.622 43.5059 -13
-131.223 41.3575 -13
-131.76 39.209 -13
-132.285 37.0606 -13
-132.666 35.5835 -13
-132.834 34.9122 -13
-133.304 32.7637 -13
-133.774 30.6153 -13
-134.295 28.4668 -13
-134.78 26.3184 -13
-134.814 26.1649 -13
-135.251 24.17 -13
-135.721 22.0215 -13
-136.191 19.8731 -13
-136.651 17.7246 -13
-136.963 16.3435 -13
-137.131 15.5762 -13
-137.552 13.4278 -13
-138.004 11.2793 -13
-138.453 9.13089 -13
-138.938 6.98246 -13
-139.111 6.08727 -13
-139.354 4.83402 -13
-139.816 2.68558 -13
-140.286 0.537142 -13
-140.689 -1.6113 -13
-141.156 -3.75973 -13
-141.26 -4.29684 -13
-141.572 -5.90817 -13
-142.032 -8.05661 -13
-142.368 -10.205 -13
-142.75 -12.3535 -13
-143.027 -14.5019 -13
-143.235 -16.6504 -13
-143.374 -18.7988 -13
-143.408 -19.873 -13
-143.444 -20.9472 -13
-143.512 -23.0957 -13
-143.516 -25.2441 -13
-143.516 -27.3926 -13
-143.512 -29.541 -13
-143.443 -31.6894 -13
-143.408 -32.7637 -13
-143.374 -33.8379 -13
-143.235 -35.9863 -13
-143.027 -38.1347 -13
-142.75 -40.2832 -13
-142.368 -42.4316 -13
-141.965 -44.5801 -13
-141.562 -46.7285 -13
-141.26 -47.937 -13
-141.017 -48.8769 -13
-140.421 -51.0254 -13
-139.816 -53.1738 -13
-139.145 -55.3223 -13
-139.111 -55.4199 -13
-138.359 -57.4707 -13
-137.552 -59.6191 -13
-136.963 -61.1409 -13
-136.712 -61.7676 -13
-135.781 -63.916 -13
-134.849 -66.0644 -13
-134.814 -66.1361 -13
-133.776 -68.2129 -13
-132.702 -70.3613 -13
-132.666 -70.4285 -13
-131.477 -72.5098 -13
-130.518 -74.1882 -13
-130.249 -74.6582 -13
-128.868 -76.8066 -13
-128.369 -77.5416 -13
-127.375 -78.9551 -13
-126.221 -80.5127 -13
-125.783 -81.1035 -13
-124.114 -83.252 -13
-124.072 -83.3031 -13
-122.378 -85.4004 -13
-121.924 -85.9141 -13
-120.42 -87.5488 -13
-119.775 -88.2202 -13
-118.298 -89.6973 -13
-117.627 -90.3418 -13
-115.918 -91.8457 -13
-115.479 -92.2175 -13
-113.33 -93.9528 -13
-113.279 -93.9941 -13
-111.182 -95.6254 -13
-110.483 -96.1426 -13
-109.033 -97.2168 -13
-107.507 -98.291 -13
-106.885 -98.713 -13
-104.736 -100.094 -13
-104.199 -100.439 -13
-102.588 -101.475 -13
-100.755 -102.588 -13
-100.439 -102.78 -13
-98.291 -104.033 -13
-97.0154 -104.736 -13
-96.1426 -105.218 -13
-93.9941 -106.329 -13
-92.8432 -106.885 -13
-91.8457 -107.35 -13
-89.6973 -108.329 -13
-87.9964 -109.033 -13
-87.5488 -109.212 -13
-85.4004 -110.072 -13
-83.252 -110.788 -13
-82.0703 -111.182 -13
-81.1035 -111.504 -13
-78.9551 -112.187 -13
-76.8066 -112.793 -13
-75.0163 -113.33 -13
-74.6582 -113.438 -13
-72.5098 -113.939 -13
-70.3613 -114.443 -13
-68.2129 -114.903 -13
-66.0644 -115.359 -13
-65.4199 -115.479 -13
-63.916 -115.738 -13
-61.7676 -116.108 -13
-59.6191 -116.438 -13
-57.4707 -116.745 -13
-55.3223 -116.951 -13
-53.1738 -117.172 -13
-51.0254 -117.326 -13
-48.8769 -117.582 -13
-48.3398 -117.627 -13
-46.7285 -117.742 -13
-44.5801 -117.896 -13
-42.4316 -118.049 -13
-40.2832 -118.279 -13
-38.1347 -118.405 -13
-35.9863 -118.553 -13
-33.8379 -118.627 -13
-31.6894 -118.737 -13
-29.541 -118.737 -13
-27.3926 -118.737 -13
-25.2441 -118.701 -13
-23.0957 -118.627 -13
-20.9472 -118.594 -13
-18.7988 -118.553 -13
-16.6504 -118.479 -13
-14.5019 -118.553 -13
-12.3535 -118.594 -13
-10.205 -118.701 -13
-8.05661 -118.809 -13
-5.90817 -118.978 -13
-3.75973 -119.117 -13
-1.6113 -119.256 -13
0.537142 -119.394 -13
2.68558 -119.533 -13
4.83402 -119.671 -13
5.90824 -119.775 -13
