9.13089 -117.728 -63
11.2793 -117.939 -63
13.4278 -118.147 -63
15.5762 -118.332 -63
17.7246 -118.533 -63
19.8731 -118.701 -63
22.0215 -118.831 -63
24.17 -118.962 -63
26.3184 -118.986 -63
28.4668 -118.962 -63
30.6153 -118.896 -63
32.7637 -118.766 -63
34.9122 -118.6 -63
37.0606 -118.424 -63
39.209 -118.216 -63
41.3575 -118.008 -63
43.5059 -117.862 -63
45.6543 -117.662 -63
46.0124 -117.627 -63
47.8028 -117.454 -63
49.9512 -117.191 -63
52.0997 -116.922 -63
54.2481 -116.586 -63
56.3965 -116.251 -63
58.545 -115.848 -63
60.5144 -115.479 -63
60.6934 -115.444 -63
62.8419 -114.975 -63
64.9903 -114.505 -63
67.1387 -114.035 -63
69.2872 -113.498 -63
69.884 -113.33 -63
71.4356 -112.88 -63
73.584 -112.256 -63
75.7325 -111.632 -63
77.2841 -111.182 -63
77.8809 -111.003 -63
80.0294 -110.246 -63
82.1778 -109.553 -63
83.6426 -109.033 -63
84.3262 -108.791 -63
86.4747 -108.028 -63
88.6231 -107.135 -63
89.2015 -106.885 -63
90.7715 -106.204 -63
92.92 -105.144 -63
93.7077 -104.736 -63
95.0684 -104.033 -63
97.2169 -102.78 -63
97.5328 -102.588 -63
99.3653 -101.514 -63
101.096 -100.439 -63
101.514 -100.171 -63
103.662 -98.7898 -63
104.36 -98.291 -63
105.811 -97.2168 -63
107.261 -96.1426 -63
107.959 -95.6254 -63
110.107 -94.0339 -63
110.159 -93.9941 -63
112.256 -92.3002 -63
112.819 -91.8457 -63
114.404 -90.5137 -63
115.332 -89.6973 -63
116.553 -88.623 -63
117.72 -87.5488 -63
118.701 -86.6465 -63
119.999 -85.4004 -63
120.85 -84.55 -63
122.096 -83.252 -63
122.998 -82.2711 -63
124.031 -81.1035 -63
125.147 -79.7852 -63
125.849 -78.9551 -63
127.295 -77.0752 -63
127.494 -76.8066 -63
129.006 -74.6582 -63
129.443 -74.0017 -63
130.403 -72.5098 -63
131.592 -70.5509 -63
131.703 -70.3613 -63
132.888 -68.2129 -63
133.74 -66.5657 -63
133.991 -66.0644 -63
134.994 -63.916 -63
135.889 -61.8502 -63
135.925 -61.7676 -63
136.824 -59.6191 -63
137.656 -57.4707 -63
138.037 -56.3965 -63
138.418 -55.3223 -63
139.145 -53.1738 -63
139.874 -51.0254 -63
140.186 -49.9512 -63
140.497 -48.8769 -63
141.092 -46.7285 -63
141.676 -44.5801 -63
142.161 -42.4316 -63
142.334 -41.6643 -63
142.636 -40.2832 -63
143.018 -38.1347 -63
143.308 -35.9863 -63
143.576 -33.8379 -63
143.734 -31.6894 -63
143.799 -29.541 -63
143.799 -27.3926 -63
143.734 -25.2441 -63
143.643 -23.0957 -63
143.442 -20.9472 -63
143.24 -18.7988 -63
142.992 -16.6504 -63
142.77 -14.5019 -63
142.507 -12.3535 -63
142.334 -11.0107 -63
142.23 -10.205 -63
141.965 -8.05661 -63
141.629 -5.90817 -63
141.293 -3.75973 -63
140.891 -1.6113 -63
140.421 0.537142 -63
140.186 1.61136 -63
139.943 2.68558 -63
139.389 4.83402 -63
138.834 6.98246 -63
138.21 9.13089 -63
138.037 9.72768 -63
137.587 11.2793 -63
136.894 13.4278 -63
136.201 15.5762 -63
135.889 16.4551 -63
135.438 17.7246 -63
134.707 19.8731 -63
133.919 22.0215 -63
133.74 22.5098 -63
133.132 24.17 -63
132.32 26.3184 -63
131.592 28.1983 -63
131.484 28.4668 -63
130.587 30.6153 -63
129.686 32.7637 -63
129.443 33.3008 -63
128.716 34.9122 -63
127.745 37.0606 -63
127.295 37.9916 -63
126.686 39.209 -63
125.684 41.3575 -63
125.147 42.3645 -63
124.538 43.5059 -63
123.464 45.6543 -63
122.998 46.5271 -63
122.294 47.8028 -63
121.035 49.9512 -63
120.85 50.2672 -63
119.775 52.0997 -63
118.701 53.8303 -63
118.433 54.2481 -63
117.108 56.3965 -63
116.553 57.2446 -63
115.67 58.545 -63
114.404 60.4107 -63
114.205 60.6934 -63
112.614 62.8419 -63
112.256 63.3022 -63
110.943 64.9903 -63
110.107 66.0157 -63
109.119 67.1387 -63
107.959 68.4571 -63
107.229 69.2872 -63
105.811 70.7642 -63
105.139 71.4356 -63
103.662 72.8536 -63
102.868 73.584 -63
101.514 74.8301 -63
100.44 75.7325 -63
99.3653 76.6001 -63
97.6126 77.8809 -63
97.2169 78.1495 -63
95.0684 79.5306 -63
94.1956 80.0294 -63
92.92 80.7332 -63
90.7715 81.7839 -63
89.9275 82.1778 -63
88.6231 82.7669 -63
86.4747 83.6459 -63
84.7738 84.3262 -63
84.3262 84.4995 -63
82.1778 85.293 -63
80.0294 86.0242 -63
78.7598 86.4747 -63
77.8809 86.7768 -63
75.7325 87.4482 -63
73.584 88.1033 -63
71.5699 88.6231 -63
71.4356 88.6578 -63
69.2872 89.1938 -63
67.1387 89.7309 -63
64.9903 90.1825 -63
62.8419 90.5983 -63
61.9467 90.7715 -63
60.6934 91.0065 -63
58.545 91.3422 -63
56.3965 91.6779 -63
54.2481 91.9465 -63
52.0997 92.1713 -63
49.9512 92.3666 -63
47.8028 92.4317 -63
45.6543 92.4461 -63
43.5059 92.3666 -63
41.3575 92.2364 -63
39.209 92.0411 -63
37.0606 91.7451 -63
34.9122 91.39 -63
32.7637 91.0065 -63
31.6895 90.7715 -63
30.6153 90.529 -63
28.4668 90.1132 -63
26.3184 89.628 -63
24.17 89.1938 -63
22.0215 88.7238 -63
21.5611 88.6231 -63
19.8731 88.2538 -63
17.7246 87.7839 -63
15.5762 87.381 -63
13.4278 86.9782 -63
11.2793 86.5754 -63
10.6348 86.4747 -63
9.13089 86.2397 -63
6.98246 85.9711 -63
4.83402 85.7697 -63
2.68558 85.7026 -63
0.537142 85.7026 -63
-1.6113 85.8163 -63
-3.75973 85.9711 -63
-5.90817 86.3014 -63
-6.98239 86.4747 -63
-8.05661 86.6479 -63
-10.205 86.9945 -63
-12.3535 87.4796 -63
-14.5019 87.8954 -63
-16.6504 88.3805 -63
-17.7246 88.6231 -63
-18.7988 88.8657 -63
-20.9472 89.3508 -63
-23.0957 89.798 -63
-25.2441 90.2518 -63
-27.3926 90.7357 -63
-27.5716 90.7715 -63
-29.541 91.1408 -63
-31.6894 91.4765 -63
-33.8379 91.8122 -63
-35.9863 92.0808 -63
-38.1347 92.3493 -63
-40.2832 92.5507 -63
-42.4316 92.7467 -63
-44.5801 92.816 -63
-46.7285 92.8853 -63
-48.8769 92.8853 -63
-51.0254 92.816 -63
-53.1738 92.7467 -63
-55.3223 92.5388 -63
-57.4707 92.3493 -63
-59.6191 92.123 -63
-61.7676 91.9151 -63
-63.916 91.6379 -63
-66.0644 91.3422 -63
-68.2129 91.0141 -63
-69.7168 90.7715 -63
-70.3613 90.6676 -63
-72.5098 90.1825 -63
-74.6582 89.6973 -63
-76.8066 89.1429 -63
-78.418 88.6231 -63
-78.9551 88.4441 -63
-81.1035 87.6182 -63
-83.252 86.7253 -63
-83.7891 86.4747 -63
-85.4004 85.7227 -63
-87.5488 84.5855 -63
-88.0188 84.3262 -63
-89.6973 83.4002 -63
-91.6667 82.1778 -63
-91.8457 82.0627 -63
-93.9941 80.6816 -63
-94.9072 80.0294 -63
-96.1426 79.1143 -63
-97.8076 77.8809 -63
-98.291 77.5091 -63
-100.391 75.7325 -63
-100.439 75.6895 -63
-102.588 73.7989 -63
-102.821 73.584 -63
-104.736 71.8223 -63
-105.139 71.4356 -63
-106.885 69.69 -63
-107.271 69.2872 -63
-109.033 67.3723 -63
-109.248 67.1387 -63
-111.182 65.037 -63
-111.223 64.9903 -63
-113.115 62.8419 -63
-113.33 62.5861 -63
-114.859 60.6934 -63
-115.479 59.9261 -63
-116.553 58.545 -63
-117.627 57.0948 -63
-118.126 56.3965 -63
-119.507 54.2481 -63
-119.775 53.8303 -63
-120.85 52.0997 -63
-121.924 50.2672 -63
-122.109 49.9512 -63
-123.294 47.8028 -63
-124.072 46.2989 -63
-124.406 45.6543 -63
-125.517 43.5059 -63
-126.221 42.048 -63
-126.554 41.3575 -63
-127.591 39.209 -63
-128.369 37.4738 -63
-128.542 37.0606 -63
-129.41 34.9122 -63
-130.206 32.7637 -63
-130.518 31.9581 -63
-131.037 30.6153 -63
-131.8 28.4668 -63
-132.562 26.3184 -63
-132.666 25.9961 -63
-133.255 24.17 -63
-133.975 22.0215 -63
-134.647 19.8731 -63
-134.814 19.3848 -63
-135.385 17.7246 -63
-136.027 15.5762 -63
-136.712 13.4278 -63
-136.963 12.5923 -63
-137.332 11.2793 -63
-137.936 9.13089 -63
-138.522 6.98246 -63
-139.077 4.83402 -63
-139.111 4.69974 -63
-139.615 2.68558 -63
-140.116 0.537142 -63
-140.622 -1.6113 -63
-141.087 -3.75973 -63
-141.26 -4.52703 -63
-141.562 -5.90817 -63
-142.032 -8.05661 -63
-142.435 -10.205 -63
-142.838 -12.3535 -63
-143.173 -14.5019 -63
-143.408 -16.0058 -63
-143.509 -16.6504 -63
-143.789 -18.7988 -63
-144.046 -20.9472 -63
-144.287 -23.0957 -63
-144.449 -25.2441 -63
-144.548 -27.3926 -63
-144.613 -29.541 -63
-144.613 -31.6894 -63
-144.516 -33.8379 -63
-144.352 -35.9863 -63
-144.18 -38.1347 -63
-143.912 -40.2832 -63
-143.581 -42.4316 -63
-143.408 -43.5058 -63
-143.235 -44.5801 -63
-142.75 -46.7285 -63
-142.195 -48.8769 -63
-141.629 -51.0254 -63
-141.26 -52.0996 -63
-140.879 -53.1738 -63
-140.152 -55.3223 -63
-139.354 -57.4707 -63
-139.111 -58.0491 -63
-138.431 -59.6191 -63
-137.428 -61.7676 -63
-136.963 -62.7651 -63
-136.407 -63.916 -63
-135.296 -66.0644 -63
-134.814 -66.9372 -63
-134.111 -68.2129 -63
-132.851 -70.3613 -63
-132.666 -70.6597 -63
-131.477 -72.5098 -63
-130.518 -74.0017 -63
-130.08 -74.6582 -63
-128.568 -76.8066 -63
-128.369 -77.0624 -63
-126.897 -78.9551 -63
-126.221 -79.7852 -63
-125.105 -81.1035 -63
-124.072 -82.2225 -63
-123.084 -83.252 -63
-121.924 -84.4604 -63
-120.984 -85.4004 -63
-119.775 -86.5605 -63
-118.701 -87.5488 -63
-117.627 -88.5371 -63
-116.309 -89.6973 -63
-115.479 -90.3996 -63
-113.688 -91.8457 -63
-113.33 -92.1349 -63
-111.182 -93.7876 -63
-110.899 -93.9941 -63
-109.033 -95.2602 -63
-107.733 -96.1426 -63
-106.885 -96.7181 -63
-104.736 -98.0992 -63
-104.42 -98.291 -63
-102.588 -99.3652 -63
-100.755 -100.439 -63
-100.439 -100.625 -63
-98.291 -101.81 -63
-96.7871 -102.588 -63
-96.1426 -102.91 -63
-93.9941 -103.913 -63
-92.2294 -104.736 -63
-91.8457 -104.91 -63
-89.6973 -105.811 -63
-87.5488 -106.642 -63
-86.9222 -106.885 -63
-85.4004 -107.493 -63
-83.252 -108.306 -63
-81.2012 -109.033 -63
-81.1035 -109.068 -63
-78.9551 -109.761 -63
-76.8066 -110.454 -63
-74.6582 -111.146 -63
-74.5388 -111.182 -63
-72.5098 -111.752 -63
-70.3613 -112.325 -63
-68.2129 -112.88 -63
-66.4673 -113.33 -63
-66.0644 -113.431 -63
-63.916 -113.901 -63
-61.7676 -114.371 -63
-59.6191 -114.774 -63
-57.4707 -115.109 -63
-55.3223 -115.444 -63
-55.1074 -115.479 -63
-53.1738 -115.781 -63
-51.0254 -116.049 -63
-48.8769 -116.318 -63
-46.7285 -116.586 -63
-44.5801 -116.788 -63
-42.4316 -116.943 -63
-40.2832 -117.074 -63
-38.1347 -117.139 -63
-35.9863 -117.204 -63
-33.8379 -117.216 -63
-31.6894 -117.269 -63
-29.541 -117.269 -63
-27.3926 -117.269 -63
-25.2441 -117.269 -63
-23.0957 -117.216 -63
-20.9472 -117.216 -63
-18.7988 -117.204 -63
-16.6504 -117.153 -63
-14.5019 -117.139 -63
-12.3535 -117.09 -63
-10.205 -117.074 -63
-8.05661 -117.074 -63
-5.90817 -117.074 -63
-3.75973 -117.074 -63
-1.6113 -117.139 -63
0.537142 -117.204 -63
2.68558 -117.269 -63
4.83402 -117.399 -63
6.98246 -117.592 -63
7.51957 -117.627 -63
