11.2793 -117.661 -80.5
13.4278 -117.8 -80.5
15.5762 -117.878 -80.5
17.7246 -118.021 -80.5
19.8731 -118.147 -80.5
22.0215 -118.285 -80.5
24.17 -118.355 -80.5
26.3184 -118.399 -80.5
28.4668 -118.355 -80.5
30.6153 -118.285 -80.5
32.7637 -118.147 -80.5
34.9122 -118.008 -80.5
37.0606 -117.87 -80.5
39.209 -117.731 -80.5
40.8204 -117.627 -80.5
41.3575 -117.592 -80.5
43.5059 -117.384 -80.5
45.6543 -117.123 -80.5
47.8028 -116.788 -80.5
49.9512 -116.452 -80.5
52.0997 -116.116 -80.5
54.2481 -115.714 -80.5
55.3223 -115.479 -80.5
56.3965 -115.244 -80.5
58.545 -114.774 -80.5
60.6934 -114.304 -80.5
62.8419 -113.834 -80.5
64.6322 -113.33 -80.5
64.9903 -113.226 -80.5
67.1387 -112.672 -80.5
69.2872 -112.048 -80.5
71.4356 -111.417 -80.5
72.1876 -111.182 -80.5
73.584 -110.731 -80.5
75.7325 -110.038 -80.5
77.8809 -109.276 -80.5
78.6329 -109.033 -80.5
80.0294 -108.568 -80.5
82.1778 -107.78 -80.5
84.3262 -106.989 -80.5
84.5948 -106.885 -80.5
86.4747 -106.133 -80.5
88.6231 -105.202 -80.5
89.6206 -104.736 -80.5
90.7715 -104.199 -80.5
92.92 -103.125 -80.5
93.9271 -102.588 -80.5
95.0684 -101.958 -80.5
97.2169 -100.773 -80.5
97.754 -100.439 -80.5
99.3653 -99.4036 -80.5
101.096 -98.291 -80.5
101.514 -98.0225 -80.5
103.662 -96.5802 -80.5
104.284 -96.1426 -80.5
105.811 -95.0684 -80.5
107.261 -93.9941 -80.5
107.959 -93.457 -80.5
110.054 -91.8457 -80.5
110.107 -91.8044 -80.5
112.256 -90.0691 -80.5
112.695 -89.6973 -80.5
114.404 -88.2512 -80.5
115.198 -87.5488 -80.5
116.553 -86.3027 -80.5
117.493 -85.4004 -80.5
118.701 -84.1919 -80.5
119.641 -83.252 -80.5
120.85 -82.0435 -80.5
121.752 -81.1035 -80.5
122.998 -79.6875 -80.5
123.643 -78.9551 -80.5
125.147 -77.1647 -80.5
125.436 -76.8066 -80.5
127.088 -74.6582 -80.5
127.295 -74.3755 -80.5
128.608 -72.5098 -80.5
129.443 -71.2565 -80.5
130.019 -70.3613 -80.5
131.323 -68.2129 -80.5
131.592 -67.7429 -80.5
132.518 -66.0644 -80.5
133.629 -63.916 -80.5
133.74 -63.7012 -80.5
134.707 -61.7676 -80.5
135.71 -59.6191 -80.5
135.889 -59.2355 -80.5
136.686 -57.4707 -80.5
137.587 -55.3223 -80.5
138.037 -54.1585 -80.5
138.418 -53.1738 -80.5
139.181 -51.0254 -80.5
139.874 -48.8769 -80.5
140.186 -47.9101 -80.5
140.555 -46.7285 -80.5
141.121 -44.5801 -80.5
141.676 -42.4316 -80.5
142.092 -40.2832 -80.5
142.334 -39.0299 -80.5
142.507 -38.1347 -80.5
142.838 -35.9863 -80.5
143.106 -33.8379 -80.5
143.278 -31.6894 -80.5
143.375 -29.541 -80.5
143.408 -27.3926 -80.5
143.343 -25.2441 -80.5
143.24 -23.0957 -80.5
143.039 -20.9472 -80.5
142.785 -18.7988 -80.5
142.577 -16.6504 -80.5
142.334 -14.7705 -80.5
142.299 -14.5019 -80.5
142.032 -12.3535 -80.5
141.745 -10.205 -80.5
141.428 -8.05661 -80.5
141.025 -5.90817 -80.5
140.622 -3.75973 -80.5
140.186 -1.76476 -80.5
140.152 -1.6113 -80.5
139.682 0.537142 -80.5
139.181 2.68558 -80.5
138.626 4.83402 -80.5
138.071 6.98246 -80.5
138.037 7.08988 -80.5
137.379 9.13089 -80.5
136.755 11.2793 -80.5
136.057 13.4278 -80.5
135.889 13.9161 -80.5
135.28 15.5762 -80.5
134.468 17.7246 -80.5
133.74 19.6045 -80.5
133.636 19.8731 -80.5
132.805 22.0215 -80.5
131.914 24.17 -80.5
131.592 24.9137 -80.5
131.003 26.3184 -80.5
130.052 28.4668 -80.5
129.443 29.7712 -80.5
129.062 30.6153 -80.5
128.092 32.7637 -80.5
127.295 34.4109 -80.5
127.044 34.9122 -80.5
126.042 37.0606 -80.5
125.147 38.851 -80.5
124.968 39.209 -80.5
123.893 41.3575 -80.5
122.998 43.0359 -80.5
122.739 43.5059 -80.5
121.553 45.6543 -80.5
120.85 46.8549 -80.5
120.274 47.8028 -80.5
118.97 49.9512 -80.5
118.701 50.369 -80.5
117.589 52.0997 -80.5
116.553 53.711 -80.5
116.208 54.2481 -80.5
114.75 56.3965 -80.5
114.404 56.8799 -80.5
113.171 58.545 -80.5
112.256 59.7215 -80.5
111.471 60.6934 -80.5
110.107 62.3047 -80.5
109.653 62.8419 -80.5
107.959 64.7568 -80.5
107.752 64.9903 -80.5
105.811 67.094 -80.5
105.768 67.1387 -80.5
103.705 69.2872 -80.5
103.662 69.3301 -80.5
101.514 71.3067 -80.5
101.367 71.4356 -80.5
99.3653 73.1296 -80.5
98.7745 73.584 -80.5
97.2169 74.7378 -80.5
95.8034 75.7325 -80.5
95.0684 76.2312 -80.5
92.92 77.5475 -80.5
92.3157 77.8809 -80.5
90.7715 78.7045 -80.5
88.6231 79.7071 -80.5
87.9325 80.0294 -80.5
86.4747 80.6877 -80.5
84.3262 81.5691 -80.5
82.8044 82.1778 -80.5
82.1778 82.4204 -80.5
80.0294 83.1827 -80.5
77.8809 83.9324 -80.5
76.6993 84.3262 -80.5
75.7325 84.6381 -80.5
73.584 85.2618 -80.5
71.4356 85.8856 -80.5
69.4065 86.4747 -80.5
69.2872 86.5093 -80.5
67.1387 87.0638 -80.5
64.9903 87.6182 -80.5
62.8419 88.1033 -80.5
60.6934 88.5885 -80.5
60.5144 88.6231 -80.5
58.545 88.9924 -80.5
56.3965 89.3508 -80.5
54.2481 89.6638 -80.5
52.0997 89.9323 -80.5
49.9512 90.1337 -80.5
47.8028 90.2518 -80.5
45.6543 90.2518 -80.5
43.5059 90.1132 -80.5
41.3575 89.8652 -80.5
39.209 89.5295 -80.5
37.0606 89.1267 -80.5
34.9122 88.7238 -80.5
34.5093 88.6231 -80.5
32.7637 88.1867 -80.5
30.6153 87.6875 -80.5
28.4668 87.1796 -80.5
26.3184 86.6425 -80.5
25.647 86.4747 -80.5
24.17 86.0935 -80.5
22.0215 85.5391 -80.5
19.8731 85.0312 -80.5
17.7246 84.5612 -80.5
16.6504 84.3262 -80.5
15.5762 84.0837 -80.5
13.4278 83.6678 -80.5
11.2793 83.252 -80.5
9.13089 82.9499 -80.5
6.98246 82.6813 -80.5
4.83402 82.4897 -80.5
2.68558 82.4204 -80.5
0.537142 82.4799 -80.5
-1.6113 82.559 -80.5
-3.75973 82.8156 -80.5
-5.90817 83.1513 -80.5
-8.05661 83.5985 -80.5
-10.205 84.0837 -80.5
-11.0406 84.3262 -80.5
-12.3535 84.6955 -80.5
-14.5019 85.2618 -80.5
-16.6504 85.8369 -80.5
-18.7988 86.4389 -80.5
-18.9331 86.4747 -80.5
-20.9472 86.9782 -80.5
-23.0957 87.4796 -80.5
-25.2441 87.8954 -80.5
-27.3926 88.3112 -80.5
-29.3262 88.6231 -80.5
-29.541 88.6578 -80.5
-31.6894 88.935 -80.5
-33.8379 89.1938 -80.5
-35.9863 89.3952 -80.5
-38.1347 89.5966 -80.5
-40.2832 89.7624 -80.5
-42.4316 89.8926 -80.5
-44.5801 90.0228 -80.5
-46.7285 90.088 -80.5
-48.8769 90.1531 -80.5
-51.0254 90.1531 -80.5
-53.1738 90.088 -80.5
-55.3223 89.9577 -80.5
-57.4707 89.798 -80.5
-59.6191 89.5966 -80.5
-61.7676 89.3952 -80.5
-63.916 89.0736 -80.5
-66.0644 88.791 -80.5
-67.1387 88.6231 -80.5
-68.2129 88.4498 -80.5
-70.3613 88.034 -80.5
-72.5098 87.5489 -80.5
-74.6582 86.9945 -80.5
-76.4486 86.4747 -80.5
-76.8066 86.3672 -80.5
-78.9551 85.6084 -80.5
-81.1035 84.7767 -80.5
-82.1777 84.3262 -80.5
-83.252 83.8447 -80.5
-85.4004 82.7334 -80.5
-86.4075 82.1778 -80.5
-87.5488 81.5481 -80.5
-89.6973 80.2212 -80.5
-89.9957 80.0294 -80.5
-91.8457 78.84 -80.5
-93.2591 77.8809 -80.5
-93.9941 77.3637 -80.5
-96.1426 75.7723 -80.5
-96.1937 75.7325 -80.5
-98.291 74.0385 -80.5
-98.8281 73.584 -80.5
-100.439 72.1661 -80.5
-101.233 71.4356 -80.5
-102.588 70.1895 -80.5
-103.528 69.2872 -80.5
-104.736 68.0787 -80.5
-105.676 67.1387 -80.5
-106.885 65.9302 -80.5
-107.825 64.9903 -80.5
-109.033 63.7292 -80.5
-109.85 62.8419 -80.5
-111.182 61.394 -80.5
-111.801 60.6934 -80.5
-113.33 58.8868 -80.5
-113.619 58.545 -80.5
-115.355 56.3965 -80.5
-115.479 56.2354 -80.5
-116.951 54.2481 -80.5
-117.627 53.287 -80.5
-118.433 52.0997 -80.5
-119.775 50.0109 -80.5
-119.815 49.9512 -80.5
-121.195 47.8028 -80.5
-121.924 46.6022 -80.5
-122.479 45.6543 -80.5
-123.665 43.5059 -80.5
-124.072 42.7674 -80.5
-124.824 41.3575 -80.5
-125.887 39.209 -80.5
-126.221 38.5185 -80.5
-126.901 37.0606 -80.5
-127.849 34.9122 -80.5
-128.369 33.6727 -80.5
-128.75 32.7637 -80.5
-129.622 30.6153 -80.5
-130.414 28.4668 -80.5
-130.518 28.1983 -80.5
-131.223 26.3184 -80.5
-131.938 24.17 -80.5
-132.666 22.1192 -80.5
-132.701 22.0215 -80.5
-133.438 19.8731 -80.5
-134.156 17.7246 -80.5
-134.814 15.6836 -80.5
-134.849 15.5762 -80.5
-135.542 13.4278 -80.5
-136.191 11.2793 -80.5
-136.79 9.13089 -80.5
-136.963 8.53411 -80.5
-137.399 6.98246 -80.5
-137.936 4.83402 -80.5
-138.474 2.68558 -80.5
-139.007 0.537142 -80.5
-139.111 0.0767619 -80.5
-139.493 -1.6113 -80.5
-139.978 -3.75973 -80.5
-140.463 -5.90817 -80.5
-140.948 -8.05661 -80.5
-141.26 -9.43775 -80.5
-141.428 -10.205 -80.5
-141.898 -12.3535 -80.5
-142.3 -14.5019 -80.5
-142.636 -16.6504 -80.5
-142.972 -18.7988 -80.5
-143.235 -20.9472 -80.5
-143.374 -23.0957 -80.5
-143.408 -23.6328 -80.5
-143.509 -25.2441 -80.5
-143.512 -27.3926 -80.5
-143.516 -29.541 -80.5
-143.516 -31.6894 -80.5
-143.444 -33.8379 -80.5
-143.408 -34.9121 -80.5
-143.372 -35.9863 -80.5
-143.166 -38.1347 -80.5
-142.905 -40.2832 -80.5
-142.569 -42.4316 -80.5
-142.126 -44.5801 -80.5
-141.572 -46.7285 -80.5
-141.26 -47.8027 -80.5
-140.948 -48.8769 -80.5
-140.221 -51.0254 -80.5
-139.423 -53.1738 -80.5
-139.111 -53.9175 -80.5
-138.503 -55.3223 -80.5
-137.572 -57.4707 -80.5
-136.963 -58.7751 -80.5
-136.569 -59.6191 -80.5
-135.495 -61.7676 -80.5
-134.814 -63.0432 -80.5
-134.316 -63.916 -80.5
-133.011 -66.0644 -80.5
-132.666 -66.6331 -80.5
-131.707 -68.2129 -80.5
-130.518 -69.9656 -80.5
-130.249 -70.3613 -80.5
-128.791 -72.5098 -80.5
-128.369 -73.1006 -80.5
-127.171 -74.6582 -80.5
-126.221 -75.8935 -80.5
-125.518 -76.8066 -80.5
-124.072 -78.5156 -80.5
-123.7 -78.9551 -80.5
-121.924 -80.9634 -80.5
-121.795 -81.1035 -80.5
-119.818 -83.252 -80.5
-119.775 -83.2949 -80.5
-117.627 -85.3574 -80.5
-117.58 -85.4004 -80.5
-115.479 -87.334 -80.5
-115.234 -87.5488 -80.5
-113.33 -89.1602 -80.5
-112.695 -89.6973 -80.5
-111.182 -90.9781 -80.5
-110.107 -91.8457 -80.5
-109.033 -92.6812 -80.5
-107.261 -93.9941 -80.5
-106.885 -94.2726 -80.5
-104.736 -95.7845 -80.5
-104.199 -96.1426 -80.5
-102.588 -97.1784 -80.5
-100.857 -98.291 -80.5
-100.439 -98.5503 -80.5
-98.291 -99.7873 -80.5
-97.1497 -100.439 -80.5
-96.1426 -100.977 -80.5
-93.9941 -102.106 -80.5
-93.0632 -102.588 -80.5
-91.8457 -103.197 -80.5
-89.6973 -104.199 -80.5
-88.5463 -104.736 -80.5
-87.5488 -105.187 -80.5
-85.4004 -106.133 -80.5
-83.6651 -106.885 -80.5
-83.252 -107.058 -80.5
-81.1035 -107.89 -80.5
-78.9551 -108.721 -80.5
-78.1494 -109.033 -80.5
-76.8066 -109.537 -80.5
-74.6582 -110.275 -80.5
-72.5098 -110.947 -80.5
-71.7578 -111.182 -80.5
-70.3613 -111.618 -80.5
-68.2129 -112.222 -80.5
-66.0644 -112.81 -80.5
-64.0503 -113.33 -80.5
-63.916 -113.364 -80.5
-61.7676 -113.834 -80.5
-59.6191 -114.304 -80.5
-57.4707 -114.774 -80.5
-55.3223 -115.236 -80.5
-53.8183 -115.479 -80.5
-53.1738 -115.582 -80.5
-51.0254 -115.982 -80.5
-48.8769 -116.318 -80.5
-46.7285 -116.586 -80.5
-44.5801 -116.813 -80.5
-42.4316 -117.056 -80.5
-40.2832 -117.204 -80.5
-38.1347 -117.334 -80.5
-35.9863 -117.459 -80.5
-33.8379 -117.523 -80.5
-31.6894 -117.592 -80.5
-29.541 -117.592 -80.5
-27.3926 -117.526 -80.5
-25.2441 -117.526 -80.5
-23.0957 -117.459 -80.5
-20.9472 -117.399 -80.5
-18.7988 -117.334 -80.5
-16.6504 -117.269 -80.5
-14.5019 -117.216 -80.5
-12.3535 -117.153 -80.5
-10.205 -117.09 -80.5
-8.05661 -117.09 -80.5
-5.90817 -117.074 -80.5
-3.75973 -117.074 -80.5
-1.6113 -117.139 -80.5
0.537142 -117.139 -80.5
2.68558 -117.204 -80.5
4.83402 -117.325 -80.5
6.98246 -117.459 -80.5
9.13089 -117.526 -80.5
10.7422 -117.627 -80.5
