-42.4316 -113.431 39.5
-40.2832 -113.565 39.5
-38.1347 -113.642 39.5
-35.9863 -113.766 39.5
-33.8379 -113.834 39.5
-31.6894 -113.919 39.5
-29.541 -113.919 39.5
-27.3926 -113.968 39.5
-25.2441 -113.968 39.5
-23.0957 -113.919 39.5
-20.9472 -113.834 39.5
-18.7988 -113.711 39.5
-16.6504 -113.573 39.5
-14.5019 -113.434 39.5
-12.8906 -113.33 39.5
-12.3535 -113.294 39.5
-10.205 -113.151 39.5
-8.05661 -113.008 39.5
-5.90817 -112.88 39.5
-3.75973 -112.865 39.5
-1.6113 -112.865 39.5
0.537142 -112.88 39.5
2.68558 -113.008 39.5
4.83402 -113.157 39.5
6.62438 -113.33 39.5
6.98246 -113.365 39.5
9.13089 -113.565 39.5
11.2793 -113.711 39.5
13.4278 -113.901 39.5
15.5762 -114.035 39.5
17.7246 -114.102 39.5
19.8731 -114.169 39.5
22.0215 -114.236 39.5
24.17 -114.236 39.5
26.3184 -114.236 39.5
28.4668 -114.236 39.5
30.6153 -114.169 39.5
32.7637 -114.058 39.5
34.9122 -113.968 39.5
37.0606 -113.834 39.5
39.209 -113.699 39.5
41.3575 -113.498 39.5
42.7002 -113.33 39.5
43.5059 -113.226 39.5
45.6543 -113.018 39.5
47.8028 -112.692 39.5
49.9512 -112.357 39.5
52.0997 -111.979 39.5
54.2481 -111.632 39.5
56.3965 -111.216 39.5
56.5756 -111.182 39.5
58.545 -110.8 39.5
60.6934 -110.342 39.5
62.8419 -109.9 39.5
64.9903 -109.414 39.5
66.4673 -109.033 39.5
67.1387 -108.86 39.5
69.2872 -108.306 39.5
71.4356 -107.751 39.5
73.584 -107.197 39.5
74.6583 -106.885 39.5
75.7325 -106.563 39.5
77.8809 -105.918 39.5
80.0294 -105.256 39.5
81.4942 -104.736 39.5
82.1778 -104.494 39.5
84.3262 -103.731 39.5
86.4747 -102.969 39.5
87.3836 -102.588 39.5
88.6231 -102.068 39.5
90.7715 -101.167 39.5
92.2755 -100.439 39.5
92.92 -100.106 39.5
95.0684 -98.9948 39.5
96.269 -98.291 39.5
97.2169 -97.7155 39.5
99.3653 -96.4111 39.5
99.7611 -96.1426 39.5
101.514 -94.9533 39.5
102.927 -93.9941 39.5
103.662 -93.4769 39.5
105.811 -91.9651 39.5
105.972 -91.8457 39.5
107.959 -90.3736 39.5
108.829 -89.6973 39.5
110.107 -88.6644 39.5
111.426 -87.5488 39.5
112.256 -86.8184 39.5
113.867 -85.4004 39.5
114.404 -84.908 39.5
116.132 -83.252 39.5
116.553 -82.8491 39.5
118.298 -81.1035 39.5
118.701 -80.6832 39.5
120.357 -78.9551 39.5
120.85 -78.4413 39.5
122.296 -76.8066 39.5
122.998 -75.9766 39.5
124.114 -74.6582 39.5
125.147 -73.3794 39.5
125.799 -72.5098 39.5
127.295 -70.415 39.5
127.333 -70.3613 39.5
128.715 -68.2129 39.5
129.443 -67.0123 39.5
129.999 -66.0644 39.5
131.184 -63.916 39.5
131.592 -63.1775 39.5
132.37 -61.7676 39.5
133.481 -59.6191 39.5
133.74 -59.1178 39.5
134.564 -57.4707 39.5
135.555 -55.3223 39.5
135.889 -54.5786 39.5
136.478 -53.1738 39.5
137.357 -51.0254 39.5
138.037 -49.3245 39.5
138.216 -48.8769 39.5
139.076 -46.7285 39.5
139.935 -44.5801 39.5
140.186 -43.9534 39.5
140.794 -42.4316 39.5
141.704 -40.2832 39.5
142.334 -38.8784 39.5
142.667 -38.1347 39.5
143.83 -35.9863 39.5
144.483 -34.9121 39.5
145.185 -33.8379 39.5
146.631 -32.0475 39.5
146.989 -31.6894 39.5
148.779 -30.2434 39.5
150.084 -29.541 39.5
150.928 -29.1471 39.5
153.076 -28.6054 39.5
155.225 -28.372 39.5
157.373 -28.344 39.5
159.522 -28.344 39.5
161.67 -28.3366 39.5
163.818 -28.2715 39.5
165.967 -28.0729 39.5
168.115 -27.8146 39.5
170.264 -27.4355 39.5
170.479 -27.3926 39.5
172.412 -26.8837 39.5
174.561 -26.3183 39.5
176.709 -25.6573 39.5
178.052 -25.2441 39.5
178.858 -24.8413 39.5
181.006 -23.863 39.5
182.796 -23.0957 39.5
183.154 -22.8271 39.5
185.034 -20.9472 39.5
185.303 -20.6787 39.5
187.183 -18.7988 39.5
187.451 -18.4407 39.5
188.794 -16.6504 39.5
189.6 -15.5761 39.5
190.405 -14.5019 39.5
191.533 -12.3535 39.5
191.748 -11.9954 39.5
193.091 -10.205 39.5
193.897 -9.13083 39.5
194.541 -8.05661 39.5
196.045 -6.17673 39.5
196.224 -5.90817 39.5
197.549 -3.75973 39.5
198.193 -2.95407 39.5
199.089 -1.6113 39.5
200.342 0.268587 39.5
200.521 0.537142 39.5
202.03 2.68558 39.5
202.49 3.22269 39.5
203.871 4.83402 39.5
204.639 5.90824 39.5
205.406 6.98246 39.5
206.787 8.91605 39.5
206.921 9.13089 39.5
208.339 11.2793 39.5
208.936 12.1745 39.5
209.771 13.4278 39.5
210.965 15.5762 39.5
211.084 15.7552 39.5
212.397 17.7246 39.5
213.233 19.2286 39.5
213.591 19.8731 39.5
214.784 22.0215 39.5
215.381 23.0957 39.5
215.978 24.17 39.5
216.992 26.3184 39.5
217.529 27.6612 39.5
217.798 28.4668 39.5
218.317 30.6153 39.5
218.477 32.7637 39.5
218.442 34.9122 39.5
218.137 37.0606 39.5
217.572 39.209 39.5
217.529 39.3067 39.5
216.694 41.3575 39.5
215.422 43.5059 39.5
215.381 43.5596 39.5
213.635 45.6543 39.5
213.233 46.0411 39.5
211.135 47.8028 39.5
211.084 47.8398 39.5
208.936 49.2709 39.5
207.735 49.9512 39.5
206.787 50.4395 39.5
204.639 51.373 39.5
202.738 52.0997 39.5
202.49 52.1944 39.5
200.342 52.867 39.5
198.193 53.4194 39.5
196.045 53.8491 39.5
193.897 54.2174 39.5
193.539 54.2481 39.5
191.748 54.4016 39.5
189.6 54.5167 39.5
187.451 54.4016 39.5
185.661 54.2481 39.5
185.303 54.2165 39.5
183.154 53.8374 39.5
181.006 53.395 39.5
178.858 52.9135 39.5
176.709 52.3926 39.5
175.501 52.0997 39.5
174.561 51.8647 39.5
172.412 51.351 39.5
170.264 50.8952 39.5
168.115 50.4395 39.5
165.967 50.0489 39.5
165.43 49.9512 39.5
163.818 49.6583 39.5
161.67 49.3978 39.5
159.522 49.3327 39.5
157.373 49.4477 39.5
155.225 49.8473 39.5
154.932 49.9512 39.5
153.076 50.6802 39.5
150.928 51.9708 39.5
150.774 52.0997 39.5
148.779 54.0946 39.5
148.645 54.2481 39.5
147.148 56.3965 39.5
146.631 57.2693 39.5
145.902 58.545 39.5
144.816 60.6934 39.5
144.483 61.384 39.5
143.754 62.8419 39.5
142.667 64.9903 39.5
142.334 65.6348 39.5
141.556 67.1387 39.5
140.377 69.2872 39.5
140.186 69.6229 39.5
139.111 71.4356 39.5
138.037 73.0469 39.5
137.665 73.584 39.5
136.095 75.7325 39.5
135.889 75.9766 39.5
134.213 77.8809 39.5
133.74 78.3947 39.5
132.174 80.0294 39.5
131.592 80.588 39.5
129.785 82.1778 39.5
129.443 82.467 39.5
127.295 84.1197 39.5
126.997 84.3262 39.5
125.147 85.5155 39.5
123.567 86.4747 39.5
122.998 86.808 39.5
120.85 87.8712 39.5
119.238 88.6231 39.5
118.701 88.8657 39.5
116.553 89.6973 39.5
114.404 90.4597 39.5
113.438 90.7715 39.5
112.256 91.1527 39.5
110.107 91.7765 39.5
107.959 92.3309 39.5
105.811 92.8853 39.5
105.676 92.92 39.5
103.662 93.4235 39.5
101.514 93.8556 39.5
99.3653 94.2714 39.5
97.2169 94.6873 39.5
95.0684 95.0338 39.5
94.8894 95.0684 39.5
92.92 95.4496 39.5
90.7715 95.7961 39.5
88.6231 96.2119 39.5
86.4747 96.6278 39.5
84.3262 97.0378 39.5
83.252 97.2169 39.5
82.1778 97.3959 39.5
80.0294 97.6824 39.5
77.8809 97.9688 39.5
75.7325 98.1837 39.5
73.584 98.3985 39.5
71.4356 98.7566 39.5
69.2872 99.1146 39.5
68.0339 99.3653 39.5
67.1387 99.5386 39.5
64.9903 99.9544 39.5
62.8419 100.272 39.5
60.6934 100.54 39.5
58.545 100.7 39.5
56.3965 100.765 39.5
54.2481 100.83 39.5
52.0997 100.83 39.5
49.9512 100.83 39.5
47.8028 100.765 39.5
45.6543 100.742 39.5
43.5059 100.635 39.5
41.3575 100.473 39.5
39.209 100.205 39.5
37.0606 99.8158 39.5
34.9122 99.4011 39.5
34.7331 99.3653 39.5
32.7637 98.9578 39.5
30.6153 98.5874 39.5
28.4668 98.3652 39.5
26.3184 98.1429 39.5
24.17 97.9947 39.5
22.0215 97.8466 39.5
19.8731 97.6389 39.5
17.7246 97.4087 39.5
16.3819 97.2169 39.5
15.5762 97.0975 39.5
13.4278 96.6996 39.5
11.2793 96.3814 39.5
9.13089 96.1426 39.5
6.98246 95.9039 39.5
4.83402 95.8244 39.5
2.68558 95.7448 39.5
0.537142 95.7448 39.5
-1.6113 95.8244 39.5
-3.75973 95.8244 39.5
-5.90817 95.9039 39.5
-8.05661 96.0187 39.5
-10.205 96.1013 39.5
-12.3535 96.3018 39.5
-14.5019 96.5971 39.5
-16.6504 96.9384 39.5
-18.1543 97.2169 39.5
-18.7988 97.332 39.5
-20.9472 97.7156 39.5
-23.0957 98.1429 39.5
-25.2441 98.5133 39.5
-27.3926 98.9714 39.5
-29.362 99.3653 39.5
-29.541 99.4011 39.5
-31.6894 99.8688 39.5
-33.8379 100.205 39.5
-35.9863 100.44 39.5
-38.1347 100.635 39.5
-40.2832 100.7 39.5
-42.4316 100.724 39.5
-44.5801 100.765 39.5
-46.7285 100.765 39.5
-48.8769 100.765 39.5
-51.0254 100.765 39.5
-53.1738 100.765 39.5
-55.3223 100.724 39.5
-57.4707 100.7 39.5
-59.6191 100.7 39.5
-61.7676 100.635 39.5
-63.916 100.505 39.5
-66.0644 100.374 39.5
-68.2129 100.137 39.5
-70.3613 99.8017 39.5
-72.3563 99.3653 39.5
-72.5098 99.3295 39.5
-74.6582 98.7762 39.5
-76.8066 98.2911 39.5
-78.9551 97.7366 39.5
-81.1035 97.2515 39.5
-81.2825 97.2169 39.5
-83.252 96.8357 39.5
-85.4004 96.4199 39.5
-87.5488 96.004 39.5
-89.6973 95.572 39.5
-91.8457 95.1691 39.5
-92.3061 95.0684 39.5
-93.9941 94.6873 39.5
-96.1426 94.2714 39.5
-98.291 93.8264 39.5
-100.439 93.3564 39.5
-102.185 92.92 39.5
-102.588 92.816 39.5
-104.736 92.2616 39.5
-106.885 91.6779 39.5
-109.033 91.0737 39.5
-110 90.7715 39.5
-111.182 90.3904 39.5
-113.33 89.6973 39.5
-115.479 88.935 39.5
-116.284 88.6231 39.5
-117.627 88.1033 39.5
-119.775 87.2024 39.5
-121.279 86.4747 39.5
-121.924 86.1413 39.5
-124.072 84.9559 39.5
-125.033 84.3262 39.5
-126.221 83.4907 39.5
-127.832 82.1778 39.5
-128.369 81.6854 39.5
-129.959 80.0294 39.5
-130.518 79.3644 39.5
-131.671 77.8809 39.5
-132.666 76.3012 39.5
-132.999 75.7325 39.5
-134.111 73.584 39.5
-134.814 72.014 39.5
-135.065 71.4356 39.5
-135.889 69.2872 39.5
-136.641 67.1387 39.5
-136.963 66.0645 39.5
-137.275 64.9903 39.5
-137.829 62.8419 39.5
-138.384 60.6934 39.5
-138.932 58.545 39.5
-139.111 57.7777 39.5
-139.423 56.3965 39.5
-139.951 54.2481 39.5
-140.463 52.0997 39.5
-141.081 49.9512 39.5
-141.26 49.2798 39.5
-141.654 47.8028 39.5
-142.408 45.6543 39.5
-143.293 43.5059 39.5
-143.408 43.2757 39.5
-144.403 41.3575 39.5
-145.557 39.525 39.5
-145.78 39.209 39.5
-147.559 37.0606 39.5
-147.705 36.8995 39.5
-149.692 34.9122 39.5
-149.854 34.7331 39.5
-151.823 32.7637 39.5
-152.002 32.5489 39.5
-153.708 30.6153 39.5
-154.15 29.8633 39.5
-154.972 28.4668 39.5
-155.677 26.3184 39.5
-156.03 24.17 39.5
-156.138 22.0215 39.5
-156.043 19.8731 39.5
-155.941 17.7246 39.5
-155.762 15.5762 39.5
-155.634 13.4278 39.5
-155.469 11.2793 39.5
-155.327 9.13089 39.5
-155.176 6.98246 39.5
-155.078 4.83402 39.5
-154.98 2.68558 39.5
-154.944 0.537142 39.5
-154.851 -1.6113 39.5
-154.758 -3.75973 39.5
-154.664 -5.90817 39.5
-154.553 -8.05661 39.5
-154.374 -10.205 39.5
-154.195 -12.3535 39.5
-154.15 -12.7116 39.5
-153.936 -14.5019 39.5
-153.658 -16.6504 39.5
-153.248 -18.7988 39.5
-152.818 -20.9472 39.5
-152.291 -23.0957 39.5
-152.002 -23.9312 39.5
-151.547 -25.2441 39.5
-150.721 -27.3926 39.5
-149.854 -29.1278 39.5
-149.655 -29.541 39.5
-148.62 -31.6894 39.5
-147.705 -33.4542 39.5
-147.513 -33.8379 39.5
-146.483 -35.9863 39.5
-145.557 -38.0521 39.5
-145.52 -38.1347 39.5
-144.518 -40.2832 39.5
-143.587 -42.4316 39.5
-143.408 -42.8153 39.5
-142.585 -44.5801 39.5
-141.641 -46.7285 39.5
-141.26 -47.5725 39.5
-140.651 -48.8769 39.5
-139.648 -51.0254 39.5
-139.111 -52.0996 39.5
-138.574 -53.1738 39.5
-137.5 -55.3223 39.5
-136.963 -56.3965 39.5
-136.407 -57.4707 39.5
-135.222 -59.6191 39.5
-134.814 -60.3577 39.5
-134.009 -61.7676 39.5
-132.704 -63.916 39.5
-132.666 -63.9792 39.5
-131.4 -66.0644 39.5
-130.518 -67.4371 39.5
-130.019 -68.2129 39.5
-128.561 -70.3613 39.5
-128.369 -70.644 39.5
-127.056 -72.5098 39.5
-126.221 -73.6377 39.5
-125.465 -74.6582 39.5
-124.072 -76.4486 39.5
-123.783 -76.8066 39.5
-121.967 -78.9551 39.5
-121.924 -79.0039 39.5
-120.076 -81.1035 39.5
-119.775 -81.4168 39.5
-117.94 -83.252 39.5
-117.627 -83.5527 39.5
-115.619 -85.4004 39.5
-115.479 -85.5243 39.5
-113.33 -87.3422 39.5
-113.074 -87.5488 39.5
-111.182 -89.0775 39.5
-110.414 -89.6973 39.5
-109.033 -90.7715 39.5
-107.583 -91.8457 39.5
-106.885 -92.3629 39.5
-104.736 -93.8748 39.5
-104.557 -93.9941 39.5
-102.588 -95.2602 39.5
-101.215 -96.1426 39.5
-100.439 -96.6241 39.5
-98.291 -97.8836 39.5
-97.5959 -98.291 39.5
-96.1426 -99.143 39.5
-93.9941 -100.328 39.5
-93.7927 -100.439 39.5
-91.8457 -101.478 39.5
-89.6973 -102.551 39.5
-89.6205 -102.588 39.5
-87.5488 -103.555 39.5
-85.4004 -104.477 39.5
-84.7738 -104.736 39.5
-83.252 -105.345 39.5
-81.1035 -106.204 39.5
-79.248 -106.885 39.5
-78.9551 -106.989 39.5
-76.8066 -107.682 39.5
-74.6582 -108.375 39.5
-72.5098 -108.929 39.5
-72.1069 -109.033 39.5
-70.3613 -109.484 39.5
-68.2129 -109.969 39.5
-66.0644 -110.385 39.5
-63.916 -110.731 39.5
-61.7676 -111.078 39.5
-61.123 -111.182 39.5
-59.6191 -111.424 39.5
-57.4707 -111.701 39.5
-55.3223 -111.979 39.5
-53.1738 -112.256 39.5
-51.0254 -112.533 39.5
-48.8769 -112.81 39.5
-46.7285 -113.028 39.5
-44.5801 -113.226 39.5
-43.5058 -113.33 39.5
