15.5762 -119.81 17
17.7246 -119.879 17
19.8731 -119.949 17
22.0215 -119.949 17
24.17 -119.879 17
26.3184 -119.81 17
26.8555 -119.775 17
28.4668 -119.671 17
30.6153 -119.533 17
32.7637 -119.256 17
34.9122 -118.936 17
37.0606 -118.563 17
39.209 -118.198 17
41.3575 -117.8 17
42.1248 -117.627 17
43.5059 -117.315 17
45.6543 -116.875 17
47.8028 -116.414 17
49.9512 -115.929 17
52.0997 -115.513 17
52.2531 -115.479 17
54.2481 -115.013 17
56.3965 -114.512 17
58.545 -113.988 17
60.6934 -113.503 17
61.3648 -113.33 17
62.8419 -112.949 17
64.9903 -112.435 17
67.1387 -111.909 17
69.2872 -111.355 17
69.9586 -111.182 17
71.4356 -110.788 17
73.584 -110.177 17
75.7325 -109.499 17
77.2841 -109.033 17
77.8809 -108.854 17
80.0294 -108.098 17
82.1778 -107.335 17
83.4473 -106.885 17
84.3262 -106.551 17
86.4747 -105.632 17
88.5405 -104.736 17
88.6231 -104.698 17
90.7715 -103.588 17
92.7051 -102.588 17
92.92 -102.473 17
95.0684 -101.291 17
96.5218 -100.439 17
97.2169 -100.017 17
99.3653 -98.713 17
100.022 -98.291 17
101.514 -97.2964 17
103.244 -96.1426 17
103.662 -95.8534 17
105.811 -94.2834 17
106.187 -93.9941 17
107.959 -92.6307 17
108.887 -91.8457 17
110.107 -90.8128 17
111.369 -89.6973 17
112.256 -88.8809 17
113.704 -87.5488 17
114.404 -86.8774 17
115.881 -85.4004 17
116.553 -84.6998 17
117.885 -83.252 17
118.701 -82.3646 17
119.861 -81.1035 17
120.85 -79.9805 17
121.685 -78.9551 17
122.998 -77.267 17
123.356 -76.8066 17
124.868 -74.6582 17
125.147 -74.2624 17
126.295 -72.5098 17
127.295 -70.8984 17
127.628 -70.3613 17
128.814 -68.2129 17
129.443 -67.0715 17
129.981 -66.0644 17
131.055 -63.916 17
131.592 -62.7651 17
132.057 -61.7676 17
132.988 -59.6191 17
133.74 -57.7392 17
133.848 -57.4707 17
134.676 -55.3223 17
135.423 -53.1738 17
135.889 -51.7773 17
136.124 -51.0254 17
136.728 -48.8769 17
137.309 -46.7285 17
137.864 -44.5801 17
138.037 -43.8128 17
138.339 -42.4316 17
138.742 -40.2832 17
139.111 -38.1347 17
139.437 -35.9863 17
139.697 -33.8379 17
139.951 -31.6894 17
140.085 -29.541 17
140.186 -27.9297 17
140.22 -27.3926 17
140.359 -25.2441 17
140.436 -23.0957 17
140.508 -20.9472 17
140.58 -18.7988 17
140.636 -16.6504 17
140.636 -14.5019 17
140.636 -12.3535 17
140.636 -10.205 17
140.636 -8.05661 17
140.636 -5.90817 17
140.636 -3.75973 17
140.636 -1.6113 17
140.705 0.537142 17
140.705 2.68558 17
140.705 4.83402 17
140.756 6.98246 17
140.775 9.13089 17
140.775 11.2793 17
140.756 13.4278 17
140.756 15.5762 17
140.689 17.7246 17
140.567 19.8731 17
140.488 22.0215 17
140.353 24.17 17
140.186 25.9603 17
140.151 26.3184 17
139.935 28.4668 17
139.666 30.6153 17
139.389 32.7637 17
139.111 34.9122 17
138.834 37.0606 17
138.488 39.209 17
138.072 41.3575 17
138.037 41.5365 17
137.643 43.5059 17
137.171 45.6543 17
136.616 47.8028 17
136.062 49.9512 17
135.889 50.6226 17
135.495 52.0997 17
134.815 54.2481 17
134.121 56.3965 17
133.74 57.4708 17
133.346 58.545 17
132.559 60.6934 17
131.699 62.8419 17
131.592 63.0897 17
130.74 64.9903 17
129.694 67.1387 17
129.443 67.6087 17
128.517 69.2872 17
127.295 71.3724 17
127.255 71.4356 17
125.743 73.584 17
125.147 74.3897 17
124.114 75.7325 17
122.998 76.9935 17
122.182 77.8809 17
120.85 79.2685 17
120.056 80.0294 17
118.701 81.2755 17
117.627 82.1778 17
116.553 83.0133 17
114.583 84.3262 17
114.404 84.4456 17
112.256 85.7709 17
110.895 86.4747 17
110.107 86.8821 17
107.959 87.8712 17
105.908 88.6231 17
105.811 88.6589 17
103.662 89.4201 17
101.514 90.1132 17
99.3653 90.7369 17
99.2459 90.7715 17
97.2169 91.3422 17
95.0684 91.8122 17
92.92 92.2822 17
90.7715 92.6774 17
89.5183 92.92 17
88.6231 93.0878 17
86.4747 93.3705 17
84.3262 93.7592 17
82.1778 94.0635 17
80.0294 94.3635 17
77.8809 94.6873 17
75.7325 94.9645 17
74.6583 95.0684 17
73.584 95.1724 17
71.4356 95.4496 17
69.2872 95.7268 17
67.1387 96.0419 17
64.9903 96.3506 17
62.8419 96.6278 17
60.6934 96.905 17
58.545 97.1129 17
56.9336 97.2169 17
56.3965 97.2504 17
54.2481 97.3847 17
52.0997 97.4447 17
49.9512 97.4518 17
47.8028 97.4518 17
45.6543 97.4518 17
43.5059 97.4518 17
41.3575 97.4518 17
39.209 97.4518 17
37.0606 97.4518 17
34.9122 97.3847 17
32.7637 97.2515 17
32.2266 97.2169 17
30.6153 97.1162 17
28.4668 96.9147 17
26.3184 96.6971 17
24.17 96.4199 17
22.0215 96.0733 17
19.8731 95.7961 17
17.7246 95.5189 17
15.5762 95.311 17
13.4278 95.102 17
13.0697 95.0684 17
11.2793 94.9006 17
9.13089 94.6992 17
6.98246 94.4977 17
4.83402 94.3407 17
2.68558 94.2021 17
0.537142 94.0949 17
-1.6113 94.0949 17
-3.75973 94.2021 17
-5.90817 94.41 17
-8.05661 94.6179 17
-10.205 94.8952 17
-11.2793 95.0684 17
-12.3535 95.2417 17
-14.5019 95.5882 17
-16.6504 96.004 17
-18.7988 96.4199 17
-20.9472 96.8357 17
-22.9166 97.2169 17
-23.0957 97.2504 17
-25.2441 97.6533 17
-27.3926 98.1232 17
-29.541 98.5932 17
-31.6894 99.1227 17
-32.9427 99.3653 17
-33.8379 99.5331 17
-35.9863 99.936 17
-38.1347 100.137 17
-40.2832 100.232 17
-42.4316 100.301 17
-44.5801 100.301 17
-46.7285 100.339 17
-48.8769 100.339 17
-51.0254 100.37 17
-53.1738 100.37 17
-55.3223 100.301 17
-57.4707 100.232 17
-59.6191 100.093 17
-61.7676 99.8851 17
-63.916 99.5443 17
-64.8112 99.3653 17
-66.0644 99.1146 17
-68.2129 98.6133 17
-70.3613 98.1525 17
-72.5098 97.6824 17
-74.6582 97.3208 17
-75.3027 97.2169 17
-76.8066 96.9662 17
-78.9551 96.5585 17
-81.1035 96.2119 17
-83.252 95.7961 17
-85.4004 95.3803 17
-87.0117 95.0684 17
-87.5488 94.9645 17
-89.6973 94.4977 17
-91.8457 94.0278 17
-93.9941 93.5578 17
-96.1426 93.0207 17
-96.5454 92.92 17
-98.291 92.4695 17
-100.439 91.8793 17
-102.588 91.2079 17
-103.857 90.7715 17
-104.736 90.4694 17
-106.885 89.6973 17
-109.033 88.8021 17
-109.417 88.6231 17
-111.182 87.7711 17
-113.33 86.5858 17
-113.509 86.4747 17
-115.479 85.2086 17
-116.655 84.3262 17
-117.627 83.5412 17
-119.238 82.1778 17
-119.775 81.6854 17
-121.431 80.0294 17
-121.924 79.4922 17
-123.237 77.8809 17
-124.072 76.753 17
-124.776 75.7325 17
-126.036 73.584 17
-126.221 73.226 17
-127.116 71.4356 17
-128.047 69.2872 17
-128.369 68.4815 17
-128.889 67.1387 17
-129.582 64.9903 17
-130.267 62.8419 17
-130.518 61.9019 17
-130.829 60.6934 17
-131.315 58.545 17
-131.8 56.3965 17
-132.285 54.2481 17
-132.666 52.2787 17
-132.701 52.0997 17
-133.117 49.9512 17
-133.532 47.8028 17
-133.948 45.6543 17
-134.295 43.5059 17
-134.711 41.3575 17
-134.814 40.7129 17
-135.049 39.209 17
-135.385 37.0606 17
-135.788 34.9122 17
-136.124 32.7637 17
-136.459 30.6153 17
-136.79 28.4668 17
-136.963 27.3926 17
-137.131 26.3184 17
-137.413 24.17 17
-137.76 22.0215 17
-138.073 19.8731 17
-138.431 17.7246 17
-138.778 15.5762 17
-139.074 13.4278 17
-139.111 13.2129 17
-139.434 11.2793 17
-139.77 9.13089 17
-140.116 6.98246 17
-140.436 4.83402 17
-140.723 2.68558 17
-141 0.537142 17
-141.221 -1.6113 17
-141.26 -2.14841 17
-141.367 -3.75973 17
-141.297 -5.90817 17
-141.26 -6.98239 17
-141.218 -8.05661 17
-140.959 -10.205 17
-140.678 -12.3535 17
-140.559 -14.5019 17
-140.625 -16.6504 17
-141.004 -18.7988 17
-141.26 -20.5892 17
-141.303 -20.9472 17
-141.303 -23.0957 17
-141.26 -23.4538 17
-141.026 -25.2441 17
-140.559 -27.3926 17
-140.141 -29.541 17
-139.872 -31.6894 17
-139.842 -33.8379 17
-139.979 -35.9863 17
-140.062 -38.1347 17
-140.026 -40.2832 17
-139.84 -42.4316 17
-139.457 -44.5801 17
-139.111 -46.1914 17
-138.977 -46.7285 17
-138.35 -48.8769 17
-137.693 -51.0254 17
-137.004 -53.1738 17
-136.963 -53.2812 17
-136.076 -55.3223 17
-135.128 -57.4707 17
-134.814 -58.0973 17
-133.853 -59.6191 17
-132.72 -61.7676 17
-132.666 -61.875 17
-131.592 -63.916 17
-130.751 -66.0644 17
-130.518 -66.6016 17
-129.785 -68.2129 17
-128.862 -70.3613 17
-128.369 -71.346 17
-127.811 -72.5098 17
-126.521 -74.6582 17
-126.221 -75.1005 17
-125.012 -76.8066 17
-124.072 -78.0599 17
-123.305 -78.9551 17
-121.924 -80.5664 17
-121.387 -81.1035 17
-119.775 -82.7148 17
-119.171 -83.252 17
-117.627 -84.5523 17
-116.476 -85.4004 17
-115.479 -86.1354 17
-113.33 -87.4856 17
-113.223 -87.5488 17
-111.182 -88.8245 17
-109.912 -89.6973 17
-109.033 -90.3015 17
-107.386 -91.8457 17
-106.885 -92.3157 17
-105.094 -93.9941 17
-104.736 -94.3101 17
-102.588 -96.071 17
-102.498 -96.1426 17
-100.439 -97.5959 17
-99.5305 -98.291 17
-98.291 -99.1391 17
-96.3905 -100.439 17
-96.1426 -100.593 17
-93.9941 -101.923 17
-92.7246 -102.588 17
-91.8457 -102.975 17
-89.6973 -103.796 17
-87.5488 -104.409 17
-86.2956 -104.736 17
-85.4004 -104.951 17
-83.252 -105.53 17
-81.1035 -106.322 17
-80.0293 -106.885 17
-78.9551 -107.399 17
-76.8066 -108.398 17
-75.4102 -109.033 17
-74.6582 -109.347 17
-72.5098 -109.961 17
-70.3613 -110.414 17
-68.2129 -110.913 17
-67.1387 -111.182 17
-66.0644 -111.426 17
-63.916 -111.949 17
-61.7676 -112.524 17
-59.6191 -112.954 17
-57.7392 -113.33 17
-57.4707 -113.375 17
-55.3223 -113.657 17
-53.1738 -113.965 17
-51.0254 -114.302 17
-48.8769 -114.711 17
-46.7285 -115.196 17
-44.9381 -115.479 17
-44.5801 -115.523 17
-42.4316 -115.881 17
-40.2832 -116.086 17
-38.1347 -116.366 17
-35.9863 -116.602 17
-33.8379 -116.797 17
-31.6894 -117.09 17
-29.541 -117.188 17
-27.3926 -117.285 17
-25.2441 -117.285 17
-23.0957 -117.371 17
-20.9472 -117.371 17
-18.7988 -117.48 17
-17.1875 -117.627 17
-16.6504 -117.667 17
-14.5019 -117.819 17
-12.3535 -117.96 17
-10.205 -118.092 17
-8.05661 -118.164 17
-5.90817 -118.285 17
-3.75973 -118.424 17
-1.6113 -118.533 17
0.537142 -118.668 17
2.68558 -118.802 17
4.83402 -119.003 17
6.98246 -119.205 17
9.13089 -119.394 17
11.2793 -119.54 17
13.4278 -119.741 17
14.502 -119.775 17
