-51.0254 -89.8012 99.5
-48.8769 -90.0091 99.5
-46.7285 -90.1477 99.5
-44.5801 -90.3351 99.5
-42.4316 -90.4943 99.5
-40.2832 -90.6329 99.5
-38.1347 -90.7379 99.5
-35.9863 -90.8408 99.5
-33.8379 -90.8789 99.5
-31.6894 -90.9101 99.5
-29.541 -90.9505 99.5
-27.3926 -90.9505 99.5
-25.2441 -90.9505 99.5
-23.0957 -90.9505 99.5
-20.9472 -90.9505 99.5
-18.7988 -90.8789 99.5
-16.6504 -90.8073 99.5
-14.5019 -90.7022 99.5
-12.3535 -90.5636 99.5
-10.205 -90.4022 99.5
-8.05661 -90.217 99.5
-5.90817 -90.0665 99.5
-3.75973 -89.9323 99.5
-1.6113 -89.8651 99.5
0.537142 -89.8651 99.5
2.68558 -89.9323 99.5
4.83402 -90.0091 99.5
6.98246 -90.2008 99.5
9.13089 -90.3557 99.5
11.2793 -90.5636 99.5
13.4278 -90.7715 99.5
15.5762 -90.9794 99.5
17.7246 -91.118 99.5
19.8731 -91.237 99.5
22.0215 -91.3086 99.5
24.17 -91.3802 99.5
26.3184 -91.4518 99.5
28.4668 -91.4518 99.5
30.6153 -91.4518 99.5
32.7637 -91.4518 99.5
34.9122 -91.4518 99.5
37.0606 -91.3802 99.5
39.209 -91.3086 99.5
41.3575 -91.1654 99.5
43.5059 -91.0221 99.5
45.6543 -90.8408 99.5
47.8028 -90.6329 99.5
49.9512 -90.3557 99.5
52.0997 -90.1337 99.5
54.2481 -89.8651 99.5
55.5909 -89.6973 99.5
56.3965 -89.5898 99.5
58.545 -89.2468 99.5
60.6934 -88.9252 99.5
62.8419 -88.5895 99.5
64.9903 -88.2765 99.5
67.1387 -87.9181 99.5
69.1081 -87.5488 99.5
69.2872 -87.5142 99.5
71.4356 -87.0983 99.5
73.584 -86.6825 99.5
75.7325 -86.1974 99.5
77.8809 -85.7025 99.5
79.0894 -85.4004 99.5
80.0294 -85.1578 99.5
82.1778 -84.6034 99.5
84.3262 -83.9796 99.5
86.4747 -83.3559 99.5
86.7969 -83.252 99.5
88.6231 -82.6629 99.5
90.7715 -81.9271 99.5
92.92 -81.1393 99.5
93.0176 -81.1035 99.5
95.0684 -80.3516 99.5
97.2169 -79.4922 99.5
98.5596 -78.9551 99.5
99.3653 -78.6328 99.5
101.514 -77.7734 99.5
103.662 -76.9141 99.5
103.91 -76.8066 99.5
105.811 -75.9831 99.5
107.959 -75.0521 99.5
108.803 -74.6582 99.5
110.107 -74.0495 99.5
112.256 -73.0469 99.5
113.33 -72.5098 99.5
114.404 -71.9541 99.5
116.553 -70.8429 99.5
117.374 -70.3613 99.5
118.701 -69.5834 99.5
120.85 -68.2512 99.5
120.906 -68.2129 99.5
122.998 -66.7934 99.5
124.019 -66.0644 99.5
125.147 -65.1968 99.5
126.66 -63.916 99.5
127.295 -63.3789 99.5
129.117 -61.7676 99.5
129.443 -61.4668 99.5
131.368 -59.6191 99.5
131.592 -59.3953 99.5
133.44 -57.4707 99.5
133.74 -57.1438 99.5
135.416 -55.3223 99.5
135.889 -54.8085 99.5
137.335 -53.1738 99.5
138.037 -52.3437 99.5
139.153 -51.0254 99.5
140.186 -49.8047 99.5
140.942 -48.8769 99.5
142.334 -47.168 99.5
142.706 -46.7285 99.5
144.483 -44.6289 99.5
144.525 -44.5801 99.5
146.586 -42.4316 99.5
146.631 -42.3869 99.5
148.779 -40.4898 99.5
149.062 -40.2832 99.5
150.928 -39.0171 99.5
152.472 -38.1347 99.5
153.076 -37.8014 99.5
155.225 -36.9912 99.5
157.373 -36.3675 99.5
159.343 -35.9863 99.5
159.522 -35.9527 99.5
161.67 -35.6933 99.5
163.818 -35.5631 99.5
165.967 -35.4329 99.5
168.115 -35.3678 99.5
170.264 -35.2376 99.5
172.412 -35.1074 99.5
174.561 -34.9772 99.5
176.709 -34.7442 99.5
178.858 -34.4564 99.5
181.006 -34.0729 99.5
182.08 -33.8379 99.5
183.154 -33.5953 99.5
185.303 -33.0409 99.5
187.451 -32.3698 99.5
189.152 -31.6894 99.5
189.6 -31.5104 99.5
191.748 -30.5411 99.5
193.561 -29.541 99.5
193.897 -29.3492 99.5
196.045 -27.9893 99.5
196.851 -27.3926 99.5
198.193 -26.3979 99.5
199.609 -25.2441 99.5
200.342 -24.5996 99.5
201.977 -23.0957 99.5
202.49 -22.6033 99.5
204.08 -20.9472 99.5
204.639 -20.3401 99.5
206.057 -18.7988 99.5
206.787 -17.9687 99.5
207.903 -16.6504 99.5
208.936 -15.3076 99.5
209.532 -14.5019 99.5
210.969 -12.3535 99.5
211.084 -12.1639 99.5
212.194 -10.205 99.5
213.233 -8.12823 99.5
213.267 -8.05661 99.5
214.128 -5.90817 99.5
214.915 -3.75973 99.5
215.381 -2.36325 99.5
215.616 -1.6113 99.5
216.178 0.537142 99.5
216.663 2.68558 99.5
217.079 4.83402 99.5
217.356 6.98246 99.5
217.529 8.32523 99.5
217.63 9.13089 99.5
217.772 11.2793 99.5
217.841 13.4278 99.5
217.899 15.5762 99.5
217.841 17.7246 99.5
217.772 19.8731 99.5
217.564 22.0215 99.5
217.529 22.3796 99.5
217.356 24.17 99.5
217.026 26.3184 99.5
216.663 28.4668 99.5
216.109 30.6153 99.5
215.488 32.7637 99.5
215.381 33.086 99.5
214.751 34.9122 99.5
213.841 37.0606 99.5
213.233 38.365 99.5
212.811 39.209 99.5
211.583 41.3575 99.5
211.084 42.1333 99.5
210.169 43.5059 99.5
208.936 45.2586 99.5
208.646 45.6543 99.5
206.83 47.8028 99.5
206.787 47.8516 99.5
204.94 49.9512 99.5
204.639 50.252 99.5
202.63 52.0997 99.5
202.49 52.2286 99.5
200.342 54.0415 99.5
200.086 54.2481 99.5
198.193 55.7202 99.5
197.232 56.3965 99.5
196.045 57.2022 99.5
193.956 58.545 99.5
193.897 58.582 99.5
191.748 59.8414 99.5
190.204 60.6934 99.5
189.6 61.0157 99.5
187.451 62.0899 99.5
185.84 62.8419 99.5
185.303 63.0925 99.5
183.154 64.0235 99.5
181.006 64.9545 99.5
180.916 64.9903 99.5
178.858 65.8139 99.5
176.709 66.8053 99.5
176.019 67.1387 99.5
174.561 67.8191 99.5
172.412 68.9538 99.5
171.843 69.2872 99.5
170.264 70.2463 99.5
168.305 71.4356 99.5
168.115 71.5507 99.5
165.967 73.0086 99.5
165.072 73.584 99.5
163.818 74.3897 99.5
161.73 75.7325 99.5
161.67 75.7695 99.5
159.522 77.029 99.5
158.068 77.8809 99.5
157.373 78.2884 99.5
155.225 79.4737 99.5
154.218 80.0294 99.5
153.076 80.6381 99.5
150.928 81.7123 99.5
149.997 82.1778 99.5
148.779 82.7865 99.5
146.631 83.7371 99.5
145.226 84.3262 99.5
144.483 84.6381 99.5
142.334 85.4698 99.5
140.186 86.2321 99.5
139.502 86.4747 99.5
138.037 86.9945 99.5
135.889 87.6875 99.5
133.74 88.3112 99.5
132.774 88.6231 99.5
131.592 89.0043 99.5
129.443 89.5966 99.5
127.295 90.1825 99.5
125.147 90.7369 99.5
125.012 90.7715 99.5
122.998 91.2751 99.5
120.85 91.7451 99.5
118.701 92.2616 99.5
116.553 92.7467 99.5
115.658 92.92 99.5
114.404 93.155 99.5
112.256 93.6249 99.5
110.107 94.0278 99.5
107.959 94.4793 99.5
105.811 94.8952 99.5
105.043 95.0684 99.5
103.662 95.3705 99.5
101.514 95.7734 99.5
99.3653 96.2434 99.5
97.2169 96.6462 99.5
95.0684 97.1162 99.5
94.608 97.2169 99.5
92.92 97.5749 99.5
90.7715 97.989 99.5
88.6231 98.5261 99.5
86.4747 99.0534 99.5
85.0935 99.3653 99.5
84.3262 99.5331 99.5
82.1778 99.9838 99.5
80.0294 100.309 99.5
77.8809 100.57 99.5
75.7325 100.661 99.5
73.584 100.724 99.5
71.4356 100.765 99.5
69.2872 100.765 99.5
67.1387 100.7 99.5
64.9903 100.661 99.5
62.8419 100.57 99.5
60.6934 100.406 99.5
58.545 100.137 99.5
56.3965 99.8158 99.5
54.2481 99.4 99.5
54.0691 99.3653 99.5
52.0997 98.9714 99.5
49.9512 98.5683 99.5
47.8028 98.2218 99.5
45.6543 97.9446 99.5
43.5059 97.6533 99.5
41.3575 97.3847 99.5
40.2832 97.2169 99.5
39.209 97.0436 99.5
37.0606 96.6278 99.5
34.9122 96.2434 99.5
32.7637 95.8654 99.5
30.6153 95.5189 99.5
28.4668 95.1042 99.5
28.252 95.0684 99.5
26.3184 94.7462 99.5
24.17 94.3881 99.5
22.0215 93.9584 99.5
19.8731 93.4756 99.5
17.7246 92.957 99.5
17.5712 92.92 99.5
15.5762 92.4545 99.5
13.4278 91.9532 99.5
11.2793 91.4519 99.5
9.13089 91.0141 99.5
7.87764 90.7715 99.5
6.98246 90.6037 99.5
4.83402 90.268 99.5
2.68558 89.9323 99.5
0.537142 89.6638 99.5
-1.6113 89.4623 99.5
-3.75973 89.3281 99.5
-5.90817 89.3281 99.5
-8.05661 89.4201 99.5
-10.205 89.628 99.5
-12.3535 89.9745 99.5
-14.5019 90.3904 99.5
-16.19 90.7715 99.5
-16.6504 90.8723 99.5
-18.7988 91.4094 99.5
-20.9472 91.9465 99.5
-23.0957 92.5388 99.5
-24.5727 92.92 99.5
-25.2441 93.0932 99.5
-27.3926 93.6477 99.5
-29.541 94.2021 99.5
-31.6894 94.7566 99.5
-33.0706 95.0684 99.5
-33.8379 95.2363 99.5
-35.9863 95.6575 99.5
-38.1347 96.1091 99.5
-40.2832 96.5119 99.5
-42.4316 96.905 99.5
-44.3652 97.2169 99.5
-44.5801 97.2504 99.5
-46.7285 97.4518 99.5
-48.8769 97.5861 99.5
-51.0254 97.5861 99.5
-53.1738 97.6533 99.5
-55.3223 97.5861 99.5
-57.4707 97.519 99.5
-59.6191 97.3847 99.5
-61.7676 97.2504 99.5
-62.1256 97.2169 99.5
-63.916 97.049 99.5
-66.0644 96.7805 99.5
-68.2129 96.5119 99.5
-70.3613 96.2434 99.5
-72.5098 95.9748 99.5
-74.6582 95.7062 99.5
-76.8066 95.4496 99.5
-78.9551 95.3034 99.5
-81.1035 95.102 99.5
-81.3721 95.0684 99.5
-83.252 94.8334 99.5
-85.4004 94.632 99.5
-87.5488 94.3635 99.5
-89.6973 94.0949 99.5
-91.8457 93.7592 99.5
-93.9941 93.4907 99.5
-96.1426 93.155 99.5
-98.0225 92.92 99.5
-98.291 92.8853 99.5
-100.439 92.5388 99.5
-102.588 92.1479 99.5
-104.736 91.8122 99.5
-106.885 91.3606 99.5
-109.033 90.9448 99.5
-109.928 90.7715 99.5
-111.182 90.529 99.5
-113.33 90.0666 99.5
-115.479 89.628 99.5
-117.627 89.1429 99.5
-119.775 88.6578 99.5
-119.929 88.6231 99.5
-121.924 88.1726 99.5
-124.072 87.6875 99.5
-126.221 87.1331 99.5
-128.369 86.5786 99.5
-128.772 86.4747 99.5
-130.518 86.0242 99.5
-132.666 85.4005 99.5
-134.814 84.7767 99.5
-136.211 84.3262 99.5
-136.963 84.0837 99.5
-139.111 83.3906 99.5
-141.26 82.6813 99.5
-142.603 82.1778 99.5
-143.408 81.8555 99.5
-145.557 80.965 99.5
-147.705 80.0652 99.5
-147.782 80.0294 99.5
-149.854 79.0292 99.5
-152.002 77.918 99.5
-152.065 77.8809 99.5
-154.15 76.6585 99.5
-155.642 75.7325 99.5
-156.299 75.2948 99.5
-158.447 73.7034 99.5
-158.608 73.584 99.5
-160.596 72.0553 99.5
-161.363 71.4356 99.5
-162.744 70.3201 99.5
-164.023 69.2872 99.5
-164.893 68.5848 99.5
-166.772 67.1387 99.5
-167.041 66.9321 99.5
-169.189 65.3484 99.5
-169.727 64.9903 99.5
-171.338 63.9544 99.5
-173.285 62.8419 99.5
-173.486 62.7268 99.5
-175.635 61.6195 99.5
-177.553 60.6934 99.5
-177.783 60.5823 99.5
-179.932 59.5834 99.5
-182.08 58.6524 99.5
-182.328 58.545 99.5
-184.229 57.693 99.5
-186.377 56.6558 99.5
-186.878 56.3965 99.5
-188.525 55.573 99.5
-190.674 54.4333 99.5
-191.01 54.2481 99.5
-192.822 53.2122 99.5
-194.655 52.0997 99.5
-194.971 51.9078 99.5
-197.119 50.5267 99.5
-197.925 49.9512 99.5
-199.268 48.9921 99.5
-200.853 47.8028 99.5
-201.416 47.3651 99.5
-203.516 45.6543 99.5
-203.564 45.613 99.5
-205.713 43.8067 99.5
-206.026 43.5059 99.5
-207.861 41.7442 99.5
-208.264 41.3575 99.5
-210.01 39.536 99.5
-210.311 39.209 99.5
-212.158 37.1094 99.5
-212.2 37.0606 99.5
-213.869 34.9122 99.5
-214.307 34.3213 99.5
-215.419 32.7637 99.5
-216.455 31.2372 99.5
-216.863 30.6153 99.5
-218.105 28.4668 99.5
-218.604 27.5358 99.5
-219.212 26.3184 99.5
-220.215 24.17 99.5
-220.752 22.8272 99.5
-221.064 22.0215 99.5
-221.826 19.8731 99.5
-222.519 17.7246 99.5
-222.9 16.4117 99.5
-223.143 15.5762 99.5
-223.628 13.4278 99.5
-224.044 11.2793 99.5
-224.39 9.13089 99.5
-224.668 6.98246 99.5
-224.876 4.83402 99.5
-225.014 2.68558 99.5
-225.015 0.537142 99.5
-225.014 -1.6113 99.5
-224.876 -3.75973 99.5
-224.668 -5.90817 99.5
-224.321 -8.05661 99.5
-223.836 -10.205 99.5
-223.212 -12.3535 99.5
-222.9 -13.2324 99.5
-222.435 -14.5019 99.5
-221.456 -16.6504 99.5
-220.752 -18.011 99.5
-220.33 -18.7988 99.5
-218.949 -20.9472 99.5
-218.604 -21.4306 99.5
-217.323 -23.0957 99.5
-216.455 -24.0765 99.5
-215.381 -25.2441 99.5
-214.307 -26.3183 99.5
-213.139 -27.3926 99.5
-212.158 -28.2949 99.5
-210.675 -29.541 99.5
-210.01 -30.0781 99.5
-207.915 -31.6894 99.5
-207.861 -31.7278 99.5
-205.713 -33.1615 99.5
-204.639 -33.8379 99.5
-203.564 -34.4676 99.5
-201.416 -35.6529 99.5
-200.725 -35.9863 99.5
-199.268 -36.6666 99.5
-197.119 -37.5976 99.5
-195.776 -38.1347 99.5
-194.971 -38.4466 99.5
-192.822 -39.1397 99.5
-190.674 -39.7634 99.5
-188.66 -40.2832 99.5
-188.525 -40.3168 99.5
-186.377 -40.7337 99.5
-184.229 -41.1224 99.5
-182.08 -41.4581 99.5
-179.932 -41.7732 99.5
-177.783 -41.9952 99.5
-175.635 -42.1891 99.5
-173.486 -42.3277 99.5
-171.338 -42.397 99.5
-169.189 -42.397 99.5
-167.041 -42.3958 99.5
-164.893 -42.3958 99.5
-163.818 -42.4316 99.5
-162.744 -42.4674 99.5
-160.596 -42.539 99.5
-158.447 -42.7539 99.5
-156.299 -43.09 99.5
-154.15 -43.5416 99.5
-152.002 -44.3208 99.5
-151.424 -44.5801 99.5
-149.854 -45.2839 99.5
-147.705 -46.5296 99.5
-147.437 -46.7285 99.5
-145.557 -48.1746 99.5
-144.727 -48.8769 99.5
-143.408 -50.0854 99.5
-142.468 -51.0254 99.5
-141.26 -52.2339 99.5
-140.357 -53.1738 99.5
-139.111 -54.5283 99.5
-138.35 -55.3223 99.5
-136.963 -56.7701 99.5
-136.292 -57.4707 99.5
-134.814 -58.9477 99.5
-134.143 -59.6191 99.5
-132.666 -61.0962 99.5
-131.965 -61.7676 99.5
-130.518 -63.0996 99.5
-129.63 -63.916 99.5
-128.369 -65.0315 99.5
-127.148 -66.0644 99.5
-126.221 -66.8495 99.5
-124.355 -68.2129 99.5
-124.072 -68.4195 99.5
-121.924 -69.9237 99.5
-121.267 -70.3613 99.5
-119.775 -71.3204 99.5
-117.694 -72.5098 99.5
-117.627 -72.5481 99.5
-115.479 -73.6991 99.5
-113.688 -74.6582 99.5
-113.33 -74.8434 99.5
-111.182 -75.8806 99.5
-109.263 -76.8066 99.5
-109.033 -76.9178 99.5
-106.885 -77.8809 99.5
-104.736 -78.8439 99.5
-104.468 -78.9551 99.5
-102.588 -79.707 99.5
-100.439 -80.5479 99.5
-98.9746 -81.1035 99.5
-98.291 -81.3461 99.5
-96.1426 -82.0703 99.5
-93.9941 -82.7148 99.5
-92.2038 -83.252 99.5
-91.8457 -83.3594 99.5
-89.6973 -84.0039 99.5
-87.5488 -84.5341 99.5
-85.4004 -85.0781 99.5
-84.0192 -85.4004 99.5
-83.252 -85.5736 99.5
-81.1035 -86.0091 99.5
-78.9551 -86.4053 99.5
-76.8066 -86.7253 99.5
-74.6582 -87.0833 99.5
-72.5098 -87.4377 99.5
-71.7041 -87.5488 99.5
-70.3613 -87.7221 99.5
-68.2129 -88.0524 99.5
-66.0644 -88.3209 99.5
-63.916 -88.5537 99.5
-61.7676 -88.7617 99.5
-59.6191 -88.9696 99.5
-57.4707 -89.2157 99.5
-55.3223 -89.375 99.5
-53.1738 -89.6602 99.5
-52.6367 -89.6973 99.5
