11.2793 -117.662 24.5
13.4278 -117.8 24.5
15.5762 -117.939 24.5
17.7246 -118.008 24.5
19.8731 -118.008 24.5
22.0215 -118.063 24.5
24.17 -118.008 24.5
26.3184 -117.939 24.5
28.4668 -117.87 24.5
30.6153 -117.795 24.5
32.4056 -117.627 24.5
32.7637 -117.592 24.5
34.9122 -117.384 24.5
37.0606 -117.107 24.5
39.209 -116.83 24.5
41.3575 -116.483 24.5
43.5059 -116.116 24.5
45.6543 -115.721 24.5
46.9076 -115.479 24.5
47.8028 -115.305 24.5
49.9512 -114.889 24.5
52.0997 -114.474 24.5
54.2481 -113.988 24.5
56.3965 -113.565 24.5
57.4708 -113.33 24.5
58.545 -113.079 24.5
60.6934 -112.533 24.5
62.8419 -112.048 24.5
64.9903 -111.563 24.5
66.4673 -111.182 24.5
67.1387 -111.003 24.5
69.2872 -110.454 24.5
71.4356 -109.83 24.5
73.584 -109.268 24.5
74.336 -109.033 24.5
75.7325 -108.583 24.5
77.8809 -107.89 24.5
80.0294 -107.135 24.5
80.713 -106.885 24.5
82.1778 -106.348 24.5
84.3262 -105.533 24.5
86.2268 -104.736 24.5
86.4747 -104.629 24.5
88.6231 -103.662 24.5
90.7715 -102.624 24.5
90.8387 -102.588 24.5
92.92 -101.478 24.5
94.7525 -100.439 24.5
95.0684 -100.248 24.5
97.2169 -98.9207 24.5
98.2314 -98.291 24.5
99.3653 -97.5621 24.5
101.514 -96.1809 24.5
101.57 -96.1426 24.5
103.662 -94.7231 24.5
104.683 -93.9941 24.5
105.811 -93.1586 24.5
107.583 -91.8457 24.5
107.959 -91.5565 24.5
110.107 -89.8962 24.5
110.352 -89.6973 24.5
112.256 -88.0215 24.5
112.793 -87.5488 24.5
114.404 -86.0718 24.5
115.105 -85.4004 24.5
116.553 -84.0129 24.5
117.283 -83.252 24.5
118.701 -81.6406 24.5
119.174 -81.1035 24.5
120.85 -79.1085 24.5
120.974 -78.9551 24.5
122.709 -76.8066 24.5
122.998 -76.4307 24.5
124.311 -74.6582 24.5
125.147 -73.4709 24.5
125.823 -72.5098 24.5
127.257 -70.3613 24.5
127.295 -70.2981 24.5
128.517 -68.2129 24.5
129.443 -66.5344 24.5
129.694 -66.0644 24.5
130.795 -63.916 24.5
131.592 -62.2689 24.5
131.834 -61.7676 24.5
132.805 -59.6191 24.5
133.706 -57.4707 24.5
133.74 -57.3881 24.5
134.607 -55.3223 24.5
135.369 -53.1738 24.5
135.889 -51.709 24.5
136.131 -51.0254 24.5
136.824 -48.8769 24.5
137.448 -46.7285 24.5
138.003 -44.5801 24.5
138.037 -44.4266 24.5
138.488 -42.4316 24.5
138.973 -40.2832 24.5
139.458 -38.1347 24.5
139.874 -35.9863 24.5
140.186 -34.375 24.5
140.286 -33.8379 24.5
140.689 -31.6894 24.5
141.052 -29.541 24.5
141.398 -27.3926 24.5
141.745 -25.2441 24.5
142.022 -23.0957 24.5
142.23 -20.9472 24.5
142.334 -19.873 24.5
142.435 -18.7988 24.5
142.569 -16.6504 24.5
142.646 -14.5019 24.5
142.715 -12.3535 24.5
142.785 -10.205 24.5
142.905 -8.05661 24.5
142.972 -5.90817 24.5
143.062 -3.75973 24.5
143.173 -1.6113 24.5
143.24 0.537142 24.5
143.339 2.68558 24.5
143.408 4.83402 24.5
143.408 6.98246 24.5
143.478 9.13089 24.5
143.516 11.2793 24.5
143.516 13.4278 24.5
143.587 15.5762 24.5
143.587 17.7246 24.5
143.587 19.8731 24.5
143.516 22.0215 24.5
143.478 24.17 24.5
143.408 26.3184 24.5
143.27 28.4668 24.5
143.106 30.6153 24.5
142.838 32.7637 24.5
142.569 34.9122 24.5
142.334 36.4161 24.5
142.23 37.0606 24.5
141.814 39.209 24.5
141.398 41.3575 24.5
140.958 43.5059 24.5
140.428 45.6543 24.5
140.186 46.5943 24.5
139.874 47.8028 24.5
139.25 49.9512 24.5
138.557 52.0997 24.5
138.037 53.711 24.5
137.858 54.2481 24.5
137.102 56.3965 24.5
136.339 58.545 24.5
135.889 59.6192 24.5
135.423 60.6934 24.5
134.564 62.8419 24.5
133.74 64.6066 24.5
133.555 64.9903 24.5
132.487 67.1387 24.5
131.592 68.8172 24.5
131.323 69.2872 24.5
130.073 71.4356 24.5
129.443 72.3967 24.5
128.608 73.584 24.5
127.295 75.4498 24.5
127.08 75.7325 24.5
125.275 77.8809 24.5
125.147 78.021 24.5
123.222 80.0294 24.5
122.998 80.2532 24.5
120.899 82.1778 24.5
120.85 82.2191 24.5
118.701 83.8718 24.5
118.079 84.3262 24.5
116.553 85.3621 24.5
114.606 86.4747 24.5
114.404 86.5858 24.5
112.256 87.6563 24.5
110.107 88.5861 24.5
110.01 88.6231 24.5
107.959 89.3508 24.5
105.811 90.1132 24.5
103.662 90.7369 24.5
103.543 90.7715 24.5
101.514 91.3422 24.5
99.3653 91.8793 24.5
97.2169 92.3493 24.5
95.0684 92.816 24.5
94.5313 92.92 24.5
92.92 93.2221 24.5
90.7715 93.5578 24.5
88.6231 93.8935 24.5
86.4747 94.2292 24.5
84.3262 94.5486 24.5
82.1778 94.8334 24.5
80.2979 95.0684 24.5
80.0294 95.1031 24.5
77.8809 95.3803 24.5
75.7325 95.6575 24.5
73.584 95.9748 24.5
71.4356 96.3105 24.5
69.2872 96.6462 24.5
67.1387 96.9743 24.5
65.2588 97.2169 24.5
64.9903 97.2515 24.5
62.8419 97.598 24.5
60.6934 97.806 24.5
58.545 97.9688 24.5
56.3965 98.112 24.5
54.2481 98.112 24.5
52.0997 98.1837 24.5
49.9512 98.1429 24.5
47.8028 98.1429 24.5
45.6543 98.1429 24.5
43.5059 98.1429 24.5
41.3575 98.1429 24.5
39.209 98.112 24.5
37.0606 98.1429 24.5
34.9122 98.1429 24.5
32.7637 98.112 24.5
30.6153 98.0404 24.5
28.4668 97.9207 24.5
26.3184 97.7156 24.5
24.17 97.4854 24.5
22.2901 97.2169 24.5
22.0215 97.1785 24.5
19.8731 96.8716 24.5
17.7246 96.5405 24.5
15.5762 96.2222 24.5
13.4278 95.9039 24.5
11.2793 95.6652 24.5
9.13089 95.4137 24.5
6.98246 95.2536 24.5
5.19209 95.0684 24.5
4.83402 95.0326 24.5
2.68558 94.961 24.5
0.537142 94.8952 24.5
-1.6113 94.8952 24.5
-3.75973 95.0326 24.5
-4.29684 95.0684 24.5
-5.90817 95.1796 24.5
-8.05661 95.4018 24.5
-10.205 95.6439 24.5
-12.3535 95.9508 24.5
-14.5019 96.3345 24.5
-16.6504 96.6612 24.5
-18.7988 97.1057 24.5
-19.3359 97.2169 24.5
-20.9472 97.5391 24.5
-23.0957 97.9688 24.5
-25.2441 98.3985 24.5
-27.3926 98.8998 24.5
-29.3875 99.3653 24.5
-29.541 99.4011 24.5
-31.6894 99.8688 24.5
-33.8379 100.205 24.5
-35.9863 100.44 24.5
-38.1347 100.57 24.5
-40.2832 100.635 24.5
-42.4316 100.661 24.5
-44.5801 100.7 24.5
-46.7285 100.7 24.5
-48.8769 100.661 24.5
-51.0254 100.635 24.5
-53.1738 100.635 24.5
-55.3223 100.57 24.5
-57.4707 100.505 24.5
-59.6191 100.374 24.5
-61.7676 100.179 24.5
-63.916 99.8851 24.5
-66.0644 99.5331 24.5
-66.8317 99.3653 24.5
-68.2129 99.0534 24.5
-70.3613 98.5683 24.5
-72.5098 98.1525 24.5
-74.6582 97.7875 24.5
-76.8066 97.3901 24.5
-77.8809 97.2169 24.5
-78.9551 97.0436 24.5
-81.1035 96.6462 24.5
-83.252 96.2119 24.5
-85.4004 95.7734 24.5
-87.5488 95.311 24.5
-88.623 95.0684 24.5
-89.6973 94.8259 24.5
-91.8457 94.41 24.5
-93.9941 93.8935 24.5
-96.1426 93.4235 24.5
-98.1567 92.92 24.5
-98.291 92.8853 24.5
-100.439 92.3309 24.5
-102.588 91.7451 24.5
-104.736 91.0834 24.5
-105.703 90.7715 24.5
-106.885 90.3904 24.5
-109.033 89.628 24.5
-111.182 88.7964 24.5
-111.565 88.6231 24.5
-113.33 87.7995 24.5
-115.479 86.7253 24.5
-115.921 86.4747 24.5
-117.627 85.4388 24.5
-119.185 84.3262 24.5
-119.775 83.8718 24.5
-121.777 82.1778 24.5
-121.924 82.0377 24.5
-123.848 80.0294 24.5
-124.072 79.7852 24.5
-125.624 77.8809 24.5
-126.221 77.0329 24.5
-127.073 75.7325 24.5
-128.258 73.584 24.5
-128.369 73.3539 24.5
-129.264 71.4356 24.5
-130.124 69.2872 24.5
-130.518 68.1055 24.5
-130.829 67.1387 24.5
-131.453 64.9903 24.5
-132.008 62.8419 24.5
-132.559 60.6934 24.5
-132.666 60.233 24.5
-133.035 58.545 24.5
-133.463 56.3965 24.5
-133.879 54.2481 24.5
-134.225 52.0997 24.5
-134.572 49.9512 24.5
-134.814 48.4473 24.5
-134.915 47.8028 24.5
-135.126 45.6543 24.5
-135.385 43.5059 24.5
-135.542 41.3575 24.5
-135.721 39.209 24.5
-135.922 37.0606 24.5
-136.191 34.9122 24.5
-136.459 32.7637 24.5
-136.795 30.6153 24.5
-136.963 29.7201 24.5
-137.198 28.4668 24.5
-137.601 26.3184 24.5
-138.004 24.17 24.5
-138.431 22.0215 24.5
-138.789 19.8731 24.5
-139.111 18.2618 24.5
-139.215 17.7246 24.5
-139.577 15.5762 24.5
-139.935 13.4278 24.5
-140.293 11.2793 24.5
-140.704 9.13089 24.5
-141.075 6.98246 24.5
-141.26 5.90824 24.5
-141.433 4.83402 24.5
-141.71 2.68558 24.5
-141.987 0.537142 24.5
-142.227 -1.6113 24.5
-142.408 -3.75973 24.5
-142.408 -5.90817 24.5
-142.296 -8.05661 24.5
-142.045 -10.205 24.5
-141.663 -12.3535 24.5
-141.484 -14.5019 24.5
-141.493 -16.6504 24.5
-141.68 -18.7988 24.5
-141.867 -20.9472 24.5
-141.842 -23.0957 24.5
-141.493 -25.2441 24.5
-141.26 -26.1393 24.5
-140.902 -27.3926 24.5
-140.332 -29.541 24.5
-140.039 -31.6894 24.5
-139.962 -33.8379 24.5
-140.1 -35.9863 24.5
-140.186 -38.1347 24.5
-140.106 -40.2832 24.5
-139.867 -42.4316 24.5
-139.469 -44.5801 24.5
-139.111 -45.9612 24.5
-138.888 -46.7285 24.5
-138.295 -48.8769 24.5
-137.583 -51.0254 24.5
-136.963 -52.8157 24.5
-136.816 -53.1738 24.5
-135.889 -55.3223 24.5
-134.859 -57.4707 24.5
-134.814 -57.5533 24.5
-133.536 -59.6191 24.5
-132.666 -61.2793 24.5
-132.368 -61.7676 24.5
-131.183 -63.916 24.5
-130.518 -65.4677 24.5
-130.262 -66.0644 24.5
-129.309 -68.2129 24.5
-128.369 -70.2637 24.5
-128.324 -70.3613 24.5
-127.123 -72.5098 24.5
-126.221 -74.0137 24.5
-125.8 -74.6582 24.5
-124.119 -76.8066 24.5
-124.072 -76.8632 24.5
-122.18 -78.9551 24.5
-121.924 -79.2236 24.5
-119.945 -81.1035 24.5
-119.775 -81.2646 24.5
-117.627 -83.0729 24.5
-117.379 -83.252 24.5
-115.479 -84.5523 24.5
-114.136 -85.4004 24.5
-113.33 -85.9092 24.5
-111.182 -87.2131 24.5
-110.645 -87.5488 24.5
-109.033 -88.5559 24.5
-107.628 -89.6973 24.5
-106.885 -90.3418 24.5
-105.381 -91.8457 24.5
-104.736 -92.45 24.5
-103.089 -93.9941 24.5
-102.588 -94.4365 24.5
-100.516 -96.1426 24.5
-100.439 -96.1991 24.5
-98.291 -97.7223 24.5
-97.5473 -98.291 24.5
-96.1426 -99.2522 24.5
-94.4073 -100.439 24.5
-93.9941 -100.673 24.5
-91.8457 -101.758 24.5
-90.1855 -102.588 24.5
-89.6973 -102.794 24.5
-87.5488 -103.49 24.5
-85.4004 -104.154 24.5
-83.6548 -104.736 24.5
-83.252 -104.865 24.5
-81.1035 -105.717 24.5
-78.9551 -106.738 24.5
-78.6621 -106.885 24.5
-76.8066 -107.735 24.5
-74.6582 -108.519 24.5
-72.9701 -109.033 24.5
-72.5098 -109.162 24.5
-70.3613 -109.615 24.5
-68.2129 -110.014 24.5
-66.0644 -110.414 24.5
-63.916 -111.012 24.5
-63.2715 -111.182 24.5
-61.7676 -111.495 24.5
-59.6191 -111.882 24.5
-57.4707 -112.256 24.5
-55.3223 -112.524 24.5
-53.1738 -112.821 24.5
-51.0254 -113.27 24.5
-50.6673 -113.33 24.5
-48.8769 -113.564 24.5
-46.7285 -113.937 24.5
-44.5801 -114.311 24.5
-42.4316 -114.648 24.5
-40.2832 -114.916 24.5
-38.1347 -115.21 24.5
-35.9863 -115.427 24.5
-35.6282 -115.479 24.5
-33.8379 -115.693 24.5
-31.6894 -115.933 24.5
-29.541 -116.037 24.5
-27.3926 -116.15 24.5
-25.2441 -116.209 24.5
-23.0957 -116.239 24.5
-20.9472 -116.239 24.5
-18.7988 -116.381 24.5
-16.6504 -116.429 24.5
-14.5019 -116.514 24.5
-12.3535 -116.627 24.5
-10.205 -116.589 24.5
-8.05661 -116.622 24.5
-5.90817 -116.622 24.5
-3.75973 -116.586 24.5
-1.6113 -116.653 24.5
0.537142 -116.788 24.5
2.68558 -116.922 24.5
4.83402 -117.107 24.5
6.98246 -117.315 24.5
9.13089 -117.523 24.5
10.7422 -117.627 24.5
