-44.5801 -102.692 74.5
-42.4316 -102.761 74.5
-40.2832 -102.83 74.5
-38.1347 -102.9 74.5
-35.9863 -102.9 74.5
-33.8379 -102.9 74.5
-31.6894 -102.957 74.5
-29.541 -102.9 74.5
-27.3926 -102.83 74.5
-25.2441 -102.761 74.5
-23.0957 -102.623 74.5
-22.5586 -102.588 74.5
-20.9472 -102.48 74.5
-18.7988 -102.266 74.5
-16.6504 -102.051 74.5
-14.5019 -101.791 74.5
-12.3535 -101.583 74.5
-10.205 -101.346 74.5
-8.05661 -101.167 74.5
-5.90817 -101.01 74.5
-3.75973 -100.89 74.5
-1.6113 -100.89 74.5
0.537142 -100.89 74.5
2.68558 -101.01 74.5
4.83402 -101.167 74.5
6.98246 -101.375 74.5
9.13089 -101.583 74.5
11.2793 -101.791 74.5
13.4278 -102.068 74.5
15.5762 -102.276 74.5
17.7246 -102.552 74.5
18.0827 -102.588 74.5
19.8731 -102.761 74.5
22.0215 -102.957 74.5
24.17 -103.159 74.5
26.3184 -103.271 74.5
28.4668 -103.337 74.5
30.6153 -103.36 74.5
32.7637 -103.36 74.5
34.9122 -103.36 74.5
37.0606 -103.293 74.5
39.209 -103.159 74.5
41.3575 -103.024 74.5
43.5059 -102.83 74.5
45.6543 -102.623 74.5
46.0124 -102.588 74.5
47.8028 -102.409 74.5
49.9512 -102.137 74.5
52.0997 -101.86 74.5
54.2481 -101.583 74.5
56.3965 -101.236 74.5
58.545 -100.959 74.5
60.6934 -100.613 74.5
62.0362 -100.439 74.5
62.8419 -100.332 74.5
64.9903 -99.9197 74.5
67.1387 -99.5038 74.5
69.2872 -99.088 74.5
71.4356 -98.6029 74.5
72.8167 -98.291 74.5
73.584 -98.112 74.5
75.7325 -97.5633 74.5
77.8809 -97.0089 74.5
80.0294 -96.4544 74.5
81.1036 -96.1426 74.5
82.1778 -95.8307 74.5
84.3262 -95.207 74.5
86.4747 -94.5139 74.5
87.9395 -93.9941 74.5
88.6231 -93.7435 74.5
90.7715 -92.9892 74.5
92.92 -92.2269 74.5
93.9047 -91.8457 74.5
95.0684 -91.3802 74.5
97.2169 -90.5208 74.5
99.2758 -89.6973 74.5
99.3653 -89.6602 74.5
101.514 -88.7305 74.5
103.662 -87.7279 74.5
104.046 -87.5488 74.5
105.811 -86.7253 74.5
107.959 -85.6597 74.5
108.46 -85.4004 74.5
110.107 -84.5484 74.5
112.256 -83.3631 74.5
112.457 -83.252 74.5
114.404 -82.1394 74.5
116.11 -81.1035 74.5
116.553 -80.835 74.5
118.701 -79.4538 74.5
119.436 -78.9551 74.5
120.85 -77.9604 74.5
122.489 -76.8066 74.5
122.998 -76.4348 74.5
125.147 -74.6995 74.5
125.195 -74.6582 74.5
127.295 -72.8816 74.5
127.698 -72.5098 74.5
129.443 -70.7642 74.5
129.846 -70.3613 74.5
131.592 -68.457 74.5
131.807 -68.2129 74.5
133.616 -66.0644 74.5
133.74 -65.9033 74.5
135.212 -63.916 74.5
135.889 -62.9549 74.5
136.694 -61.7676 74.5
138.037 -59.6788 74.5
138.074 -59.6191 74.5
139.29 -57.4707 74.5
140.186 -55.7922 74.5
140.445 -55.3223 74.5
141.63 -53.1738 74.5
142.334 -51.8982 74.5
142.8 -51.0254 74.5
144.001 -48.8769 74.5
144.483 -48.0555 74.5
145.288 -46.7285 74.5
146.631 -44.6397 74.5
146.671 -44.5801 74.5
148.183 -42.4316 74.5
148.779 -41.6643 74.5
149.988 -40.2832 74.5
150.928 -39.3432 74.5
152.378 -38.1347 74.5
153.076 -37.5976 74.5
155.225 -36.3938 74.5
156.299 -35.9863 74.5
157.373 -35.5924 74.5
159.522 -35.12 74.5
161.67 -34.9121 74.5
163.818 -34.8785 74.5
165.967 -34.9457 74.5
168.115 -35.1074 74.5
170.264 -35.2376 74.5
172.412 -35.386 74.5
174.561 -35.498 74.5
176.709 -35.5631 74.5
178.858 -35.5631 74.5
181.006 -35.498 74.5
183.154 -35.3678 74.5
185.303 -35.1725 74.5
187.451 -34.9457 74.5
189.6 -34.5428 74.5
191.748 -34.0729 74.5
192.5 -33.8379 74.5
193.897 -33.3874 74.5
196.045 -32.6562 74.5
198.193 -31.7969 74.5
198.424 -31.6894 74.5
200.342 -30.7942 74.5
202.49 -29.6521 74.5
202.669 -29.541 74.5
204.639 -28.2749 74.5
205.939 -27.3926 74.5
206.787 -26.7728 74.5
208.68 -25.2441 74.5
208.936 -25.0293 74.5
211.037 -23.0957 74.5
211.084 -23.049 74.5
213.018 -20.9472 74.5
213.233 -20.7031 74.5
214.844 -18.7988 74.5
215.381 -18.0638 74.5
216.34 -16.6504 74.5
217.529 -14.8003 74.5
217.715 -14.5019 74.5
218.826 -12.3535 74.5
219.678 -10.5887 74.5
219.851 -10.205 74.5
220.683 -8.05661 74.5
221.376 -5.90817 74.5
221.826 -4.35652 74.5
222 -3.75973 74.5
222.554 -1.6113 74.5
223.039 0.537142 74.5
223.455 2.68558 74.5
223.801 4.83402 74.5
223.975 6.17679 74.5
224.075 6.98246 74.5
224.277 9.13089 74.5
224.411 11.2793 74.5
224.478 13.4278 74.5
224.478 15.5762 74.5
224.425 17.7246 74.5
224.344 19.8731 74.5
224.143 22.0215 74.5
223.975 23.0957 74.5
223.801 24.17 74.5
223.455 26.3184 74.5
222.901 28.4668 74.5
222.277 30.6153 74.5
221.826 31.8848 74.5
221.493 32.7637 74.5
220.53 34.9122 74.5
219.678 36.5593 74.5
219.419 37.0606 74.5
218.182 39.209 74.5
217.529 40.1702 74.5
216.724 41.3575 74.5
215.381 43.1478 74.5
215.092 43.5059 74.5
213.356 45.6543 74.5
213.233 45.7945 74.5
211.308 47.8028 74.5
211.084 48.0176 74.5
208.982 49.9512 74.5
208.936 49.9942 74.5
206.787 51.8104 74.5
206.429 52.0997 74.5
204.639 53.4922 74.5
203.565 54.2481 74.5
202.49 54.977 74.5
200.342 56.2854 74.5
200.14 56.3965 74.5
198.193 57.4349 74.5
196.045 58.5092 74.5
195.962 58.545 74.5
193.897 59.4113 74.5
191.748 60.1736 74.5
190.137 60.6934 74.5
189.6 60.8667 74.5
187.451 61.4655 74.5
185.303 61.9755 74.5
183.154 62.3914 74.5
181.006 62.8072 74.5
180.737 62.8419 74.5
178.858 63.0844 74.5
176.709 63.4309 74.5
174.561 63.7775 74.5
172.412 64.124 74.5
170.264 64.668 74.5
169.19 64.9903 74.5
168.115 65.3237 74.5
165.967 66.2563 74.5
164.514 67.1387 74.5
163.818 67.5932 74.5
161.721 69.2872 74.5
161.67 69.3319 74.5
159.566 71.4356 74.5
159.522 71.4823 74.5
157.588 73.584 74.5
157.373 73.8176 74.5
155.611 75.7325 74.5
155.225 76.1353 74.5
153.479 77.8809 74.5
153.076 78.2838 74.5
151.172 80.0294 74.5
150.928 80.2359 74.5
148.779 81.8886 74.5
148.384 82.1778 74.5
146.631 83.3671 74.5
145.051 84.3262 74.5
144.483 84.6485 74.5
142.334 85.7227 74.5
140.723 86.4747 74.5
140.186 86.7172 74.5
138.037 87.6182 74.5
135.889 88.3805 74.5
135.205 88.6231 74.5
133.74 89.1267 74.5
131.592 89.798 74.5
129.443 90.4597 74.5
128.235 90.7715 74.5
127.295 91.0141 74.5
125.147 91.5685 74.5
122.998 92.0808 74.5
120.85 92.5507 74.5
119.162 92.92 74.5
118.701 93.0239 74.5
116.553 93.4907 74.5
114.404 93.9249 74.5
112.256 94.3407 74.5
110.107 94.6992 74.5
108.138 95.0684 74.5
107.959 95.1031 74.5
105.811 95.5189 74.5
103.662 95.9077 74.5
101.514 96.3105 74.5
99.3653 96.7664 74.5
97.2169 97.1822 74.5
97.0378 97.2169 74.5
95.0684 97.5861 74.5
92.92 97.989 74.5
90.7715 98.4297 74.5
88.6231 98.9289 74.5
86.8775 99.3653 74.5
86.4747 99.466 74.5
84.3262 99.936 74.5
82.1778 100.272 74.5
80.0294 100.57 74.5
77.8809 100.765 74.5
75.7325 100.83 74.5
73.584 100.913 74.5
71.4356 100.96 74.5
69.2872 100.977 74.5
67.1387 100.977 74.5
64.9903 100.977 74.5
62.8419 100.977 74.5
60.6934 100.977 74.5
58.545 100.96 74.5
56.3965 100.96 74.5
54.2481 100.895 74.5
52.0997 100.83 74.5
49.9512 100.765 74.5
47.8028 100.635 74.5
45.6543 100.406 74.5
43.5059 100.07 74.5
41.3575 99.616 74.5
40.1042 99.3653 74.5
39.209 99.1801 74.5
37.0606 98.7356 74.5
34.9122 98.3652 74.5
32.7637 98.1429 74.5
30.6153 97.9207 74.5
28.4668 97.7725 74.5
26.3184 97.5621 74.5
24.17 97.2566 74.5
23.9014 97.2169 74.5
22.0215 96.9384 74.5
19.8731 96.5405 74.5
17.7246 96.1426 74.5
15.5762 95.7708 74.5
13.4278 95.3576 74.5
11.9239 95.0684 74.5
11.2793 94.9445 74.5
9.13089 94.4716 74.5
6.98246 94.0738 74.5
4.83402 93.7555 74.5
2.68558 93.4372 74.5
0.537142 93.2653 74.5
-1.6113 93.1052 74.5
-3.75973 93.0311 74.5
-5.90817 93.0351 74.5
-8.05661 93.1885 74.5
-10.205 93.4187 74.5
-12.3535 93.6759 74.5
-14.5019 94.0738 74.5
-16.6504 94.4716 74.5
-18.7988 94.8695 74.5
-19.694 95.0684 74.5
-20.9472 95.3469 74.5
-23.0957 95.7974 74.5
-25.2441 96.2908 74.5
-27.3926 96.8094 74.5
-28.8696 97.2169 74.5
-29.541 97.3959 74.5
-31.6894 97.9688 74.5
-33.8379 98.5417 74.5
-35.9863 99.1146 74.5
-37.0605 99.3653 74.5
-38.1347 99.6079 74.5
-40.2832 100.003 74.5
-42.4316 100.205 74.5
-44.5801 100.339 74.5
-46.7285 100.406 74.5
-48.8769 100.406 74.5
-51.0254 100.406 74.5
-53.1738 100.406 74.5
-55.3223 100.406 74.5
-57.4707 100.339 74.5
-59.6191 100.339 74.5
-61.7676 100.272 74.5
-63.916 100.137 74.5
-66.0644 99.936 74.5
-68.2129 99.6079 74.5
-69.4661 99.3653 74.5
-70.3613 99.192 74.5
-72.5098 98.7069 74.5
-74.6582 98.2218 74.5
-76.8066 97.806 74.5
-78.9551 97.3901 74.5
-79.8503 97.2169 74.5
-81.1035 96.9743 74.5
-83.252 96.5585 74.5
-85.4004 96.1762 74.5
-87.5488 95.7961 74.5
-89.6973 95.4377 74.5
-91.6667 95.0684 74.5
-91.8457 95.0338 74.5
-93.9941 94.6873 74.5
-96.1426 94.3407 74.5
-98.291 93.9606 74.5
-100.439 93.5578 74.5
-102.588 93.155 74.5
-103.662 92.92 74.5
-104.736 92.6774 74.5
-106.885 92.2616 74.5
-109.033 91.8122 74.5
-111.182 91.3422 74.5
-113.33 90.8755 74.5
-113.79 90.7715 74.5
-115.479 90.3904 74.5
-117.627 89.8652 74.5
-119.775 89.3281 74.5
-121.924 88.791 74.5
-122.521 88.6231 74.5
-124.072 88.1867 74.5
-126.221 87.5825 74.5
-128.369 86.9782 74.5
-129.834 86.4747 74.5
-130.518 86.2321 74.5
-132.666 85.434 74.5
-134.814 84.5688 74.5
-135.352 84.3262 74.5
-136.963 83.5743 74.5
-139.111 82.4371 74.5
-139.554 82.1778 74.5
-141.26 81.1419 74.5
-142.899 80.0294 74.5
-143.408 79.6575 74.5
-145.508 77.8809 74.5
-145.557 77.8362 74.5
-147.66 75.7325 74.5
-147.705 75.6813 74.5
-149.399 73.584 74.5
-149.854 72.9932 74.5
-150.966 71.4356 74.5
-152.002 69.9091 74.5
-152.44 69.2872 74.5
-153.951 67.1387 74.5
-154.15 66.856 74.5
-155.514 64.9903 74.5
-156.299 64.0184 74.5
-157.373 62.8419 74.5
-158.447 61.8124 74.5
-159.79 60.6934 74.5
-160.596 60.0737 74.5
-162.744 58.8135 74.5
-163.371 58.545 74.5
-164.893 57.9153 74.5
-167.041 57.2628 74.5
-169.189 56.7777 74.5
-171.338 56.4312 74.5
-171.606 56.3965 74.5
-173.486 56.1616 74.5
-175.635 55.893 74.5
-177.783 55.6244 74.5
-179.932 55.2887 74.5
-182.08 54.9531 74.5
-184.229 54.5502 74.5
-185.84 54.2481 74.5
-186.377 54.1441 74.5
-188.525 53.6774 74.5
-190.674 53.1403 74.5
-192.822 52.4808 74.5
-194.004 52.0997 74.5
-194.971 51.7878 74.5
-197.119 50.9247 74.5
-199.268 49.9859 74.5
-199.339 49.9512 74.5
-201.416 48.9128 74.5
-203.497 47.8028 74.5
-203.564 47.7657 74.5
-205.713 46.5804 74.5
-207.205 45.6543 74.5
-207.861 45.2167 74.5
-210.01 43.7048 74.5
-210.278 43.5059 74.5
-212.158 42.0598 74.5
-212.988 41.3575 74.5
-214.307 40.149 74.5
-215.287 39.209 74.5
-216.455 38.0414 74.5
-217.357 37.0606 74.5
-218.604 35.6446 74.5
-219.223 34.9122 74.5
-220.752 32.9248 74.5
-220.871 32.7637 74.5
-222.325 30.6153 74.5
-222.9 29.7201 74.5
-223.678 28.4668 74.5
-224.864 26.3184 74.5
-225.049 25.9348 74.5
-225.872 24.17 74.5
-226.803 22.0215 74.5
-227.197 20.9473 74.5
-227.578 19.8731 74.5
-228.272 17.7246 74.5
-228.826 15.5762 74.5
-229.242 13.4278 74.5
-229.346 12.8907 74.5
-229.658 11.2793 74.5
-230.004 9.13089 74.5
-230.319 6.98246 74.5
-230.588 4.83402 74.5
-230.789 2.68558 74.5
-230.924 0.537142 74.5
-230.991 -1.6113 74.5
-230.924 -3.75973 74.5
-230.722 -5.90817 74.5
-230.351 -8.05661 74.5
-229.866 -10.205 74.5
-229.346 -11.9954 74.5
-229.238 -12.3535 74.5
-228.451 -14.5019 74.5
-227.52 -16.6504 74.5
-227.197 -17.2949 74.5
-226.419 -18.7988 74.5
-225.087 -20.9472 74.5
-225.049 -21.0038 74.5
-223.577 -23.0957 74.5
-222.9 -23.9653 74.5
-221.868 -25.2441 74.5
-220.752 -26.5052 74.5
-219.936 -27.3926 74.5
-218.604 -28.7246 74.5
-217.716 -29.541 74.5
-216.455 -30.6565 74.5
-215.234 -31.6894 74.5
-214.307 -32.4454 74.5
-212.427 -33.8379 74.5
-212.158 -34.0297 74.5
-210.01 -35.4108 74.5
-209.062 -35.9863 74.5
-207.861 -36.6901 74.5
-205.713 -37.7409 74.5
-204.869 -38.1347 74.5
-203.564 -38.7238 74.5
-201.416 -39.5312 74.5
-199.268 -40.2485 74.5
-199.148 -40.2832 74.5
-197.119 -40.8539 74.5
-194.971 -41.3238 74.5
-192.822 -41.7267 74.5
-190.674 -41.9952 74.5
-188.525 -42.2584 74.5
-186.377 -42.3277 74.5
-184.766 -42.4316 74.5
-184.229 -42.4663 74.5
-182.08 -42.4674 74.5
-179.932 -42.4674 74.5
-177.783 -42.4674 74.5
-175.635 -42.4663 74.5
-174.561 -42.4316 74.5
-173.486 -42.397 74.5
-171.338 -42.2584 74.5
-169.189 -42.0504 74.5
-167.041 -41.7938 74.5
-164.893 -41.496 74.5
-162.744 -41.2188 74.5
-160.596 -41.0553 74.5
-158.447 -41.0109 74.5
-156.299 -41.1068 74.5
-154.15 -41.4648 74.5
-152.002 -42.1723 74.5
-151.424 -42.4316 74.5
-149.854 -43.1876 74.5
-147.765 -44.5801 74.5
-147.705 -44.6248 74.5
-145.557 -46.6818 74.5
-145.514 -46.7285 74.5
-143.766 -48.8769 74.5
-143.408 -49.3603 74.5
-142.175 -51.0254 74.5
-141.26 -52.398 74.5
-140.761 -53.1738 74.5
-139.303 -55.3223 74.5
-139.111 -55.6206 74.5
-137.878 -57.4707 74.5
-136.963 -58.7711 74.5
-136.387 -59.6191 74.5
-134.854 -61.7676 74.5
-134.814 -61.8213 74.5
-133.263 -63.916 74.5
-132.666 -64.7217 74.5
-131.633 -66.0644 74.5
-130.518 -67.4456 74.5
-129.898 -68.2129 74.5
-128.369 -70.0195 74.5
-128.08 -70.3613 74.5
-126.221 -72.4631 74.5
-126.178 -72.5098 74.5
-124.117 -74.6582 74.5
-124.072 -74.703 74.5
-121.969 -76.8066 74.5
-121.924 -76.8496 74.5
-119.775 -78.8262 74.5
-119.635 -78.9551 74.5
-117.627 -80.7317 74.5
-117.167 -81.1035 74.5
-115.479 -82.4669 74.5
-114.507 -83.252 74.5
-113.33 -84.167 74.5
-111.577 -85.4004 74.5
-111.182 -85.6689 74.5
-109.033 -87.1268 74.5
-108.338 -87.5488 74.5
-106.885 -88.4008 74.5
-104.736 -89.6602 74.5
-104.669 -89.6973 74.5
-102.588 -90.8073 74.5
-100.511 -91.8457 74.5
-100.439 -91.8815 74.5
-98.291 -92.8841 74.5
-96.1426 -93.8151 74.5
-95.7294 -93.9941 74.5
-93.9941 -94.7218 74.5
-91.8457 -95.6055 74.5
-90.3809 -96.1426 74.5
-89.6973 -96.3851 74.5
-87.5488 -97.1475 74.5
-85.4004 -97.8405 74.5
-83.6548 -98.291 74.5
-83.252 -98.395 74.5
-81.1035 -98.9494 74.5
-78.9551 -99.4345 74.5
-76.8066 -99.8504 74.5
-74.6582 -100.197 74.5
-73.1543 -100.439 74.5
-72.5098 -100.543 74.5
-70.3613 -100.821 74.5
-68.2129 -101.077 74.5
-66.0644 -101.236 74.5
-63.916 -101.444 74.5
-61.7676 -101.621 74.5
-59.6191 -101.764 74.5
-57.4707 -101.958 74.5
-55.3223 -102.051 74.5
-53.1738 -102.194 74.5
-51.0254 -102.337 74.5
-48.8769 -102.477 74.5
-46.7285 -102.552 74.5
-46.1914 -102.588 74.5
