-55.3223 -104.837 67
-53.1738 -104.91 67
-51.0254 -105.048 67
-48.8769 -105.118 67
-46.7285 -105.187 67
-44.5801 -105.256 67
-42.4316 -105.307 67
-40.2832 -105.325 67
-38.1347 -105.325 67
-35.9863 -105.325 67
-33.8379 -105.325 67
-31.6894 -105.307 67
-29.541 -105.24 67
-27.3926 -105.173 67
-25.2441 -105.048 67
-23.0957 -104.971 67
-20.9472 -104.771 67
-20.4101 -104.736 67
-18.7988 -104.632 67
-16.6504 -104.424 67
-14.5019 -104.217 67
-12.3535 -104.009 67
-10.205 -103.83 67
-8.05661 -103.629 67
-5.90817 -103.494 67
-3.75973 -103.427 67
-1.6113 -103.385 67
0.537142 -103.427 67
2.68558 -103.561 67
4.83402 -103.696 67
6.98246 -103.897 67
9.13089 -104.147 67
11.2793 -104.424 67
13.4278 -104.702 67
13.6963 -104.736 67
15.5762 -104.971 67
17.7246 -105.187 67
19.8731 -105.441 67
22.0215 -105.643 67
24.17 -105.777 67
26.3184 -105.911 67
28.4668 -105.978 67
30.6153 -105.978 67
32.7637 -105.978 67
34.9122 -105.978 67
37.0606 -105.844 67
39.209 -105.777 67
41.3575 -105.643 67
43.5059 -105.508 67
45.6543 -105.374 67
47.8028 -105.187 67
49.9512 -104.979 67
52.0997 -104.771 67
52.4577 -104.736 67
54.2481 -104.563 67
56.3965 -104.286 67
58.545 -103.939 67
60.6934 -103.593 67
62.8419 -103.226 67
64.9903 -102.823 67
66.0645 -102.588 67
67.1387 -102.345 67
69.2872 -101.86 67
71.4356 -101.375 67
73.584 -100.821 67
74.897 -100.439 67
75.7325 -100.197 67
77.8809 -99.5732 67
80.0294 -98.9494 67
82.1778 -98.3257 67
82.2852 -98.291 67
84.3262 -97.6326 67
86.4747 -96.9396 67
88.6231 -96.1772 67
88.7208 -96.1426 67
90.7715 -95.4149 67
92.92 -94.6525 67
94.6208 -93.9941 67
95.0684 -93.8151 67
97.2169 -92.9199 67
99.3653 -92.019 67
99.749 -91.8457 67
101.514 -91.0221 67
103.662 -90.0195 67
104.307 -89.6973 67
105.811 -88.9194 67
107.959 -87.7995 67
108.429 -87.5488 67
110.107 -86.6228 67
112.193 -85.4004 67
112.256 -85.362 67
114.404 -83.9809 67
115.479 -83.252 67
116.553 -82.523 67
118.54 -81.1035 67
118.701 -80.9842 67
120.85 -79.3269 67
121.289 -78.9551 67
122.998 -77.509 67
123.792 -76.8066 67
125.147 -75.5605 67
126.127 -74.6582 67
127.295 -73.5392 67
128.283 -72.5098 67
129.443 -71.2487 67
130.26 -70.3613 67
131.592 -68.7756 67
132.03 -68.2129 67
133.541 -66.0644 67
133.74 -65.766 67
134.93 -63.916 67
135.889 -62.3363 67
136.222 -61.7676 67
137.407 -59.6191 67
138.037 -58.4017 67
138.503 -57.4707 67
139.577 -55.3223 67
140.186 -54.0178 67
140.58 -53.1738 67
141.582 -51.0254 67
142.334 -49.5215 67
142.656 -48.8769 67
143.731 -46.7285 67
144.483 -45.3186 67
144.905 -44.5801 67
146.209 -42.4316 67
146.631 -41.8097 67
147.705 -40.2832 67
148.779 -38.902 67
149.48 -38.1347 67
150.928 -36.7472 67
151.942 -35.9863 67
153.076 -35.2574 67
155.225 -34.2453 67
156.913 -33.8379 67
157.373 -33.7304 67
159.522 -33.4015 67
161.67 -33.4015 67
163.818 -33.526 67
165.967 -33.67 67
167.31 -33.8379 67
168.115 -33.9386 67
170.264 -34.2071 67
172.412 -34.4085 67
174.561 -34.6771 67
176.709 -34.8785 67
178.858 -35.0799 67
181.006 -35.1725 67
183.154 -35.2376 67
185.303 -35.1725 67
187.451 -35.0423 67
189.6 -34.8114 67
191.748 -34.4757 67
193.897 -34.0057 67
194.493 -33.8379 67
196.045 -33.3874 67
198.193 -32.6943 67
200.342 -31.8627 67
200.755 -31.6894 67
202.49 -30.9115 67
204.639 -29.7262 67
204.955 -29.541 67
206.787 -28.4284 67
208.314 -27.3926 67
208.936 -26.9381 67
211.033 -25.2441 67
211.084 -25.2011 67
213.233 -23.23 67
213.367 -23.0957 67
215.381 -20.9939 67
215.422 -20.9472 67
217.092 -18.7988 67
217.529 -18.208 67
218.642 -16.6504 67
219.678 -14.9443 67
219.937 -14.5019 67
221.074 -12.3535 67
221.826 -10.7422 67
222.077 -10.205 67
222.97 -8.05661 67
223.724 -5.90817 67
223.975 -5.07267 67
224.356 -3.75973 67
224.91 -1.6113 67
225.395 0.537142 67
225.742 2.68558 67
226.019 4.83402 67
226.123 5.90824 67
226.227 6.98246 67
226.366 9.13089 67
226.435 11.2793 67
226.504 13.4278 67
226.504 15.5762 67
226.366 17.7246 67
226.227 19.8731 67
226.123 20.9473 67
226.019 22.0215 67
225.673 24.17 67
225.188 26.3184 67
224.633 28.4668 67
223.975 30.3223 67
223.864 30.6153 67
222.901 32.7637 67
221.826 34.8405 67
221.789 34.9122 67
220.56 37.0606 67
219.678 38.361 67
219.102 39.209 67
217.569 41.3575 67
217.529 41.4086 67
215.768 43.5059 67
215.381 43.9454 67
213.814 45.6543 67
213.233 46.2362 67
211.666 47.8028 67
211.084 48.3399 67
209.18 49.9512 67
208.936 50.1502 67
206.787 51.7416 67
206.278 52.0997 67
204.639 53.2122 67
203.027 54.2481 67
202.49 54.5815 67
200.342 55.7162 67
198.884 56.3965 67
198.193 56.7188 67
196.045 57.6094 67
193.897 58.3717 67
193.359 58.545 67
191.748 59.0485 67
189.6 59.5856 67
187.451 60.035 67
185.303 60.3815 67
183.154 60.5927 67
182.08 60.6934 67
181.006 60.7941 67
178.858 60.9284 67
176.709 61.0053 67
174.561 61.0746 67
172.412 61.2641 67
170.264 61.4655 67
168.115 61.8369 67
165.967 62.3764 67
164.803 62.8419 67
163.818 63.2493 67
161.67 64.4532 67
160.935 64.9903 67
159.522 66.1093 67
158.399 67.1387 67
157.373 68.1641 67
156.385 69.2872 67
155.225 70.6683 67
154.605 71.4356 67
153.076 73.4229 67
152.952 73.584 67
151.217 75.7325 67
150.928 76.0743 67
149.399 77.8809 67
148.779 78.5815 67
147.332 80.0294 67
146.631 80.6739 67
144.841 82.1778 67
144.483 82.4563 67
142.334 84.0477 67
141.892 84.3262 67
140.186 85.3264 67
138.104 86.4747 67
138.037 86.5105 67
135.889 87.5131 67
133.74 88.4441 67
133.252 88.6231 67
131.592 89.2122 67
129.443 89.9745 67
127.295 90.6641 67
126.937 90.7715 67
125.147 91.2913 67
122.998 91.8458 67
120.85 92.4002 67
118.836 92.92 67
118.701 92.9546 67
116.553 93.4571 67
114.404 93.9942 67
112.256 94.4387 67
110.107 94.8832 67
109.212 95.0684 67
107.959 95.337 67
105.811 95.7206 67
103.662 96.1043 67
101.514 96.4879 67
99.3653 96.8835 67
97.4317 97.2169 67
97.2169 97.2539 67
95.0684 97.6243 67
92.92 97.9688 67
90.7715 98.3269 67
88.6231 98.685 67
86.4747 99.1146 67
85.4005 99.3653 67
84.3262 99.6079 67
82.1778 100.024 67
80.0294 100.374 67
77.8809 100.635 67
75.7325 100.83 67
73.584 100.96 67
71.4356 100.977 67
69.2872 101.025 67
67.1387 101.025 67
64.9903 101.025 67
62.8419 101.025 67
60.6934 101.025 67
58.545 101.025 67
56.3965 101.025 67
54.2481 100.96 67
52.0997 100.96 67
49.9512 100.895 67
47.8028 100.83 67
45.6543 100.742 67
43.5059 100.54 67
41.3575 100.301 67
39.209 99.9544 67
37.0606 99.5443 67
36.2933 99.3653 67
34.9122 99.0319 67
32.7637 98.6615 67
30.6153 98.3652 67
28.4668 98.1429 67
26.3184 97.9207 67
24.17 97.7156 67
22.0215 97.4158 67
20.6788 97.2169 67
19.8731 97.0975 67
17.7246 96.7624 67
15.5762 96.4319 67
13.4278 96.1013 67
11.2793 95.7708 67
9.13089 95.4551 67
6.98246 95.1132 67
6.62438 95.0684 67
4.83402 94.8536 67
2.68558 94.5098 67
0.537142 94.338 67
-1.6113 94.218 67
-3.75973 94.218 67
-5.90817 94.252 67
-8.05661 94.397 67
-10.205 94.5958 67
-12.3535 94.8618 67
-13.6963 95.0684 67
-14.5019 95.1973 67
-16.6504 95.6055 67
-18.7988 96.0187 67
-20.9472 96.4609 67
-23.0957 96.9384 67
-24.3489 97.2169 67
-25.2441 97.4087 67
-27.3926 97.8466 67
-29.541 98.2911 67
-31.6894 98.8097 67
-33.8379 99.2579 67
-34.2983 99.3653 67
-35.9863 99.7465 67
-38.1347 100.093 67
-40.2832 100.374 67
-42.4316 100.57 67
-44.5801 100.635 67
-46.7285 100.7 67
-48.8769 100.7 67
-51.0254 100.7 67
-53.1738 100.661 67
-55.3223 100.635 67
-57.4707 100.635 67
-59.6191 100.635 67
-61.7676 100.57 67
-63.916 100.473 67
-66.0644 100.339 67
-68.2129 100.137 67
-70.3613 99.7465 67
-72.3307 99.3653 67
-72.5098 99.3295 67
-74.6582 98.8282 67
-76.8066 98.2911 67
-78.9551 97.7366 67
-81.1035 97.3208 67
-81.6406 97.2169 67
-83.252 96.905 67
-85.4004 96.4448 67
-87.5488 96.0419 67
-89.6973 95.6391 67
-91.8457 95.3034 67
-93.3496 95.0684 67
-93.9941 94.9645 67
-96.1426 94.5649 67
-98.291 94.1621 67
-100.439 93.7592 67
-102.588 93.3564 67
-104.583 92.92 67
-104.736 92.8864 67
-106.885 92.4164 67
-109.033 91.9465 67
-111.182 91.4299 67
-113.33 90.9394 67
-114.001 90.7715 67
-115.479 90.3904 67
-117.627 89.8652 67
-119.775 89.2815 67
-121.924 88.7238 67
-122.246 88.6231 67
-124.072 88.034 67
-126.221 87.341 67
-128.369 86.6479 67
-128.817 86.4747 67
-130.518 85.8163 67
-132.666 84.935 67
-133.97 84.3262 67
-134.814 83.9188 67
-136.963 82.7533 67
-137.858 82.1778 67
-139.111 81.3102 67
-140.776 80.0294 67
-141.26 79.609 67
-142.916 77.8809 67
-143.408 77.3182 67
-144.689 75.7325 67
-145.557 74.5452 67
-146.209 73.584 67
-147.513 71.4356 67
-147.705 71.0999 67
-148.741 69.2872 67
-149.854 67.3401 67
-149.969 67.1387 67
-151.273 64.9903 67
-152.002 63.8564 67
-152.678 62.8419 67
-154.15 60.8545 67
-154.285 60.6934 67
-156.25 58.545 67
-156.299 58.4983 67
-158.447 56.8692 67
-159.291 56.3965 67
-160.596 55.7443 67
-162.744 55.026 67
-164.893 54.5704 67
-167.041 54.3521 67
-168.652 54.2481 67
-169.189 54.2123 67
-171.338 54.2123 67
-173.486 54.2134 67
-174.561 54.2481 67
-175.635 54.2817 67
-177.783 54.2817 67
-178.857 54.2481 67
-179.932 54.2134 67
-182.08 54.0803 67
-184.229 53.8788 67
-186.377 53.6103 67
-188.525 53.2746 67
-190.674 52.8046 67
-192.822 52.2729 67
-193.419 52.0997 67
-194.971 51.6492 67
-197.119 50.9561 67
-199.268 50.1938 67
-199.846 49.9512 67
-201.416 49.2709 67
-203.564 48.2683 67
-204.495 47.8028 67
-205.713 47.1731 67
-207.861 45.9229 67
-208.279 45.6543 67
-210.01 44.5418 67
-211.536 43.5059 67
-212.158 43.0514 67
-214.256 41.3575 67
-214.307 41.3145 67
-216.455 39.4239 67
-216.679 39.209 67
-218.604 37.2844 67
-218.818 37.0606 67
-220.709 34.9122 67
-220.752 34.8584 67
-222.304 32.7637 67
-222.9 31.9581 67
-223.86 30.6153 67
-225.049 28.6564 67
-225.16 28.4668 67
-226.302 26.3184 67
-227.197 24.4002 67
-227.305 24.17 67
-228.202 22.0215 67
-228.952 19.8731 67
-229.346 18.5602 67
-229.588 17.7246 67
-230.143 15.5762 67
-230.628 13.4278 67
-231.044 11.2793 67
-231.39 9.13089 67
-231.494 8.32523 67
-231.667 6.98246 67
-231.931 4.83402 67
-232.065 2.68558 67
-232.153 0.537142 67
-232.153 -1.6113 67
-232.083 -3.75973 67
-231.875 -5.90817 67
-231.598 -8.05661 67
-231.494 -8.59372 67
-231.172 -10.205 67
-230.599 -12.3535 67
-229.883 -14.5019 67
-229.346 -15.8447 67
-229.023 -16.6504 67
-228.021 -18.7988 67
-227.197 -20.2522 67
-226.775 -20.9472 67
-225.327 -23.0957 67
-225.049 -23.4717 67
-223.736 -25.2441 67
-222.9 -26.2695 67
-221.871 -27.3926 67
-220.752 -28.5115 67
-219.723 -29.541 67
-218.604 -30.5739 67
-217.285 -31.6894 67
-216.455 -32.3918 67
-214.476 -33.8379 67
-214.307 -33.9572 67
-212.158 -35.4108 67
-211.21 -35.9863 67
-210.01 -36.6666 67
-207.861 -37.7409 67
-207.017 -38.1347 67
-205.713 -38.7238 67
-203.564 -39.5312 67
-201.416 -40.2485 67
-201.297 -40.2832 67
-199.268 -40.8539 67
-197.119 -41.3574 67
-194.971 -41.7938 67
-192.822 -42.0624 67
-190.674 -42.2584 67
-188.525 -42.397 67
-187.451 -42.4316 67
-186.377 -42.4674 67
-184.229 -42.4674 67
-182.08 -42.4674 67
-179.932 -42.4674 67
-178.857 -42.4316 67
-177.783 -42.397 67
-175.635 -42.3277 67
-173.486 -42.1198 67
-171.338 -41.8425 67
-169.189 -41.5253 67
-167.041 -41.1896 67
-164.893 -40.8723 67
-162.744 -40.5853 67
-160.596 -40.3178 67
-160.059 -40.2832 67
-158.447 -40.1792 67
-156.299 -40.2474 67
-156.03 -40.2832 67
-154.15 -40.5338 67
-152.002 -41.1352 67
-149.854 -42.1531 67
-149.436 -42.4316 67
-147.705 -43.7296 67
-146.777 -44.5801 67
-145.557 -45.8008 67
-144.74 -46.7285 67
-143.408 -48.3935 67
-143.05 -48.8769 67
-141.605 -51.0254 67
-141.26 -51.5342 67
-140.147 -53.1738 67
-139.111 -54.7851 67
-138.766 -55.3223 67
-137.385 -57.4707 67
-136.963 -58.1272 67
-135.968 -59.6191 67
-134.814 -61.3498 67
-134.546 -61.7676 67
-133.088 -63.916 67
-132.666 -64.5379 67
-131.592 -66.0644 67
-130.518 -67.5146 67
-130 -68.2129 67
-128.409 -70.3613 67
-128.369 -70.4101 67
-126.593 -72.5098 67
-126.221 -72.9492 67
-124.717 -74.6582 67
-124.072 -75.3588 67
-122.685 -76.8066 67
-121.924 -77.5675 67
-120.536 -78.9551 67
-119.775 -79.6855 67
-118.234 -81.1035 67
-117.627 -81.6621 67
-115.734 -83.252 67
-115.479 -83.4585 67
-113.33 -85.1938 67
-113.062 -85.4004 67
-111.182 -86.8465 67
-110.221 -87.5488 67
-109.033 -88.3545 67
-107.054 -89.6973 67
-106.885 -89.8124 67
-104.736 -91.1168 67
-103.536 -91.8457 67
-102.588 -92.4013 67
-100.439 -93.5867 67
-99.6517 -93.9941 67
-98.291 -94.6979 67
-96.1426 -95.7351 67
-95.2336 -96.1426 67
-93.9941 -96.6982 67
-91.8457 -97.6107 67
-90.1449 -98.291 67
-89.6973 -98.4643 67
-87.5488 -99.2266 67
-85.4004 -99.9197 67
-83.7891 -100.439 67
-83.252 -100.613 67
-81.1035 -101.167 67
-78.9551 -101.722 67
-76.8066 -102.207 67
-74.8372 -102.588 67
-74.6582 -102.623 67
-72.5098 -102.969 67
-70.3613 -103.316 67
-68.2129 -103.593 67
-66.0644 -103.801 67
-63.916 -104.009 67
-61.7676 -104.271 67
-59.6191 -104.486 67
-57.4707 -104.629 67
-56.3965 -104.736 67
