11.2793 -119.81 14.5
13.4278 -119.949 14.5
15.5762 -119.949 14.5
17.7246 -119.954 14.5
19.8731 -120.018 14.5
22.0215 -120.018 14.5
24.17 -120.018 14.5
26.3184 -120.018 14.5
28.4668 -119.949 14.5
30.6153 -119.81 14.5
30.9734 -119.775 14.5
32.7637 -119.602 14.5
34.9122 -119.325 14.5
37.0606 -119.003 14.5
39.209 -118.632 14.5
41.3575 -118.216 14.5
43.5059 -117.8 14.5
44.2732 -117.627 14.5
45.6543 -117.305 14.5
47.8028 -116.875 14.5
49.9512 -116.414 14.5
52.0997 -115.929 14.5
54.0946 -115.479 14.5
54.2481 -115.443 14.5
56.3965 -114.941 14.5
58.545 -114.404 14.5
60.6934 -113.919 14.5
62.8419 -113.431 14.5
63.2447 -113.33 14.5
64.9903 -112.865 14.5
67.1387 -112.325 14.5
69.2872 -111.752 14.5
71.3162 -111.182 14.5
71.4356 -111.146 14.5
73.584 -110.523 14.5
75.7325 -109.9 14.5
77.8809 -109.206 14.5
78.418 -109.033 14.5
80.0294 -108.513 14.5
82.1778 -107.751 14.5
84.3262 -106.921 14.5
84.4089 -106.885 14.5
86.4747 -105.99 14.5
88.6231 -104.996 14.5
89.1602 -104.736 14.5
90.7715 -103.958 14.5
92.92 -102.847 14.5
93.39 -102.588 14.5
95.0684 -101.662 14.5
97.2169 -100.476 14.5
97.2801 -100.439 14.5
99.3653 -99.1734 14.5
100.738 -98.291 14.5
101.514 -97.7923 14.5
103.662 -96.3415 14.5
103.945 -96.1426 14.5
105.811 -94.8296 14.5
106.885 -93.9941 14.5
107.959 -93.1265 14.5
109.473 -91.8457 14.5
110.107 -91.2871 14.5
111.914 -89.6973 14.5
112.256 -89.384 14.5
114.171 -87.5488 14.5
114.404 -87.325 14.5
116.252 -85.4004 14.5
116.553 -85.0871 14.5
118.315 -83.252 14.5
118.701 -82.8125 14.5
120.205 -81.1035 14.5
120.85 -80.3362 14.5
121.965 -78.9551 14.5
122.998 -77.6762 14.5
123.674 -76.8066 14.5
125.147 -74.7147 14.5
125.185 -74.6582 14.5
126.591 -72.5098 14.5
127.295 -71.3092 14.5
127.87 -70.3613 14.5
129.11 -68.2129 14.5
129.443 -67.5684 14.5
130.195 -66.0644 14.5
131.27 -63.916 14.5
131.592 -63.2254 14.5
132.25 -61.7676 14.5
133.151 -59.6191 14.5
133.74 -58.2144 14.5
134.052 -57.4707 14.5
134.815 -55.3223 14.5
135.508 -53.1738 14.5
135.889 -51.9922 14.5
136.201 -51.0254 14.5
136.824 -48.8769 14.5
137.379 -46.7285 14.5
137.933 -44.5801 14.5
138.037 -44.1197 14.5
138.406 -42.4316 14.5
138.809 -40.2832 14.5
139.145 -38.1347 14.5
139.437 -35.9863 14.5
139.682 -33.8379 14.5
139.884 -31.6894 14.5
140.082 -29.541 14.5
140.151 -27.3926 14.5
140.186 -26.3183 14.5
140.22 -25.2441 14.5
140.221 -23.0957 14.5
140.29 -20.9472 14.5
140.293 -18.7988 14.5
140.293 -16.6504 14.5
140.223 -14.5019 14.5
140.221 -12.3535 14.5
140.221 -10.205 14.5
140.221 -8.05661 14.5
140.221 -5.90817 14.5
140.221 -3.75973 14.5
140.29 -1.6113 14.5
140.293 0.537142 14.5
140.359 2.68558 14.5
140.359 4.83402 14.5
140.359 6.98246 14.5
140.359 9.13089 14.5
140.29 11.2793 14.5
140.22 13.4278 14.5
140.186 14.502 14.5
140.151 15.5762 14.5
140.018 17.7246 14.5
139.884 19.8731 14.5
139.682 22.0215 14.5
139.481 24.17 14.5
139.279 26.3184 14.5
139.042 28.4668 14.5
138.809 30.6153 14.5
138.541 32.7637 14.5
138.272 34.9122 14.5
138.037 36.4161 14.5
137.933 37.0606 14.5
137.587 39.209 14.5
137.171 41.3575 14.5
136.728 43.5059 14.5
136.27 45.6543 14.5
135.889 47.1314 14.5
135.715 47.8028 14.5
135.161 49.9512 14.5
134.564 52.0997 14.5
133.914 54.2481 14.5
133.74 54.7852 14.5
133.203 56.3965 14.5
132.458 58.545 14.5
131.628 60.6934 14.5
131.592 60.7829 14.5
130.768 62.8419 14.5
129.777 64.9903 14.5
129.443 65.6809 14.5
128.74 67.1387 14.5
127.554 69.2872 14.5
127.295 69.7295 14.5
126.259 71.4356 14.5
125.147 73.1663 14.5
124.857 73.584 14.5
123.197 75.7325 14.5
122.998 75.9766 14.5
121.322 77.8809 14.5
120.85 78.3733 14.5
119.122 80.0294 14.5
118.701 80.4161 14.5
116.604 82.1778 14.5
116.553 82.2176 14.5
114.404 83.7508 14.5
113.509 84.3262 14.5
112.256 85.1319 14.5
110.107 86.2895 14.5
109.749 86.4747 14.5
107.959 87.341 14.5
105.811 88.2292 14.5
104.736 88.6231 14.5
103.662 89.0043 14.5
101.514 89.6973 14.5
99.3653 90.3211 14.5
97.8137 90.7715 14.5
97.2169 90.9394 14.5
95.0684 91.4299 14.5
92.92 91.9151 14.5
90.7715 92.3309 14.5
88.6231 92.7467 14.5
87.5489 92.92 14.5
86.4747 93.0932 14.5
84.3262 93.4235 14.5
82.1778 93.7592 14.5
80.0294 94.0949 14.5
77.8809 94.41 14.5
75.7325 94.6873 14.5
73.584 94.9645 14.5
72.7784 95.0684 14.5
71.4356 95.2417 14.5
69.2872 95.5189 14.5
67.1387 95.7961 14.5
64.9903 96.1426 14.5
62.8419 96.4199 14.5
60.6934 96.6971 14.5
58.545 96.9743 14.5
56.3965 97.1822 14.5
55.8594 97.2169 14.5
54.2481 97.3176 14.5
52.0997 97.3847 14.5
49.9512 97.4447 14.5
47.8028 97.5098 14.5
45.6543 97.5098 14.5
43.5059 97.519 14.5
41.3575 97.5861 14.5
39.209 97.5287 14.5
37.0606 97.5287 14.5
34.9122 97.4594 14.5
32.7637 97.3243 14.5
31.1524 97.2169 14.5
30.6153 97.1811 14.5
28.4668 96.9576 14.5
26.3184 96.6612 14.5
24.17 96.3217 14.5
22.0215 95.9945 14.5
19.8731 95.6771 14.5
17.7246 95.4496 14.5
15.5762 95.2417 14.5
13.7858 95.0684 14.5
13.4278 95.0338 14.5
11.2793 94.8334 14.5
9.13089 94.6873 14.5
6.98246 94.4793 14.5
4.83402 94.3165 14.5
2.68558 94.1328 14.5
0.537142 94.0635 14.5
-1.6113 94.03 14.5
-3.75973 94.1328 14.5
-5.90817 94.3407 14.5
-8.05661 94.5486 14.5
-10.205 94.8952 14.5
-11.2793 95.0684 14.5
-12.3535 95.2417 14.5
-14.5019 95.5882 14.5
-16.6504 96.004 14.5
-18.7988 96.4199 14.5
-20.9472 96.8476 14.5
-22.6353 97.2169 14.5
-23.0957 97.3176 14.5
-25.2441 97.7204 14.5
-27.3926 98.1904 14.5
-29.541 98.6603 14.5
-31.6894 99.1227 14.5
-32.9427 99.3653 14.5
-33.8379 99.5386 14.5
-35.9863 99.8688 14.5
-38.1347 100.07 14.5
-40.2832 100.232 14.5
-42.4316 100.301 14.5
-44.5801 100.301 14.5
-46.7285 100.37 14.5
-48.8769 100.37 14.5
-51.0254 100.406 14.5
-53.1738 100.37 14.5
-55.3223 100.339 14.5
-57.4707 100.232 14.5
-59.6191 100.07 14.5
-61.7676 99.8158 14.5
-63.916 99.4011 14.5
-64.095 99.3653 14.5
-66.0644 98.9714 14.5
-68.2129 98.4701 14.5
-70.3613 98.0139 14.5
-72.5098 97.598 14.5
-74.6582 97.2515 14.5
-74.873 97.2169 14.5
-76.8066 96.8946 14.5
-78.9551 96.4892 14.5
-81.1035 96.0733 14.5
-83.252 95.6575 14.5
-85.4004 95.2417 14.5
-86.2956 95.0684 14.5
-87.5488 94.8259 14.5
-89.6973 94.3635 14.5
-91.8457 93.9249 14.5
-93.9941 93.4235 14.5
-96.0083 92.92 14.5
-96.1426 92.8853 14.5
-98.291 92.3309 14.5
-100.439 91.7451 14.5
-102.588 91.0834 14.5
-103.467 90.7715 14.5
-104.736 90.3211 14.5
-106.885 89.4894 14.5
-108.951 88.6231 14.5
-109.033 88.5861 14.5
-111.182 87.4748 14.5
-112.888 86.4747 14.5
-113.33 86.1962 14.5
-115.479 84.6981 14.5
-115.962 84.3262 14.5
-117.627 82.9942 14.5
-118.514 82.1778 14.5
-119.775 80.9693 14.5
-120.678 80.0294 14.5
-121.924 78.6133 14.5
-122.521 77.8809 14.5
-124.032 75.7325 14.5
-124.072 75.6693 14.5
-125.338 73.584 14.5
-126.221 71.8193 14.5
-126.406 71.4356 14.5
-127.402 69.2872 14.5
-128.262 67.1387 14.5
-128.369 66.8458 14.5
-129.028 64.9903 14.5
-129.694 62.8419 14.5
-130.339 60.6934 14.5
-130.518 60.022 14.5
-130.899 58.545 14.5
-131.424 56.3965 14.5
-131.894 54.2481 14.5
-132.354 52.0997 14.5
-132.666 50.7185 14.5
-132.834 49.9512 14.5
-133.237 47.8028 14.5
-133.64 45.6543 14.5
-134.042 43.5059 14.5
-134.445 41.3575 14.5
-134.814 39.3881 14.5
-134.848 39.209 14.5
-135.251 37.0606 14.5
-135.587 34.9122 14.5
-135.989 32.7637 14.5
-136.325 30.6153 14.5
-136.651 28.4668 14.5
-136.963 26.5332 14.5
-136.996 26.3184 14.5
-137.275 24.17 14.5
-137.552 22.0215 14.5
-137.858 19.8731 14.5
-138.185 17.7246 14.5
-138.482 15.5762 14.5
-138.852 13.4278 14.5
-139.111 11.9239 14.5
-139.219 11.2793 14.5
-139.577 9.13089 14.5
-139.935 6.98246 14.5
-140.255 4.83402 14.5
-140.579 2.68558 14.5
-140.852 0.537142 14.5
-141 -1.6113 14.5
-141.145 -3.75973 14.5
-141.145 -5.90817 14.5
-140.981 -8.05661 14.5
-140.787 -10.205 14.5
-140.529 -12.3535 14.5
-140.409 -14.5019 14.5
-140.559 -16.6504 14.5
-140.839 -18.7988 14.5
-141.12 -20.9472 14.5
-141.213 -23.0957 14.5
-141.036 -25.2441 14.5
-140.678 -27.3926 14.5
-140.272 -29.541 14.5
-140.014 -31.6894 14.5
-139.979 -33.8379 14.5
-140.062 -35.9863 14.5
-140.186 -38.1347 14.5
-140.147 -40.2832 14.5
-139.917 -42.4316 14.5
-139.61 -44.5801 14.5
-139.15 -46.7285 14.5
-139.111 -46.882 14.5
-138.553 -48.8769 14.5
-137.913 -51.0254 14.5
-137.252 -53.1738 14.5
-136.963 -53.9258 14.5
-136.356 -55.3223 14.5
-135.328 -57.4707 14.5
-134.814 -58.5449 14.5
-134.193 -59.6191 14.5
-132.935 -61.7676 14.5
-132.666 -62.3047 14.5
-131.818 -63.916 14.5
-130.859 -66.0644 14.5
-130.518 -66.8999 14.5
-129.98 -68.2129 14.5
-129.041 -70.3613 14.5
-128.369 -71.7041 14.5
-127.982 -72.5098 14.5
-126.758 -74.6582 14.5
-126.221 -75.4797 14.5
-125.281 -76.8066 14.5
-124.072 -78.418 14.5
-123.612 -78.9551 14.5
-121.924 -80.8208 14.5
-121.625 -81.1035 14.5
-119.775 -82.9536 14.5
-119.44 -83.252 14.5
-117.627 -84.8633 14.5
-116.883 -85.4004 14.5
-115.479 -86.4149 14.5
-113.778 -87.5488 14.5
-113.33 -87.8315 14.5
-111.182 -89.2273 14.5
-110.498 -89.6973 14.5
-109.033 -90.7715 14.5
-107.794 -91.8457 14.5
-106.885 -92.6335 14.5
-105.524 -93.9941 14.5
-104.736 -94.7327 14.5
-103.001 -96.1426 14.5
-102.588 -96.441 14.5
-100.439 -98.0896 14.5
-100.192 -98.291 14.5
-98.291 -99.5914 14.5
-97.1401 -100.439 14.5
-96.1426 -101.074 14.5
-93.9941 -102.332 14.5
-93.5059 -102.588 14.5
-91.8457 -103.349 14.5
-89.6973 -104.129 14.5
-87.5488 -104.69 14.5
-87.3698 -104.736 14.5
-85.4004 -105.229 14.5
-83.252 -105.859 14.5
-81.1035 -106.724 14.5
-80.8105 -106.885 14.5
-78.9551 -107.813 14.5
-76.8066 -108.88 14.5
-76.4844 -109.033 14.5
-74.6582 -109.827 14.5
-72.5098 -110.481 14.5
-70.3613 -111.128 14.5
-70.1465 -111.182 14.5
-68.2129 -111.584 14.5
-66.0644 -112.069 14.5
-63.916 -112.598 14.5
-61.7676 -113.074 14.5
-60.8724 -113.33 14.5
-59.6191 -113.631 14.5
-57.4707 -113.912 14.5
-55.3223 -114.217 14.5
-53.1738 -114.507 14.5
-51.0254 -114.814 14.5
-48.8769 -115.21 14.5
-47.5342 -115.479 14.5
-46.7285 -115.607 14.5
-44.5801 -115.881 14.5
-42.4316 -116.15 14.5
-40.2832 -116.366 14.5
-38.1347 -116.602 14.5
-35.9863 -116.895 14.5
-33.8379 -117.167 14.5
-31.6894 -117.383 14.5
-29.8991 -117.627 14.5
-29.541 -117.667 14.5
-27.3926 -117.751 14.5
-25.2441 -117.834 14.5
-23.0957 -117.834 14.5
-20.9472 -117.842 14.5
-18.7988 -117.916 14.5
-16.6504 -118.065 14.5
-14.5019 -118.202 14.5
-12.3535 -118.331 14.5
-10.205 -118.493 14.5
-8.05661 -118.632 14.5
-5.90817 -118.735 14.5
-3.75973 -118.869 14.5
-1.6113 -119.003 14.5
0.537142 -119.138 14.5
2.68558 -119.339 14.5
4.83402 -119.473 14.5
6.98246 -119.671 14.5
9.13089 -119.741 14.5
10.2051 -119.775 14.5
