-44.5801 -115.714 -100.5
-42.4316 -115.929 -100.5
-40.2832 -116.183 -100.5
-38.1347 -116.385 -100.5
-35.9863 -116.586 -100.5
-33.8379 -116.748 -100.5
-31.6894 -116.813 -100.5
-29.541 -116.813 -100.5
-27.3926 -116.748 -100.5
-25.2441 -116.683 -100.5
-23.0957 -116.586 -100.5
-20.9472 -116.452 -100.5
-18.7988 -116.345 -100.5
-16.6504 -116.183 -100.5
-14.5019 -116.016 -100.5
-12.3535 -115.929 -100.5
-10.205 -115.801 -100.5
-8.05661 -115.729 -100.5
-5.90817 -115.729 -100.5
-3.75973 -115.801 -100.5
-1.6113 -115.944 -100.5
0.537142 -116.137 -100.5
2.68558 -116.345 -100.5
4.83402 -116.586 -100.5
6.98246 -116.748 -100.5
9.13089 -116.943 -100.5
11.2793 -117.139 -100.5
13.4278 -117.258 -100.5
15.5762 -117.392 -100.5
17.7246 -117.454 -100.5
19.8731 -117.52 -100.5
22.0215 -117.523 -100.5
24.17 -117.523 -100.5
26.3184 -117.523 -100.5
28.4668 -117.523 -100.5
30.6153 -117.459 -100.5
32.7637 -117.392 -100.5
34.9122 -117.258 -100.5
37.0606 -117.074 -100.5
39.209 -116.855 -100.5
41.3575 -116.618 -100.5
43.5059 -116.318 -100.5
45.6543 -116.049 -100.5
47.8028 -115.714 -100.5
49.056 -115.479 -100.5
49.9512 -115.305 -100.5
52.0997 -114.841 -100.5
54.2481 -114.371 -100.5
56.3965 -113.834 -100.5
58.1869 -113.33 -100.5
58.545 -113.226 -100.5
60.6934 -112.625 -100.5
62.8419 -112.021 -100.5
64.9903 -111.355 -100.5
65.5871 -111.182 -100.5
67.1387 -110.716 -100.5
69.2872 -110.038 -100.5
71.4356 -109.276 -100.5
72.1192 -109.033 -100.5
73.584 -108.513 -100.5
75.7325 -107.682 -100.5
77.7914 -106.885 -100.5
77.8809 -106.849 -100.5
80.0294 -105.88 -100.5
82.1778 -104.915 -100.5
82.5614 -104.736 -100.5
84.3262 -103.913 -100.5
86.4747 -102.91 -100.5
87.1192 -102.588 -100.5
88.6231 -101.836 -100.5
90.7715 -100.762 -100.5
91.3758 -100.439 -100.5
92.92 -99.5875 -100.5
95.0684 -98.4021 -100.5
95.258 -98.291 -100.5
97.2169 -97.1427 -100.5
98.8282 -96.1426 -100.5
99.3653 -95.7973 -100.5
101.514 -94.4162 -100.5
102.136 -93.9941 -100.5
103.662 -92.9199 -100.5
105.112 -91.8457 -100.5
105.811 -91.3285 -100.5
107.959 -89.7371 -100.5
108.008 -89.6973 -100.5
110.107 -87.9207 -100.5
110.547 -87.5488 -100.5
112.256 -86.0449 -100.5
112.957 -85.4004 -100.5
114.404 -84.0129 -100.5
115.165 -83.252 -100.5
116.553 -81.8644 -100.5
117.283 -81.1035 -100.5
118.701 -79.5622 -100.5
119.238 -78.9551 -100.5
120.85 -76.9601 -100.5
120.974 -76.8066 -100.5
122.709 -74.6582 -100.5
122.998 -74.2822 -100.5
124.311 -72.5098 -100.5
125.147 -71.3225 -100.5
125.823 -70.3613 -100.5
127.255 -68.2129 -100.5
127.295 -68.1532 -100.5
128.591 -66.0644 -100.5
129.443 -64.6111 -100.5
129.851 -63.916 -100.5
131.036 -61.7676 -100.5
131.592 -60.6933 -100.5
132.129 -59.6191 -100.5
133.151 -57.4707 -100.5
133.74 -56.1663 -100.5
134.11 -55.3223 -100.5
134.915 -53.1738 -100.5
135.715 -51.0254 -100.5
135.889 -50.4883 -100.5
136.392 -48.8769 -100.5
137.032 -46.7285 -100.5
137.601 -44.5801 -100.5
138.037 -42.8345 -100.5
138.141 -42.4316 -100.5
138.626 -40.2832 -100.5
139.111 -38.1347 -100.5
139.527 -35.9863 -100.5
139.874 -33.8379 -100.5
140.082 -31.6894 -100.5
140.186 -30.6152 -100.5
140.29 -29.541 -100.5
140.428 -27.3926 -100.5
140.488 -25.2441 -100.5
140.488 -23.0957 -100.5
140.428 -20.9472 -100.5
140.359 -18.7988 -100.5
140.22 -16.6504 -100.5
140.186 -16.1133 -100.5
140.082 -14.5019 -100.5
139.816 -12.3535 -100.5
139.548 -10.205 -100.5
139.279 -8.05661 -100.5
138.944 -5.90817 -100.5
138.541 -3.75973 -100.5
138.138 -1.6113 -100.5
138.037 -1.15092 -100.5
137.656 0.537142 -100.5
137.198 2.68558 -100.5
136.661 4.83402 -100.5
136.124 6.98246 -100.5
135.889 7.81796 -100.5
135.495 9.13089 -100.5
134.815 11.2793 -100.5
134.052 13.4278 -100.5
133.74 14.3067 -100.5
133.29 15.5762 -100.5
132.487 17.7246 -100.5
131.628 19.8731 -100.5
131.592 19.9557 -100.5
130.697 22.0215 -100.5
129.766 24.17 -100.5
129.443 24.8605 -100.5
128.74 26.3184 -100.5
127.76 28.4668 -100.5
127.295 29.3978 -100.5
126.686 30.6153 -100.5
125.612 32.7637 -100.5
125.147 33.6365 -100.5
124.443 34.9122 -100.5
123.267 37.0606 -100.5
122.998 37.5306 -100.5
122.072 39.209 -100.5
120.85 41.2943 -100.5
120.811 41.3575 -100.5
119.507 43.5059 -100.5
118.701 44.8329 -100.5
118.203 45.6543 -100.5
116.745 47.8028 -100.5
116.553 48.0855 -100.5
115.287 49.9512 -100.5
114.404 51.1866 -100.5
113.728 52.0997 -100.5
112.256 54.087 -100.5
112.137 54.2481 -100.5
110.479 56.3965 -100.5
110.107 56.8569 -100.5
108.744 58.545 -100.5
107.959 59.4727 -100.5
106.885 60.6934 -100.5
105.811 61.9141 -100.5
104.994 62.8419 -100.5
103.662 64.2897 -100.5
102.991 64.9903 -100.5
101.514 66.4673 -100.5
100.813 67.1387 -100.5
99.3653 68.4708 -100.5
98.4779 69.2872 -100.5
97.2169 70.4027 -100.5
95.938 71.4356 -100.5
95.0684 72.112 -100.5
93.0811 73.584 -100.5
92.92 73.6991 -100.5
90.7715 75.157 -100.5
89.8237 75.7325 -100.5
88.6231 76.4363 -100.5
86.4747 77.6216 -100.5
85.9734 77.8809 -100.5
84.3262 78.7045 -100.5
82.1778 79.7071 -100.5
81.4341 80.0294 -100.5
80.0294 80.6381 -100.5
77.8809 81.4975 -100.5
76.0254 82.1778 -100.5
75.7325 82.2818 -100.5
73.584 83.017 -100.5
71.4356 83.6678 -100.5
69.2872 84.2916 -100.5
69.1678 84.3262 -100.5
67.1387 84.8969 -100.5
64.9903 85.3669 -100.5
62.8419 85.8163 -100.5
60.6934 86.2321 -100.5
59.1895 86.4747 -100.5
58.545 86.5786 -100.5
56.3965 86.8558 -100.5
54.2481 87.1125 -100.5
52.0997 87.3139 -100.5
49.9512 87.4482 -100.5
47.8028 87.5825 -100.5
45.6543 87.5153 -100.5
43.5059 87.4482 -100.5
41.3575 87.2468 -100.5
39.209 86.9782 -100.5
37.0606 86.6425 -100.5
36.2933 86.4747 -100.5
34.9122 86.1628 -100.5
32.7637 85.747 -100.5
30.6153 85.1925 -100.5
28.4668 84.6381 -100.5
27.2583 84.3262 -100.5
26.3184 84.0837 -100.5
24.17 83.5292 -100.5
22.0215 82.9499 -100.5
19.8731 82.3511 -100.5
19.2017 82.1778 -100.5
17.7246 81.7966 -100.5
15.5762 81.3115 -100.5
13.4278 80.7571 -100.5
11.2793 80.3315 -100.5
9.668 80.0294 -100.5
9.13089 79.9254 -100.5
6.98246 79.593 -100.5
4.83402 79.3915 -100.5
2.68558 79.371 -100.5
0.537142 79.4403 -100.5
-1.6113 79.7175 -100.5
-3.54489 80.0294 -100.5
-3.75973 80.064 -100.5
-5.90817 80.5491 -100.5
-8.05661 81.1729 -100.5
-10.205 81.7839 -100.5
-11.518 82.1778 -100.5
-12.3535 82.4204 -100.5
-14.5019 83.1134 -100.5
-16.6504 83.7371 -100.5
-18.7988 84.2916 -100.5
-18.9182 84.3262 -100.5
-20.9472 84.8969 -100.5
-23.0957 85.3669 -100.5
-25.2441 85.8163 -100.5
-27.3926 86.2321 -100.5
-29.2724 86.4747 -100.5
-29.541 86.5093 -100.5
-31.6894 86.8558 -100.5
-33.8379 87.1331 -100.5
-35.9863 87.4103 -100.5
-38.1347 87.6496 -100.5
-40.2832 87.9182 -100.5
-42.4316 88.1196 -100.5
-44.5801 88.321 -100.5
-46.7285 88.4553 -100.5
-48.8769 88.5885 -100.5
-51.0254 88.5885 -100.5
-53.1738 88.5885 -100.5
-55.3223 88.4553 -100.5
-57.4707 88.321 -100.5
-59.6191 88.1196 -100.5
-61.7676 87.851 -100.5
-63.916 87.5153 -100.5
-66.0644 87.1796 -100.5
-68.2129 86.7768 -100.5
-69.594 86.4747 -100.5
-70.3613 86.3014 -100.5
-72.5098 85.747 -100.5
-74.6582 85.1232 -100.5
-76.8066 84.3609 -100.5
-76.8962 84.3262 -100.5
-78.9551 83.5027 -100.5
-81.1035 82.5001 -100.5
-81.748 82.1778 -100.5
-83.252 81.3721 -100.5
-85.4004 80.1405 -100.5
-85.59 80.0294 -100.5
-87.5488 78.84 -100.5
-89.0408 77.8809 -100.5
-89.6973 77.4433 -100.5
-91.8457 76.001 -100.5
-92.2217 75.7325 -100.5
-93.9941 74.4195 -100.5
-95.1221 73.584 -100.5
-96.1426 72.799 -100.5
-97.8306 71.4356 -100.5
-98.291 71.0638 -100.5
-100.439 69.3285 -100.5
-100.488 69.2872 -100.5
-102.588 67.5106 -100.5
-103.008 67.1387 -100.5
-104.736 65.5489 -100.5
-105.344 64.9903 -100.5
-106.885 63.5132 -100.5
-107.556 62.8419 -100.5
-109.033 61.3648 -100.5
-109.678 60.6934 -100.5
-111.182 59.0587 -100.5
-111.654 58.545 -100.5
-113.33 56.6407 -100.5
-113.529 56.3965 -100.5
-115.2 54.2481 -100.5
-115.479 53.8721 -100.5
-116.791 52.0997 -100.5
-117.627 50.9717 -100.5
-118.356 49.9512 -100.5
-119.737 47.8028 -100.5
-119.775 47.7431 -100.5
-121.118 45.6543 -100.5
-121.924 44.3274 -100.5
-122.405 43.5059 -100.5
-123.591 41.3575 -100.5
-124.072 40.4847 -100.5
-124.753 39.209 -100.5
-125.813 37.0606 -100.5
-126.221 36.2166 -100.5
-126.81 34.9122 -100.5
-127.76 32.7637 -100.5
-128.369 31.359 -100.5
-128.691 30.6153 -100.5
-129.582 28.4668 -100.5
-130.41 26.3184 -100.5
-130.518 26.0498 -100.5
-131.245 24.17 -100.5
-132.008 22.0215 -100.5
-132.666 19.9805 -100.5
-132.701 19.8731 -100.5
-133.394 17.7246 -100.5
-134.042 15.5762 -100.5
-134.711 13.4278 -100.5
-134.814 13.0697 -100.5
-135.318 11.2793 -100.5
-135.889 9.13089 -100.5
-136.443 6.98246 -100.5
-136.963 4.9683 -100.5
-136.998 4.83402 -100.5
-137.552 2.68558 -100.5
-138.106 0.537142 -100.5
-138.608 -1.6113 -100.5
-139.111 -3.62546 -100.5
-139.145 -3.75973 -100.5
-139.615 -5.90817 -100.5
-140.018 -8.05661 -100.5
-140.421 -10.205 -100.5
-140.809 -12.3535 -100.5
-141.156 -14.5019 -100.5
-141.26 -15.3076 -100.5
-141.428 -16.6504 -100.5
-141.641 -18.7988 -100.5
-141.849 -20.9472 -100.5
-141.987 -23.0957 -100.5
-142.099 -25.2441 -100.5
-142.099 -27.3926 -100.5
-142.032 -29.541 -100.5
-141.898 -31.6894 -100.5
-141.71 -33.8379 -100.5
-141.495 -35.9863 -100.5
-141.26 -37.4902 -100.5
-141.156 -38.1347 -100.5
-140.74 -40.2832 -100.5
-140.255 -42.4316 -100.5
-139.7 -44.5801 -100.5
-139.111 -46.4062 -100.5
-139.004 -46.7285 -100.5
-138.216 -48.8769 -100.5
-137.357 -51.0254 -100.5
-136.963 -51.9343 -100.5
-136.426 -53.1738 -100.5
-135.423 -55.3223 -100.5
-134.814 -56.5397 -100.5
-134.333 -57.4707 -100.5
-133.148 -59.6191 -100.5
-132.666 -60.4919 -100.5
-131.937 -61.7676 -100.5
-130.629 -63.916 -100.5
-130.518 -64.0856 -100.5
-129.175 -66.0644 -100.5
-128.369 -67.1924 -100.5
-127.64 -68.2129 -100.5
-126.221 -70.2002 -100.5
-126.097 -70.3613 -100.5
-124.43 -72.5098 -100.5
-124.072 -72.9492 -100.5
-122.626 -74.6582 -100.5
-121.924 -75.4883 -100.5
-120.764 -76.8066 -100.5
-119.775 -77.9297 -100.5
-118.835 -78.9551 -100.5
-117.627 -80.2161 -100.5
-116.777 -81.1035 -100.5
-115.479 -82.4015 -100.5
-114.591 -83.252 -100.5
-113.33 -84.4121 -100.5
-112.256 -85.4004 -100.5
-111.182 -86.3507 -100.5
-109.766 -87.5488 -100.5
-109.033 -88.1686 -100.5
-107.141 -89.6973 -100.5
-106.885 -89.8962 -100.5
-104.736 -91.4876 -100.5
-104.253 -91.8457 -100.5
-102.588 -93.0791 -100.5
-101.215 -93.9941 -100.5
-100.439 -94.5114 -100.5
-98.291 -95.9437 -100.5
-97.9926 -96.1426 -100.5
-96.1426 -97.2909 -100.5
-94.5313 -98.291 -100.5
-93.9941 -98.6244 -100.5
-91.8457 -99.8097 -100.5
-90.7043 -100.439 -100.5
-89.6973 -100.995 -100.5
-87.5488 -102.106 -100.5
-86.5513 -102.588 -100.5
-85.4004 -103.125 -100.5
-83.252 -104.128 -100.5
-81.9475 -104.736 -100.5
-81.1035 -105.13 -100.5
-78.9551 -106.061 -100.5
-77.0545 -106.885 -100.5
-76.8066 -106.989 -100.5
-74.6582 -107.82 -100.5
-72.5098 -108.652 -100.5
-71.4355 -109.033 -100.5
-70.3613 -109.414 -100.5
-68.2129 -110.141 -100.5
-66.0644 -110.859 -100.5
-64.9902 -111.182 -100.5
-63.916 -111.494 -100.5
-61.7676 -112.155 -100.5
-59.6191 -112.741 -100.5
-57.4707 -113.295 -100.5
-57.3364 -113.33 -100.5
-55.3223 -113.834 -100.5
-53.1738 -114.304 -100.5
-51.0254 -114.706 -100.5
-48.8769 -115.097 -100.5
-46.7285 -115.375 -100.5
-46.084 -115.479 -100.5
