6.98246 -117.731 -55.5
9.13089 -117.929 -55.5
11.2793 -118.131 -55.5
13.4278 -118.285 -55.5
15.5762 -118.533 -55.5
17.7246 -118.735 -55.5
19.8731 -118.896 -55.5
22.0215 -119.027 -55.5
24.17 -119.112 -55.5
26.3184 -119.175 -55.5
28.4668 -119.222 -55.5
30.6153 -119.238 -55.5
32.7637 -119.222 -55.5
34.9122 -119.157 -55.5
37.0606 -119.092 -55.5
39.209 -118.962 -55.5
41.3575 -118.802 -55.5
43.5059 -118.6 -55.5
45.6543 -118.355 -55.5
47.8028 -118.131 -55.5
49.9512 -117.87 -55.5
51.8311 -117.627 -55.5
52.0997 -117.592 -55.5
54.2481 -117.315 -55.5
56.3965 -116.969 -55.5
58.545 -116.586 -55.5
60.6934 -116.183 -55.5
62.8419 -115.781 -55.5
64.4532 -115.479 -55.5
64.9903 -115.375 -55.5
67.1387 -114.908 -55.5
69.2872 -114.404 -55.5
71.4356 -113.901 -55.5
73.584 -113.364 -55.5
73.7034 -113.33 -55.5
75.7325 -112.759 -55.5
77.8809 -112.117 -55.5
80.0294 -111.424 -55.5
80.713 -111.182 -55.5
82.1778 -110.662 -55.5
84.3262 -109.9 -55.5
86.392 -109.033 -55.5
86.4747 -108.997 -55.5
88.6231 -108.066 -55.5
90.7715 -107.07 -55.5
91.1552 -106.885 -55.5
92.92 -106.061 -55.5
95.0684 -104.996 -55.5
95.5384 -104.736 -55.5
97.2169 -103.81 -55.5
99.3653 -102.625 -55.5
99.4285 -102.588 -55.5
101.514 -101.366 -55.5
103.006 -100.439 -55.5
103.662 -100.002 -55.5
105.811 -98.5596 -55.5
106.187 -98.291 -55.5
107.959 -96.9781 -55.5
109.033 -96.1426 -55.5
110.107 -95.3071 -55.5
111.88 -93.9941 -55.5
112.256 -93.7049 -55.5
114.404 -91.9651 -55.5
114.558 -91.8457 -55.5
116.553 -90.2344 -55.5
117.16 -89.6973 -55.5
118.701 -88.3338 -55.5
119.552 -87.5488 -55.5
120.85 -86.2508 -55.5
121.7 -85.4004 -55.5
122.998 -84.0459 -55.5
123.729 -83.252 -55.5
125.147 -81.6406 -55.5
125.601 -81.1035 -55.5
127.295 -79.0062 -55.5
127.335 -78.9551 -55.5
128.868 -76.8066 -55.5
129.443 -75.9586 -55.5
130.326 -74.6582 -55.5
131.592 -72.6888 -55.5
131.703 -72.5098 -55.5
132.917 -70.3613 -55.5
133.74 -68.8171 -55.5
134.063 -68.2129 -55.5
135.065 -66.0644 -55.5
135.889 -64.2997 -55.5
136.062 -63.916 -55.5
136.927 -61.7676 -55.5
137.725 -59.6191 -55.5
138.037 -58.8135 -55.5
138.557 -57.4707 -55.5
139.25 -55.3223 -55.5
140.007 -53.1738 -55.5
140.186 -52.577 -55.5
140.636 -51.0254 -55.5
141.26 -48.8769 -55.5
141.869 -46.7285 -55.5
142.334 -44.7335 -55.5
142.369 -44.5801 -55.5
142.838 -42.4316 -55.5
143.24 -40.2832 -55.5
143.538 -38.1347 -55.5
143.799 -35.9863 -55.5
143.945 -33.8379 -55.5
144.059 -31.6894 -55.5
144.124 -29.541 -55.5
144.124 -27.3926 -55.5
144.124 -25.2441 -55.5
144.059 -23.0957 -55.5
143.945 -20.9472 -55.5
143.799 -18.7988 -55.5
143.643 -16.6504 -55.5
143.442 -14.5019 -55.5
143.173 -12.3535 -55.5
142.905 -10.205 -55.5
142.646 -8.05661 -55.5
142.368 -5.90817 -55.5
142.334 -5.69333 -55.5
142.022 -3.75973 -55.5
141.676 -1.6113 -55.5
141.26 0.537142 -55.5
140.823 2.68558 -55.5
140.353 4.83402 -55.5
140.186 5.50541 -55.5
139.816 6.98246 -55.5
139.279 9.13089 -55.5
138.675 11.2793 -55.5
138.071 13.4278 -55.5
138.037 13.5352 -55.5
137.379 15.5762 -55.5
136.661 17.7246 -55.5
135.923 19.8731 -55.5
135.889 19.9805 -55.5
135.23 22.0215 -55.5
134.468 24.17 -55.5
133.74 26.0498 -55.5
133.636 26.3184 -55.5
132.874 28.4668 -55.5
132.042 30.6153 -55.5
131.592 31.779 -55.5
131.198 32.7637 -55.5
130.31 34.9122 -55.5
129.443 36.978 -55.5
129.409 37.0606 -55.5
128.508 39.209 -55.5
127.538 41.3575 -55.5
127.295 41.8946 -55.5
126.517 43.5059 -55.5
125.469 45.6543 -55.5
125.147 46.2586 -55.5
124.295 47.8028 -55.5
123.109 49.9512 -55.5
122.998 50.1526 -55.5
121.924 52.0997 -55.5
120.85 53.9322 -55.5
120.658 54.2481 -55.5
119.331 56.3965 -55.5
118.701 57.4111 -55.5
117.945 58.545 -55.5
116.553 60.6337 -55.5
116.513 60.6934 -55.5
115.001 62.8419 -55.5
114.404 63.6475 -55.5
113.41 64.9903 -55.5
112.256 66.4737 -55.5
111.739 67.1387 -55.5
110.107 69.1407 -55.5
109.979 69.2872 -55.5
108.002 71.4356 -55.5
107.959 71.4804 -55.5
105.855 73.584 -55.5
105.811 73.627 -55.5
103.662 75.5259 -55.5
103.406 75.7325 -55.5
101.514 77.2612 -55.5
100.666 77.8809 -55.5
99.3653 78.7633 -55.5
97.2801 80.0294 -55.5
97.2169 80.0677 -55.5
95.0684 81.3258 -55.5
93.4213 82.1778 -55.5
92.92 82.4284 -55.5
90.7715 83.3594 -55.5
88.6231 84.2904 -55.5
88.5336 84.3262 -55.5
86.4747 85.1498 -55.5
84.3262 85.9549 -55.5
82.8614 86.4747 -55.5
82.1778 86.7172 -55.5
80.0294 87.4103 -55.5
77.8809 88.034 -55.5
75.8518 88.6231 -55.5
75.7325 88.6578 -55.5
73.584 89.2609 -55.5
71.4356 89.798 -55.5
69.2872 90.268 -55.5
67.1387 90.7369 -55.5
66.9597 90.7715 -55.5
64.9903 91.1527 -55.5
62.8419 91.5685 -55.5
60.6934 91.9465 -55.5
58.545 92.2822 -55.5
56.3965 92.6081 -55.5
54.2481 92.816 -55.5
53.1739 92.92 -55.5
52.0997 93.0239 -55.5
49.9512 93.099 -55.5
47.8028 93.1626 -55.5
45.6543 93.1626 -55.5
43.5059 93.0932 -55.5
41.3575 93.0239 -55.5
40.2832 92.92 -55.5
39.209 92.816 -55.5
37.0606 92.5507 -55.5
34.9122 92.2616 -55.5
32.7637 91.8793 -55.5
30.6153 91.4765 -55.5
28.4668 91.0141 -55.5
26.9629 90.7715 -55.5
26.3184 90.6676 -55.5
24.17 90.2518 -55.5
22.0215 89.8359 -55.5
19.8731 89.4201 -55.5
17.7246 89.0595 -55.5
15.5762 88.7271 -55.5
14.9317 88.6231 -55.5
13.4278 88.3805 -55.5
11.2793 88.034 -55.5
9.13089 87.7568 -55.5
6.98246 87.4796 -55.5
4.83402 87.2717 -55.5
2.68558 87.2024 -55.5
0.537142 87.2024 -55.5
-1.6113 87.3139 -55.5
-3.75973 87.5153 -55.5
-5.90817 87.7839 -55.5
-8.05661 88.1033 -55.5
-10.205 88.4498 -55.5
-11.2793 88.6231 -55.5
-12.3535 88.7964 -55.5
-14.5019 89.1938 -55.5
-16.6504 89.628 -55.5
-18.7988 90.0666 -55.5
-20.9472 90.529 -55.5
-22.2005 90.7715 -55.5
-23.0957 90.9448 -55.5
-25.2441 91.4299 -55.5
-27.3926 91.8793 -55.5
-29.541 92.2822 -55.5
-31.6894 92.6774 -55.5
-33.5693 92.92 -55.5
-33.8379 92.9546 -55.5
-35.9863 93.2221 -55.5
-38.1347 93.4398 -55.5
-40.2832 93.6249 -55.5
-42.4316 93.7592 -55.5
-44.5801 93.8556 -55.5
-46.7285 93.8935 -55.5
-48.8769 93.8935 -55.5
-51.0254 93.8556 -55.5
-53.1738 93.7592 -55.5
-55.3223 93.6249 -55.5
-57.4707 93.4907 -55.5
-59.6191 93.3012 -55.5
-61.7676 93.0932 -55.5
-63.5579 92.92 -55.5
-63.916 92.8853 -55.5
-66.0644 92.6081 -55.5
-68.2129 92.2822 -55.5
-70.3613 91.8793 -55.5
-72.5098 91.4299 -55.5
-74.6582 90.9394 -55.5
-75.3296 90.7715 -55.5
-76.8066 90.3777 -55.5
-78.9551 89.6973 -55.5
-81.1035 88.9454 -55.5
-81.9824 88.6231 -55.5
-83.252 88.1576 -55.5
-85.4004 87.1785 -55.5
-86.8583 86.4747 -55.5
-87.5488 86.1413 -55.5
-89.6973 84.9559 -55.5
-90.7118 84.3262 -55.5
-91.8457 83.5973 -55.5
-93.9941 82.2162 -55.5
-94.0479 82.1778 -55.5
-96.1426 80.6261 -55.5
-96.9099 80.0294 -55.5
-98.291 78.9551 -55.5
-99.6094 77.8809 -55.5
-100.439 77.1504 -55.5
-102.051 75.7325 -55.5
-102.588 75.2598 -55.5
-104.334 73.584 -55.5
-104.736 73.1812 -55.5
-106.482 71.4356 -55.5
-106.885 71.0328 -55.5
-108.561 69.2872 -55.5
-109.033 68.7948 -55.5
-110.623 67.1387 -55.5
-111.182 66.5316 -55.5
-112.545 64.9903 -55.5
-113.33 64.0626 -55.5
-114.363 62.8419 -55.5
-115.479 61.5235 -55.5
-116.181 60.6934 -55.5
-117.627 58.8135 -55.5
-117.819 58.545 -55.5
-119.277 56.3965 -55.5
-119.775 55.6615 -55.5
-120.701 54.2481 -55.5
-121.924 52.2787 -55.5
-122.035 52.0997 -55.5
-123.22 49.9512 -55.5
-124.072 48.3041 -55.5
-124.332 47.8028 -55.5
-125.443 45.6543 -55.5
-126.221 44.043 -55.5
-126.48 43.5059 -55.5
-127.474 41.3575 -55.5
-128.369 39.2917 -55.5
-128.405 39.209 -55.5
-129.264 37.0606 -55.5
-130.124 34.9122 -55.5
-130.518 33.9275 -55.5
-130.954 32.7637 -55.5
-131.693 30.6153 -55.5
-132.493 28.4668 -55.5
-132.666 27.9786 -55.5
-133.237 26.3184 -55.5
-133.948 24.17 -55.5
-134.647 22.0215 -55.5
-134.814 21.4844 -55.5
-135.318 19.8731 -55.5
-135.989 17.7246 -55.5
-136.582 15.5762 -55.5
-136.963 14.2633 -55.5
-137.198 13.4278 -55.5
-137.802 11.2793 -55.5
-138.339 9.13089 -55.5
-138.869 6.98246 -55.5
-139.111 6.04251 -55.5
-139.423 4.83402 -55.5
-139.908 2.68558 -55.5
-140.421 0.537142 -55.5
-140.879 -1.6113 -55.5
-141.26 -3.29936 -55.5
-141.364 -3.75973 -55.5
-141.83 -5.90817 -55.5
-142.265 -8.05661 -55.5
-142.636 -10.205 -55.5
-143.027 -12.3535 -55.5
-143.304 -14.5019 -55.5
-143.408 -15.3076 -55.5
-143.581 -16.6504 -55.5
-143.845 -18.7988 -55.5
-144.113 -20.9472 -55.5
-144.247 -23.0957 -55.5
-144.417 -25.2441 -55.5
-144.482 -27.3926 -55.5
-144.516 -29.541 -55.5
-144.449 -31.6894 -55.5
-144.315 -33.8379 -55.5
-144.18 -35.9863 -55.5
-143.928 -38.1347 -55.5
-143.651 -40.2832 -55.5
-143.408 -42.1631 -55.5
-143.374 -42.4316 -55.5
-142.972 -44.5801 -55.5
-142.542 -46.7285 -55.5
-141.987 -48.8769 -55.5
-141.364 -51.0254 -55.5
-141.26 -51.3476 -55.5
-140.671 -53.1738 -55.5
-139.908 -55.3223 -55.5
-139.111 -57.3812 -55.5
-139.076 -57.4707 -55.5
-138.216 -59.6191 -55.5
-137.285 -61.7676 -55.5
-136.963 -62.4581 -55.5
-136.283 -63.916 -55.5
-135.208 -66.0644 -55.5
-134.814 -66.7595 -55.5
-133.963 -68.2129 -55.5
-132.704 -70.3613 -55.5
-132.666 -70.4245 -55.5
-131.4 -72.5098 -55.5
-130.518 -73.8101 -55.5
-129.921 -74.6582 -55.5
-128.409 -76.8066 -55.5
-128.369 -76.8578 -55.5
-126.675 -78.9551 -55.5
-126.221 -79.5178 -55.5
-124.889 -81.1035 -55.5
-124.072 -81.9909 -55.5
-122.864 -83.252 -55.5
-121.924 -84.2328 -55.5
-120.756 -85.4004 -55.5
-119.775 -86.3403 -55.5
-118.514 -87.5488 -55.5
-117.627 -88.3652 -55.5
-116.041 -89.6973 -55.5
-115.479 -90.1517 -55.5
-113.381 -91.8457 -55.5
-113.33 -91.8855 -55.5
-111.182 -93.4769 -55.5
-110.447 -93.9941 -55.5
-109.033 -94.9888 -55.5
-107.394 -96.1426 -55.5
-106.885 -96.4879 -55.5
-104.736 -97.7923 -55.5
-103.961 -98.291 -55.5
-102.588 -99.1734 -55.5
-100.439 -100.402 -55.5
-100.372 -100.439 -55.5
-98.291 -101.588 -55.5
-96.4783 -102.588 -55.5
-96.1426 -102.767 -55.5
-93.9941 -103.81 -55.5
-92.0759 -104.736 -55.5
-91.8457 -104.84 -55.5
-89.6973 -105.775 -55.5
-87.5488 -106.634 -55.5
-86.9222 -106.885 -55.5
-85.4004 -107.474 -55.5
-83.252 -108.236 -55.5
-81.1035 -108.999 -55.5
-80.9961 -109.033 -55.5
-78.9551 -109.692 -55.5
-76.8066 -110.385 -55.5
-74.6582 -111.008 -55.5
-74.0614 -111.182 -55.5
-72.5098 -111.618 -55.5
-70.3613 -112.117 -55.5
-68.2129 -112.625 -55.5
-66.0644 -113.157 -55.5
-65.1693 -113.33 -55.5
-63.916 -113.565 -55.5
-61.7676 -114.035 -55.5
-59.6191 -114.438 -55.5
-57.4707 -114.774 -55.5
-55.3223 -115.097 -55.5
-53.1738 -115.375 -55.5
-52.0996 -115.479 -55.5
-51.0254 -115.582 -55.5
-48.8769 -115.86 -55.5
-46.7285 -116.068 -55.5
-44.5801 -116.318 -55.5
-42.4316 -116.553 -55.5
-40.2832 -116.748 -55.5
-38.1347 -116.878 -55.5
-35.9863 -117.008 -55.5
-33.8379 -117.074 -55.5
-31.6894 -117.09 -55.5
-29.541 -117.09 -55.5
-27.3926 -117.139 -55.5
-25.2441 -117.139 -55.5
-23.0957 -117.09 -55.5
-20.9472 -117.09 -55.5
-18.7988 -117.074 -55.5
-16.6504 -117.027 -55.5
-14.5019 -117.008 -55.5
-12.3535 -117.008 -55.5
-10.205 -116.963 -55.5
-8.05661 -116.963 -55.5
-5.90817 -117.008 -55.5
-3.75973 -117.074 -55.5
-1.6113 -117.139 -55.5
0.537142 -117.269 -55.5
2.68558 -117.392 -55.5
4.83402 -117.592 -55.5
5.37113 -117.627 -55.5
