4.83402 -119.81 -3
6.98246 -119.949 -3
9.13089 -120.157 -3
11.2793 -120.364 -3
13.4278 -120.572 -3
15.5762 -120.816 -3
17.7246 -121.017 -3
19.8731 -121.219 -3
22.0215 -121.353 -3
24.17 -121.487 -3
26.3184 -121.501 -3
28.4668 -121.487 -3
30.6153 -121.42 -3
32.7637 -121.286 -3
34.9122 -121.085 -3
37.0606 -120.816 -3
39.209 -120.547 -3
41.3575 -120.226 -3
43.5059 -119.879 -3
44.043 -119.775 -3
45.6543 -119.464 -3
47.8028 -119.023 -3
49.9512 -118.563 -3
52.0997 -118.008 -3
53.7877 -117.627 -3
54.2481 -117.52 -3
56.3965 -116.899 -3
58.545 -116.345 -3
60.6934 -115.721 -3
61.6334 -115.479 -3
62.8419 -115.156 -3
64.9903 -114.543 -3
67.1387 -113.919 -3
69.1678 -113.33 -3
69.2872 -113.294 -3
71.4356 -112.602 -3
73.584 -111.979 -3
75.7325 -111.286 -3
76.0547 -111.182 -3
77.8809 -110.573 -3
80.0294 -109.83 -3
82.1778 -109.068 -3
82.2673 -109.033 -3
84.3262 -108.21 -3
86.4747 -107.405 -3
87.7142 -106.885 -3
88.6231 -106.491 -3
90.7715 -105.56 -3
92.5363 -104.736 -3
92.92 -104.557 -3
95.0684 -103.483 -3
96.7469 -102.588 -3
97.2169 -102.329 -3
99.3653 -101.092 -3
100.44 -100.439 -3
101.514 -99.7873 -3
103.662 -98.3294 -3
103.716 -98.291 -3
105.811 -96.7948 -3
106.68 -96.1426 -3
107.959 -95.1479 -3
109.375 -93.9941 -3
110.107 -93.3744 -3
111.836 -91.8457 -3
112.256 -91.459 -3
114.171 -89.6973 -3
114.404 -89.4824 -3
116.419 -87.5488 -3
116.553 -87.4087 -3
118.477 -85.4004 -3
118.701 -85.1562 -3
120.377 -83.252 -3
120.85 -82.7148 -3
122.213 -81.1035 -3
122.998 -80.1316 -3
123.913 -78.9551 -3
125.147 -77.29 -3
125.492 -76.8066 -3
126.937 -74.6582 -3
127.295 -74.0895 -3
128.254 -72.5098 -3
129.443 -70.4285 -3
129.48 -70.3613 -3
130.625 -68.2129 -3
131.592 -66.2793 -3
131.699 -66.0644 -3
132.702 -63.916 -3
133.633 -61.7676 -3
133.74 -61.5197 -3
134.537 -59.6191 -3
135.352 -57.4707 -3
135.889 -55.8594 -3
136.062 -55.3223 -3
136.755 -53.1738 -3
137.379 -51.0254 -3
138.001 -48.8769 -3
138.037 -48.7235 -3
138.474 -46.7285 -3
138.903 -44.5801 -3
139.279 -42.4316 -3
139.615 -40.2832 -3
139.884 -38.1347 -3
140.082 -35.9863 -3
140.186 -34.9121 -3
140.29 -33.8379 -3
140.428 -31.6894 -3
140.508 -29.541 -3
140.58 -27.3926 -3
140.651 -25.2441 -3
140.651 -23.0957 -3
140.636 -20.9472 -3
140.58 -18.7988 -3
140.508 -16.6504 -3
140.436 -14.5019 -3
140.436 -12.3535 -3
140.365 -10.205 -3
140.365 -8.05661 -3
140.359 -5.90817 -3
140.359 -3.75973 -3
140.29 -1.6113 -3
140.22 0.537142 -3
140.186 1.07425 -3
140.082 2.68558 -3
139.943 4.83402 -3
139.682 6.98246 -3
139.481 9.13089 -3
139.212 11.2793 -3
138.944 13.4278 -3
138.626 15.5762 -3
138.349 17.7246 -3
138.072 19.8731 -3
138.037 20.1416 -3
137.795 22.0215 -3
137.467 24.17 -3
137.131 26.3184 -3
136.728 28.4668 -3
136.325 30.6153 -3
135.922 32.7637 -3
135.889 32.9172 -3
135.438 34.9122 -3
134.915 37.0606 -3
134.378 39.209 -3
133.775 41.3575 -3
133.74 41.4768 -3
133.17 43.5059 -3
132.565 45.6543 -3
131.904 47.8028 -3
131.592 48.7696 -3
131.198 49.9512 -3
130.448 52.0997 -3
129.694 54.2481 -3
129.443 54.8747 -3
128.854 56.3965 -3
128.047 58.545 -3
127.295 60.2803 -3
127.116 60.6934 -3
126.185 62.8419 -3
125.182 64.9903 -3
125.147 65.0619 -3
124.072 67.1387 -3
122.998 69.0857 -3
122.883 69.2872 -3
121.502 71.4356 -3
120.85 72.3967 -3
120.014 73.584 -3
118.701 75.2721 -3
118.329 75.7325 -3
116.553 77.8321 -3
116.508 77.8809 -3
114.404 79.9005 -3
114.264 80.0294 -3
112.256 81.7402 -3
111.665 82.1778 -3
110.107 83.2904 -3
108.496 84.3262 -3
107.959 84.6596 -3
105.811 85.845 -3
104.506 86.4747 -3
103.662 86.8686 -3
101.514 87.7995 -3
99.4548 88.6231 -3
99.3653 88.6578 -3
97.2169 89.3508 -3
95.0684 90.0439 -3
92.92 90.6676 -3
92.5619 90.7715 -3
90.7715 91.2751 -3
88.6231 91.8122 -3
86.4747 92.2822 -3
84.3262 92.7521 -3
83.5589 92.92 -3
82.1778 93.2221 -3
80.0294 93.5578 -3
77.8809 93.8935 -3
75.7325 94.2292 -3
73.584 94.4977 -3
71.4356 94.7663 -3
69.2872 95.0338 -3
68.9291 95.0684 -3
67.1387 95.2417 -3
64.9903 95.5189 -3
62.8419 95.7734 -3
60.6934 96.0419 -3
58.545 96.3105 -3
56.3965 96.579 -3
54.2481 96.7937 -3
52.0997 96.989 -3
49.9512 97.1192 -3
48.3399 97.2169 -3
47.8028 97.2494 -3
45.6543 97.3796 -3
43.5059 97.3796 -3
41.3575 97.3796 -3
39.209 97.3145 -3
37.5977 97.2169 -3
37.0606 97.1833 -3
34.9122 96.9239 -3
32.7637 96.7133 -3
30.6153 96.4448 -3
28.4668 96.1762 -3
26.3184 95.8654 -3
24.17 95.5882 -3
22.0215 95.311 -3
19.8731 95.102 -3
19.6045 95.0684 -3
17.7246 94.8334 -3
15.5762 94.632 -3
13.4278 94.3635 -3
11.2793 94.0278 -3
9.13089 93.7592 -3
6.98246 93.5091 -3
4.83402 93.2423 -3
2.68558 93.0932 -3
0.537142 92.9558 -3
-0.537078 92.92 -3
-1.6113 92.8842 -3
-2.68552 92.92 -3
-3.75973 92.9558 -3
-5.90817 93.099 -3
-8.05661 93.3139 -3
-10.205 93.6477 -3
-12.3535 93.9606 -3
-14.5019 94.2963 -3
-16.6504 94.6873 -3
-18.7988 95.0338 -3
-19.0136 95.0684 -3
-20.9472 95.3803 -3
-23.0957 95.7268 -3
-25.2441 96.0733 -3
-27.3926 96.4199 -3
-29.541 96.7664 -3
-31.6894 97.0436 -3
-33.4798 97.2169 -3
-33.8379 97.2515 -3
-35.9863 97.4594 -3
-38.1347 97.6673 -3
-40.2832 97.8753 -3
-42.4316 98.0561 -3
-44.5801 98.1904 -3
-46.7285 98.2575 -3
-48.8769 98.2575 -3
-51.0254 98.1904 -3
-53.1738 98.0832 -3
-55.3223 97.9446 -3
-57.4707 97.7875 -3
-59.6191 97.598 -3
-61.7676 97.3901 -3
-63.5579 97.2169 -3
-63.916 97.1822 -3
-66.0644 96.905 -3
-68.2129 96.6278 -3
-70.3613 96.2434 -3
-72.5098 95.9077 -3
-74.6582 95.572 -3
-76.8066 95.2363 -3
-77.7018 95.0684 -3
-78.9551 94.8259 -3
-81.1035 94.4793 -3
-83.252 94.0635 -3
-85.4004 93.6249 -3
-87.5488 93.0932 -3
-88.3161 92.92 -3
-89.6973 92.6081 -3
-91.8457 92.0537 -3
-93.9941 91.4299 -3
-96.1426 90.8051 -3
-96.25 90.7715 -3
-98.291 90.0912 -3
-100.439 89.2815 -3
-102.14 88.6231 -3
-102.588 88.4379 -3
-104.736 87.3699 -3
-106.415 86.4747 -3
-106.885 86.2061 -3
-109.033 84.825 -3
-109.731 84.3262 -3
-111.182 83.2107 -3
-112.402 82.1778 -3
-113.33 81.3274 -3
-114.685 80.0294 -3
-115.479 79.2354 -3
-116.725 77.8809 -3
-117.627 76.8067 -3
-118.462 75.7325 -3
-119.775 73.8667 -3
-119.967 73.584 -3
-121.348 71.4356 -3
-121.924 70.4285 -3
-122.533 69.2872 -3
-123.607 67.1387 -3
-124.072 66.1412 -3
-124.609 64.9903 -3
-125.54 62.8419 -3
-126.221 60.9864 -3
-126.328 60.6934 -3
-127.156 58.545 -3
-127.849 56.3965 -3
-128.369 54.7852 -3
-128.542 54.2481 -3
-129.235 52.0997 -3
-129.859 49.9512 -3
-130.482 47.8028 -3
-130.518 47.6685 -3
-131.021 45.6543 -3
-131.558 43.5059 -3
-132.077 41.3575 -3
-132.562 39.209 -3
-132.666 38.7487 -3
-133.035 37.0606 -3
-133.505 34.9122 -3
-133.975 32.7637 -3
-134.433 30.6153 -3
-134.814 28.9272 -3
-134.915 28.4668 -3
-135.318 26.3184 -3
-135.721 24.17 -3
-136.097 22.0215 -3
-136.497 19.8731 -3
-136.852 17.7246 -3
-136.963 17.1875 -3
-137.285 15.5762 -3
-137.715 13.4278 -3
-138.145 11.2793 -3
-138.63 9.13089 -3
-139.074 6.98246 -3
-139.111 6.80342 -3
-139.493 4.83402 -3
-139.839 2.68558 -3
-140.255 0.537142 -3
-140.601 -1.6113 -3
-140.948 -3.75973 -3
-141.224 -5.90817 -3
-141.26 -6.17673 -3
-141.51 -8.05661 -3
-141.725 -10.205 -3
-142.012 -12.3535 -3
-142.26 -14.5019 -3
-142.482 -16.6504 -3
-142.779 -18.7988 -3
-142.927 -20.9472 -3
-143.063 -23.0957 -3
-143.001 -25.2441 -3
-142.909 -27.3926 -3
-142.756 -29.541 -3
-142.556 -31.6894 -3
-142.37 -33.8379 -3
-142.195 -35.9863 -3
-142.012 -38.1347 -3
-141.78 -40.2832 -3
-141.502 -42.4316 -3
-141.26 -43.9355 -3
-141.152 -44.5801 -3
-140.671 -46.7285 -3
-140.186 -48.8769 -3
-139.631 -51.0254 -3
-139.111 -52.8157 -3
-139.004 -53.1738 -3
-138.314 -55.3223 -3
-137.552 -57.4707 -3
-136.963 -59.1308 -3
-136.784 -59.6191 -3
-135.889 -61.7676 -3
-134.988 -63.916 -3
-134.814 -64.2997 -3
-133.991 -66.0644 -3
-132.978 -68.2129 -3
-132.666 -68.7816 -3
-131.74 -70.3613 -3
-130.518 -72.4466 -3
-130.479 -72.5098 -3
-129.175 -74.6582 -3
-128.369 -75.9115 -3
-127.772 -76.8066 -3
-126.261 -78.9551 -3
-126.221 -79.0088 -3
-124.609 -81.1035 -3
-124.072 -81.7685 -3
-122.826 -83.252 -3
-121.924 -84.2773 -3
-120.936 -85.4004 -3
-119.775 -86.6614 -3
-118.925 -87.5488 -3
-117.627 -88.8468 -3
-116.74 -89.6973 -3
-115.479 -90.9058 -3
-114.453 -91.8457 -3
-113.33 -92.834 -3
-111.949 -93.9941 -3
-111.182 -94.6139 -3
-109.194 -96.1426 -3
-109.033 -96.2619 -3
-106.885 -97.6942 -3
-105.99 -98.291 -3
-104.736 -99.1265 -3
-102.651 -100.439 -3
-102.588 -100.478 -3
-100.439 -101.752 -3
-99.0295 -102.588 -3
-98.291 -103.01 -3
-96.1426 -104.161 -3
-95.0684 -104.736 -3
-93.9941 -105.292 -3
-91.8457 -106.329 -3
-90.6948 -106.885 -3
-89.6973 -107.35 -3
-87.5488 -108.281 -3
-85.6689 -109.033 -3
-85.4004 -109.141 -3
-83.252 -110 -3
-81.1035 -110.7 -3
-79.707 -111.182 -3
-78.9551 -111.424 -3
-76.8066 -112.005 -3
-74.6582 -112.626 -3
-72.5098 -113.138 -3
-71.8384 -113.33 -3
-70.3613 -113.724 -3
-68.2129 -114.212 -3
-66.0644 -114.75 -3
-63.916 -115.21 -3
-62.6628 -115.479 -3
-61.7676 -115.664 -3
-59.6191 -116.108 -3
-57.4707 -116.517 -3
-55.3223 -116.849 -3
-53.1738 -117.145 -3
-51.0254 -117.435 -3
-49.6826 -117.627 -3
-48.8769 -117.734 -3
-46.7285 -117.949 -3
-44.5801 -118.164 -3
-42.4316 -118.355 -3
-40.2832 -118.563 -3
-38.1347 -118.701 -3
-35.9863 -118.84 -3
-33.8379 -118.909 -3
-31.6894 -118.978 -3
-29.541 -118.978 -3
-27.3926 -118.978 -3
-25.2441 -118.978 -3
-23.0957 -118.978 -3
-20.9472 -118.978 -3
-18.7988 -118.909 -3
-16.6504 -118.909 -3
-14.5019 -118.909 -3
-12.3535 -118.936 -3
-10.205 -119.003 -3
-8.05661 -119.07 -3
-5.90817 -119.205 -3
-3.75973 -119.272 -3
-1.6113 -119.406 -3
0.537142 -119.533 -3
2.68558 -119.671 -3
4.29691 -119.775 -3
