2.68558 -119.81 7
4.83402 -119.879 7
6.98246 -120.018 7
9.13089 -120.157 7
11.2793 -120.295 7
13.4278 -120.503 7
15.5762 -120.682 7
17.7246 -120.816 7
19.8731 -120.95 7
22.0215 -121.045 7
24.17 -121.045 7
26.3184 -121.017 7
28.4668 -120.915 7
30.6153 -120.749 7
32.7637 -120.547 7
34.9122 -120.279 7
37.0606 -119.949 7
38.1348 -119.775 7
39.209 -119.608 7
41.3575 -119.256 7
43.5059 -118.84 7
45.6543 -118.399 7
47.8028 -117.939 7
49.1839 -117.627 7
49.9512 -117.454 7
52.0997 -116.969 7
54.2481 -116.452 7
56.3965 -115.915 7
58.1421 -115.479 7
58.545 -115.371 7
60.6934 -114.774 7
62.8419 -114.196 7
64.9903 -113.632 7
66.0645 -113.33 7
67.1387 -113.018 7
69.2872 -112.394 7
71.4356 -111.771 7
73.4647 -111.182 7
73.584 -111.147 7
75.7325 -110.454 7
77.8809 -109.83 7
80.0294 -109.069 7
80.1368 -109.033 7
82.1778 -108.353 7
84.3262 -107.543 7
86.0271 -106.885 7
86.4747 -106.706 7
88.6231 -105.811 7
90.7715 -104.844 7
91.0017 -104.736 7
92.92 -103.841 7
95.0684 -102.699 7
95.2698 -102.588 7
97.2169 -101.514 7
99.0494 -100.439 7
99.3653 -100.248 7
101.514 -98.9207 7
102.475 -98.291 7
103.662 -97.4854 7
105.542 -96.1426 7
105.811 -95.9437 7
107.959 -94.3522 7
108.399 -93.9941 7
110.107 -92.5481 7
110.901 -91.8457 7
112.256 -90.5996 7
113.237 -89.6973 7
114.404 -88.5783 7
115.434 -87.5488 7
116.553 -86.3812 7
117.455 -85.4004 7
118.701 -84.0459 7
119.432 -83.252 7
120.85 -81.5639 7
121.222 -81.1035 7
122.957 -78.9551 7
122.998 -78.9014 7
124.494 -76.8066 7
125.147 -75.8455 7
125.952 -74.6582 7
127.295 -72.5694 7
127.332 -72.5098 7
128.591 -70.3613 7
129.443 -68.8171 7
129.777 -68.2129 7
130.84 -66.0644 7
131.592 -64.5605 7
131.914 -63.916 7
132.845 -61.7676 7
133.705 -59.6191 7
133.74 -59.5296 7
134.537 -57.4707 7
135.3 -55.3223 7
135.889 -53.4961 7
135.993 -53.1738 7
136.616 -51.0254 7
137.198 -48.8769 7
137.725 -46.7285 7
138.037 -45.3474 7
138.205 -44.5801 7
138.675 -42.4316 7
139.078 -40.2832 7
139.414 -38.1347 7
139.682 -35.9863 7
139.884 -33.8379 7
140.018 -31.6894 7
140.151 -29.541 7
140.186 -28.4668 7
140.22 -27.3926 7
140.221 -25.2441 7
140.221 -23.0957 7
140.221 -20.9472 7
140.221 -18.7988 7
140.186 -17.7246 7
140.15 -16.6504 7
140.149 -14.5019 7
140.078 -12.3535 7
140.078 -10.205 7
140.078 -8.05661 7
140.078 -5.90817 7
140.082 -3.75973 7
140.082 -1.6113 7
140.018 0.537142 7
139.958 2.68558 7
139.893 4.83402 7
139.762 6.98246 7
139.632 9.13089 7
139.481 11.2793 7
139.279 13.4278 7
139.078 15.5762 7
138.876 17.7246 7
138.626 19.8731 7
138.406 22.0215 7
138.205 24.17 7
138.037 25.5127 7
137.933 26.3184 7
137.656 28.4668 7
137.332 30.6153 7
136.997 32.7637 7
136.594 34.9122 7
136.191 37.0606 7
135.889 38.4417 7
135.715 39.209 7
135.251 41.3575 7
134.745 43.5059 7
134.244 45.6543 7
133.74 47.4447 7
133.636 47.8028 7
133.082 49.9512 7
132.458 52.0997 7
131.765 54.2481 7
131.592 54.7852 7
131.072 56.3965 7
130.31 58.545 7
129.479 60.6934 7
129.443 60.7829 7
128.62 62.8419 7
127.617 64.9903 7
127.295 65.6348 7
126.517 67.1387 7
125.338 69.2872 7
125.147 69.6031 7
124.034 71.4356 7
122.998 72.9621 7
122.56 73.584 7
120.891 75.7325 7
120.85 75.7813 7
119.002 77.8809 7
118.701 78.1942 7
116.786 80.0294 7
116.553 80.2359 7
114.404 81.9712 7
114.122 82.1778 7
112.256 83.4438 7
110.803 84.3262 7
110.107 84.7337 7
107.959 85.919 7
106.808 86.4747 7
105.811 86.9402 7
103.662 87.8712 7
101.782 88.6231 7
101.514 88.7271 7
99.3653 89.4201 7
97.2169 90.1132 7
95.0684 90.6676 7
94.6656 90.7715 7
92.92 91.222 7
90.7715 91.7451 7
88.6231 92.1479 7
86.4747 92.5388 7
84.3262 92.8853 7
84.1114 92.92 7
82.1778 93.2319 7
80.0294 93.5578 7
77.8809 93.8556 7
75.7325 94.2021 7
73.584 94.4793 7
71.4356 94.7566 7
69.2872 94.9645 7
68.4815 95.0684 7
67.1387 95.2417 7
64.9903 95.5189 7
62.8419 95.7961 7
60.6934 96.0733 7
58.545 96.338 7
56.3965 96.579 7
54.2481 96.7286 7
52.0997 96.9147 7
49.9512 96.989 7
47.8028 97.1162 7
45.6543 97.1162 7
43.5059 97.1162 7
41.3575 97.0541 7
39.209 96.989 7
37.0606 96.8588 7
34.9122 96.7805 7
32.7637 96.6462 7
30.6153 96.5119 7
28.4668 96.3105 7
26.3184 96.1068 7
24.17 95.8654 7
22.0215 95.6055 7
19.8731 95.3191 7
17.7246 95.1031 7
17.4561 95.0684 7
15.5762 94.8334 7
13.4278 94.6179 7
11.2793 94.3635 7
9.13089 94.1328 7
6.98246 93.8868 7
4.83402 93.6719 7
2.68558 93.5287 7
0.537142 93.4571 7
-1.6113 93.4571 7
-3.75973 93.5287 7
-5.90817 93.717 7
-8.05661 93.9942 7
-10.205 94.2714 7
-12.3535 94.6179 7
-14.5019 95.0338 7
-14.7168 95.0684 7
-16.6504 95.3705 7
-18.7988 95.7734 7
-20.9472 96.1762 7
-23.0957 96.5119 7
-25.2441 96.9147 7
-27.1777 97.2169 7
-27.3926 97.2504 7
-29.541 97.6533 7
-31.6894 98.0561 7
-33.8379 98.4589 7
-35.9863 98.9148 7
-38.1347 99.3306 7
-38.3496 99.3653 7
-40.2832 99.6772 7
-42.4316 99.8851 7
-44.5801 100.024 7
-46.7285 100.093 7
-48.8769 100.093 7
-51.0254 100.093 7
-53.1738 100.003 7
-55.3223 99.8017 7
-57.4707 99.5331 7
-58.3659 99.3653 7
-59.6191 99.1227 7
-61.7676 98.6603 7
-63.916 98.2575 7
-66.0644 97.8753 7
-68.2129 97.519 7
-70.1465 97.2169 7
-70.3613 97.1822 7
-72.5098 96.905 7
-74.6582 96.5585 7
-76.8066 96.2119 7
-78.9551 95.7961 7
-81.1035 95.4496 7
-83.0729 95.0684 7
-83.252 95.0338 7
-85.4004 94.6179 7
-87.5488 94.2021 7
-89.6973 93.7592 7
-91.8457 93.2319 7
-93.2268 92.92 7
-93.9941 92.7409 7
-96.1426 92.123 7
-98.291 91.4992 7
-100.439 90.8755 7
-100.732 90.7715 7
-102.588 90.0912 7
-104.736 89.2318 7
-106.141 88.6231 7
-106.885 88.2897 7
-109.033 87.1785 7
-110.234 86.4747 7
-111.182 85.8779 7
-113.276 84.3262 7
-113.33 84.2849 7
-115.479 82.4786 7
-115.805 82.1778 7
-117.627 80.3563 7
-117.94 80.0294 7
-119.775 77.9321 7
-119.817 77.8809 7
-121.407 75.7325 7
-121.924 74.9975 7
-122.85 73.584 7
-124.035 71.4356 7
-124.072 71.364 7
-125.146 69.2872 7
-126.11 67.1387 7
-126.221 66.8702 7
-126.973 64.9903 7
-127.76 62.8419 7
-128.369 61.0157 7
-128.477 60.6934 7
-129.166 58.545 7
-129.79 56.3965 7
-130.414 54.2481 7
-130.518 53.89 7
-131.037 52.0997 7
-131.558 49.9512 7
-132.077 47.8028 7
-132.562 45.6543 7
-132.666 45.194 7
-133.047 43.5059 7
-133.505 41.3575 7
-133.975 39.209 7
-134.378 37.0606 7
-134.781 34.9122 7
-134.814 34.7331 7
-135.196 32.7637 7
-135.587 30.6153 7
-135.958 28.4668 7
-136.305 26.3184 7
-136.641 24.17 7
-136.926 22.0215 7
-136.963 21.753 7
-137.222 19.8731 7
-137.519 17.7246 7
-137.889 15.5762 7
-138.306 13.4278 7
-138.689 11.2793 7
-139.111 9.30993 7
-139.147 9.13089 7
-139.562 6.98246 7
-139.935 4.83402 7
-140.293 2.68558 7
-140.63 0.537142 7
-140.926 -1.6113 7
-141.149 -3.75973 7
-141.223 -5.90817 7
-141.22 -8.05661 7
-141.136 -10.205 7
-140.959 -12.3535 7
-140.873 -14.5019 7
-140.946 -16.6504 7
-141.126 -18.7988 7
-141.26 -19.873 7
-141.379 -20.9472 7
-141.459 -23.0957 7
-141.3 -25.2441 7
-141.26 -25.5127 7
-140.946 -27.3926 7
-140.653 -29.541 7
-140.409 -31.6894 7
-140.409 -33.8379 7
-140.529 -35.9863 7
-140.557 -38.1347 7
-140.557 -40.2832 7
-140.345 -42.4316 7
-140.026 -44.5801 7
-139.61 -46.7285 7
-139.111 -48.7235 7
-139.067 -48.8769 7
-138.381 -51.0254 7
-137.748 -53.1738 7
-136.963 -55.2148 7
-136.914 -55.3223 7
-135.938 -57.4707 7
-134.955 -59.6191 7
-134.814 -59.8877 7
-133.687 -61.7676 7
-132.715 -63.916 7
-132.666 -64.0234 7
-131.694 -66.0644 7
-130.751 -68.2129 7
-130.518 -68.75 7
-129.846 -70.3613 7
-128.842 -72.5098 7
-128.369 -73.3538 7
-127.639 -74.6582 7
-126.264 -76.8066 7
-126.221 -76.8663 7
-124.654 -78.9551 7
-124.072 -79.6901 7
-122.793 -81.1035 7
-121.924 -82.0647 7
-120.737 -83.252 7
-119.775 -84.2131 7
-118.448 -85.4004 7
-117.627 -86.1354 7
-115.837 -87.5488 7
-115.479 -87.8315 7
-113.33 -89.3813 7
-112.882 -89.6973 7
-111.182 -90.9729 7
-110.107 -91.8457 7
-109.033 -92.6672 7
-107.529 -93.9941 7
-106.885 -94.5313 7
-104.951 -96.1426 7
-104.736 -96.3122 7
-102.588 -97.821 7
-102.009 -98.291 7
-100.439 -99.3652 7
-98.8694 -100.439 7
-98.291 -100.798 7
-96.1426 -102.212 7
-95.5642 -102.588 7
-93.9941 -103.438 7
-91.8457 -104.409 7
-90.9058 -104.736 7
-89.6973 -105.108 7
-87.5488 -105.639 7
-85.4004 -106.091 7
-83.252 -106.724 7
-82.8491 -106.885 7
-81.1035 -107.52 7
-78.9551 -108.55 7
-77.9883 -109.033 7
-76.8066 -109.57 7
-74.6582 -110.449 7
-72.5098 -111.128 7
-72.3307 -111.182 7
-70.3613 -111.719 7
-68.2129 -112.256 7
-66.0644 -112.847 7
-64.1308 -113.33 7
-63.916 -113.377 7
-61.7676 -113.937 7
-59.6191 -114.453 7
-57.4707 -114.844 7
-55.3223 -115.325 7
-54.5166 -115.479 7
-53.1738 -115.693 7
-51.0254 -115.971 7
-48.8769 -116.329 7
-46.7285 -116.646 7
-44.5801 -116.926 7
-42.4316 -117.09 7
-40.2832 -117.371 7
-38.1347 -117.576 7
-37.5976 -117.627 7
-35.9863 -117.756 7
-33.8379 -118.065 7
-31.6894 -118.303 7
-29.541 -118.433 7
-27.3926 -118.509 7
-25.2441 -118.509 7
-23.0957 -118.462 7
-20.9472 -118.509 7
-18.7988 -118.586 7
-16.6504 -118.701 7
-14.5019 -118.88 7
-12.3535 -119.003 7
-10.205 -119.138 7
-8.05661 -119.272 7
-5.90817 -119.406 7
-3.75973 -119.54 7
-1.6113 -119.608 7
0.537142 -119.675 7
2.14847 -119.775 7
