22.0215 -104.91 69.5
24.17 -105.106 69.5
26.3184 -105.187 69.5
28.4668 -105.307 69.5
30.6153 -105.325 69.5
32.7637 -105.325 69.5
34.9122 -105.325 69.5
37.0606 -105.256 69.5
39.209 -105.173 69.5
41.3575 -105.048 69.5
43.5059 -104.91 69.5
45.6543 -104.77 69.5
46.0124 -104.736 69.5
47.8028 -104.563 69.5
49.9512 -104.3 69.5
52.0997 -104.031 69.5
54.2481 -103.763 69.5
56.3965 -103.494 69.5
58.545 -103.159 69.5
60.6934 -102.83 69.5
62.1973 -102.588 69.5
62.8419 -102.48 69.5
64.9903 -102.068 69.5
67.1387 -101.614 69.5
69.2872 -101.167 69.5
71.4356 -100.674 69.5
72.3755 -100.439 69.5
73.584 -100.128 69.5
75.7325 -99.5732 69.5
77.8809 -99.0187 69.5
80.0294 -98.395 69.5
80.3874 -98.291 69.5
82.1778 -97.7712 69.5
84.3262 -97.1161 69.5
86.4747 -96.3851 69.5
87.1583 -96.1426 69.5
88.6231 -95.6228 69.5
90.7715 -94.8604 69.5
92.92 -94.0981 69.5
93.1885 -93.9941 69.5
95.0684 -93.2422 69.5
97.2169 -92.3655 69.5
98.4563 -91.8457 69.5
99.3653 -91.4518 69.5
101.514 -90.5208 69.5
103.279 -89.6973 69.5
103.662 -89.5182 69.5
105.811 -88.444 69.5
107.601 -87.5488 69.5
107.959 -87.3636 69.5
110.107 -86.1783 69.5
111.434 -85.4004 69.5
112.256 -84.9188 69.5
114.404 -83.5972 69.5
114.941 -83.252 69.5
116.553 -82.2161 69.5
118.192 -81.1035 69.5
118.701 -80.7454 69.5
120.85 -79.154 69.5
121.118 -78.9551 69.5
122.998 -77.509 69.5
123.828 -76.8066 69.5
125.147 -75.6911 69.5
126.314 -74.6582 69.5
127.295 -73.7183 69.5
128.455 -72.5098 69.5
129.443 -71.4355 69.5
130.432 -70.3613 69.5
131.592 -68.9802 69.5
132.189 -68.2129 69.5
133.701 -66.0644 69.5
133.74 -66.0079 69.5
135.16 -63.916 69.5
135.889 -62.7154 69.5
136.444 -61.7676 69.5
137.63 -59.6191 69.5
138.037 -58.8314 69.5
138.718 -57.4707 69.5
139.792 -55.3223 69.5
140.186 -54.5345 69.5
140.866 -53.1738 69.5
141.94 -51.0254 69.5
142.334 -50.2376 69.5
143.038 -48.8769 69.5
144.223 -46.7285 69.5
144.483 -46.2862 69.5
145.483 -44.5801 69.5
146.631 -42.8274 69.5
146.899 -42.4316 69.5
148.479 -40.2832 69.5
148.779 -39.9251 69.5
150.414 -38.1347 69.5
150.928 -37.6424 69.5
153.076 -36.0276 69.5
153.153 -35.9863 69.5
155.225 -34.9862 69.5
157.373 -34.375 69.5
159.522 -34.0111 69.5
161.67 -33.9418 69.5
163.818 -34.0057 69.5
165.967 -34.14 69.5
168.115 -34.3414 69.5
170.264 -34.5428 69.5
172.412 -34.7442 69.5
174.561 -34.9772 69.5
176.709 -35.1725 69.5
178.858 -35.3027 69.5
181.006 -35.3678 69.5
183.154 -35.3678 69.5
185.303 -35.3027 69.5
187.451 -35.1471 69.5
189.6 -34.847 69.5
191.748 -34.4757 69.5
193.897 -33.9418 69.5
194.255 -33.8379 69.5
196.045 -33.3181 69.5
198.193 -32.5846 69.5
200.342 -31.7252 69.5
200.419 -31.6894 69.5
202.49 -30.6893 69.5
204.572 -29.541 69.5
204.639 -29.5026 69.5
206.787 -28.1215 69.5
207.808 -27.3926 69.5
208.936 -26.5249 69.5
210.449 -25.2441 69.5
211.084 -24.6855 69.5
212.74 -23.0957 69.5
213.233 -22.5819 69.5
214.736 -20.9472 69.5
215.381 -20.1799 69.5
216.497 -18.7988 69.5
217.529 -17.3854 69.5
218.028 -16.6504 69.5
219.333 -14.5019 69.5
219.678 -13.8977 69.5
220.501 -12.3535 69.5
221.432 -10.205 69.5
221.826 -9.2961 69.5
222.346 -8.05661 69.5
223.039 -5.90817 69.5
223.663 -3.75973 69.5
223.975 -2.68552 69.5
224.277 -1.6113 69.5
224.702 0.537142 69.5
225.118 2.68558 69.5
225.418 4.83402 69.5
225.687 6.98246 69.5
225.881 9.13089 69.5
226.019 11.2793 69.5
226.089 13.4278 69.5
226.089 15.5762 69.5
225.955 17.7246 69.5
225.811 19.8731 69.5
225.534 22.0215 69.5
225.188 24.17 69.5
224.772 26.3184 69.5
224.148 28.4668 69.5
223.975 29.0039 69.5
223.438 30.6153 69.5
222.578 32.7637 69.5
221.826 34.375 69.5
221.567 34.9122 69.5
220.33 37.0606 69.5
219.678 38.0751 69.5
218.949 39.209 69.5
217.529 41.1963 69.5
217.41 41.3575 69.5
215.753 43.5059 69.5
215.381 43.9263 69.5
213.791 45.6543 69.5
213.233 46.2615 69.5
211.691 47.8028 69.5
211.084 48.3614 69.5
209.277 49.9512 69.5
208.936 50.2404 69.5
206.787 51.9007 69.5
206.519 52.0997 69.5
204.639 53.4424 69.5
203.386 54.2481 69.5
202.49 54.8037 69.5
200.342 55.9891 69.5
199.554 56.3965 69.5
198.193 57.0549 69.5
196.045 57.9363 69.5
194.385 58.545 69.5
193.897 58.7182 69.5
191.748 59.4113 69.5
189.6 59.9885 69.5
187.451 60.5202 69.5
186.377 60.6934 69.5
185.303 60.8667 69.5
183.154 61.197 69.5
181.006 61.4655 69.5
178.858 61.629 69.5
176.709 61.8012 69.5
174.561 61.9355 69.5
172.412 62.1835 69.5
170.264 62.5196 69.5
168.652 62.8419 69.5
168.115 62.9493 69.5
165.967 63.6654 69.5
163.818 64.645 69.5
163.25 64.9903 69.5
161.67 66.0232 69.5
160.289 67.1387 69.5
159.522 67.8393 69.5
158.134 69.2872 69.5
157.373 70.1172 69.5
156.213 71.4356 69.5
155.225 72.6121 69.5
154.44 73.584 69.5
153.076 75.2721 69.5
152.69 75.7325 69.5
150.928 77.8298 69.5
150.881 77.8809 69.5
148.779 79.9827 69.5
148.731 80.0294 69.5
146.631 81.8059 69.5
146.148 82.1778 69.5
144.483 83.4112 69.5
143.029 84.3262 69.5
142.334 84.7337 69.5
140.186 85.919 69.5
139.111 86.4747 69.5
138.037 87.0118 69.5
135.889 87.8954 69.5
134.153 88.6231 69.5
133.74 88.7964 69.5
131.592 89.4894 69.5
129.443 90.1825 69.5
127.414 90.7715 69.5
127.295 90.8062 69.5
125.147 91.3606 69.5
122.998 91.9151 69.5
120.85 92.4695 69.5
118.701 92.8853 69.5
118.548 92.92 69.5
116.553 93.3705 69.5
114.404 93.7863 69.5
112.256 94.2021 69.5
110.107 94.6179 69.5
107.959 95.0338 69.5
107.744 95.0684 69.5
105.811 95.3803 69.5
103.662 95.7961 69.5
101.514 96.1762 69.5
99.3653 96.579 69.5
97.2169 96.9819 69.5
95.9636 97.2169 69.5
95.0684 97.3901 69.5
92.92 97.7875 69.5
90.7715 98.1904 69.5
88.6231 98.6376 69.5
86.4747 99.1146 69.5
85.4005 99.3653 69.5
84.3262 99.6079 69.5
82.1778 100.07 69.5
80.0294 100.406 69.5
77.8809 100.7 69.5
75.7325 100.83 69.5
73.584 100.96 69.5
71.4356 100.977 69.5
69.2872 101.025 69.5
67.1387 101.025 69.5
64.9903 101.025 69.5
62.8419 101.025 69.5
60.6934 101.025 69.5
58.545 101.025 69.5
56.3965 100.977 69.5
54.2481 100.96 69.5
52.0997 100.895 69.5
49.9512 100.895 69.5
47.8028 100.765 69.5
45.6543 100.635 69.5
43.5059 100.406 69.5
41.3575 100.093 69.5
39.209 99.6876 69.5
37.5977 99.3653 69.5
37.0606 99.2542 69.5
34.9122 98.8838 69.5
32.7637 98.5133 69.5
30.6153 98.2911 69.5
28.4668 98.0688 69.5
26.3184 97.8466 69.5
24.17 97.5749 69.5
22.0215 97.2566 69.5
21.753 97.2169 69.5
19.8731 96.9384 69.5
17.7246 96.5405 69.5
15.5762 96.184 69.5
13.4278 95.7708 69.5
11.2793 95.4403 69.5
9.34574 95.0684 69.5
9.13089 95.0286 69.5
6.98246 94.6966 69.5
4.83402 94.3661 69.5
2.68558 94.1182 69.5
0.537142 93.9529 69.5
-1.6113 93.8703 69.5
-3.75973 93.7876 69.5
-5.90817 93.8703 69.5
-8.05661 93.9529 69.5
-10.205 94.1182 69.5
-12.3535 94.3661 69.5
-14.5019 94.6966 69.5
-16.6504 95.0286 69.5
-16.8294 95.0684 69.5
-18.7988 95.5061 69.5
-20.9472 95.9039 69.5
-23.0957 96.4112 69.5
-25.2441 96.8835 69.5
-26.6253 97.2169 69.5
-27.3926 97.4021 69.5
-29.541 97.9688 69.5
-31.6894 98.5417 69.5
-33.8379 99.106 69.5
-34.9121 99.3653 69.5
-35.9863 99.6079 69.5
-38.1347 100.003 69.5
-40.2832 100.272 69.5
-42.4316 100.406 69.5
-44.5801 100.54 69.5
-46.7285 100.54 69.5
-48.8769 100.54 69.5
-51.0254 100.505 69.5
-53.1738 100.505 69.5
-55.3223 100.473 69.5
-57.4707 100.473 69.5
-59.6191 100.406 69.5
-61.7676 100.406 69.5
-63.916 100.309 69.5
-66.0644 100.179 69.5
-68.2129 99.936 69.5
-70.3613 99.5386 69.5
-71.2565 99.3653 69.5
-72.5098 99.1227 69.5
-74.6582 98.5683 69.5
-76.8066 98.0832 69.5
-78.9551 97.598 69.5
-80.9245 97.2169 69.5
-81.1035 97.1822 69.5
-83.252 96.7664 69.5
-85.4004 96.3506 69.5
-87.5488 95.9748 69.5
-89.6973 95.572 69.5
-91.8457 95.2363 69.5
-92.7409 95.0684 69.5
-93.9941 94.8334 69.5
-96.1426 94.4977 69.5
-98.291 94.0949 69.5
-100.439 93.6921 69.5
-102.588 93.2319 69.5
-104.199 92.92 69.5
-104.736 92.816 69.5
-106.885 92.3309 69.5
-109.033 91.8793 69.5
-111.182 91.3606 69.5
-113.33 90.8755 69.5
-113.79 90.7715 69.5
-115.479 90.3904 69.5
-117.627 89.8359 69.5
-119.775 89.2815 69.5
-121.924 88.7271 69.5
-122.282 88.6231 69.5
-124.072 88.1033 69.5
-126.221 87.4482 69.5
-128.369 86.7172 69.5
-129.121 86.4747 69.5
-130.518 86.0092 69.5
-132.666 85.1925 69.5
-134.732 84.3262 69.5
-134.814 84.2892 69.5
-136.963 83.1779 69.5
-138.669 82.1778 69.5
-139.111 81.9092 69.5
-141.26 80.4012 69.5
-141.72 80.0294 69.5
-143.408 78.5523 69.5
-144.053 77.8809 69.5
-145.557 76.1719 69.5
-145.915 75.7325 69.5
-147.499 73.584 69.5
-147.705 73.2856 69.5
-148.894 71.4356 69.5
-149.854 69.8559 69.5
-150.199 69.2872 69.5
-151.564 67.1387 69.5
-152.002 66.4823 69.5
-152.961 64.9903 69.5
-154.15 63.2376 69.5
-154.451 62.8419 69.5
-156.299 60.7422 69.5
-156.348 60.6934 69.5
-158.447 58.8458 69.5
-158.89 58.545 69.5
-160.596 57.4708 69.5
-162.744 56.5077 69.5
-163.147 56.3965 69.5
-164.893 55.931 69.5
-167.041 55.4902 69.5
-169.189 55.253 69.5
-171.338 55.0873 69.5
-173.486 54.9758 69.5
-175.635 54.8859 69.5
-177.783 54.7679 69.5
-179.932 54.6174 69.5
-182.08 54.4214 69.5
-183.87 54.2481 69.5
-184.229 54.2134 69.5
-186.377 53.8669 69.5
-188.525 53.476 69.5
-190.674 53.006 69.5
-192.822 52.4689 69.5
-194.004 52.0997 69.5
-194.971 51.7878 69.5
-197.119 51.0254 69.5
-199.268 50.1245 69.5
-199.681 49.9512 69.5
-201.416 49.1993 69.5
-203.564 48.125 69.5
-204.169 47.8028 69.5
-205.713 46.9508 69.5
-207.861 45.6914 69.5
-207.918 45.6543 69.5
-210.01 44.1823 69.5
-210.923 43.5059 69.5
-212.158 42.5908 69.5
-213.672 41.3575 69.5
-214.307 40.7989 69.5
-216.035 39.209 69.5
-216.455 38.8062 69.5
-218.131 37.0606 69.5
-218.604 36.5235 69.5
-220.022 34.9122 69.5
-220.752 34.0425 69.5
-221.711 32.7637 69.5
-222.9 31.0987 69.5
-223.246 30.6153 69.5
-224.567 28.4668 69.5
-225.049 27.594 69.5
-225.753 26.3184 69.5
-226.803 24.17 69.5
-227.197 23.1853 69.5
-227.648 22.0215 69.5
-228.41 19.8731 69.5
-229.103 17.7246 69.5
-229.346 16.7847 69.5
-229.658 15.5762 69.5
-230.185 13.4278 69.5
-230.588 11.2793 69.5
-230.974 9.13089 69.5
-231.259 6.98246 69.5
-231.494 5.10257 69.5
-231.528 4.83402 69.5
-231.667 2.68558 69.5
-231.737 0.537142 69.5
-231.806 -1.6113 69.5
-231.737 -3.75973 69.5
-231.529 -5.90817 69.5
-231.494 -6.17673 69.5
-231.252 -8.05661 69.5
-230.836 -10.205 69.5
-230.212 -12.3535 69.5
-229.453 -14.5019 69.5
-229.346 -14.7498 69.5
-228.549 -16.6504 69.5
-227.457 -18.7988 69.5
-227.197 -19.2411 69.5
-226.161 -20.9472 69.5
-225.049 -22.5868 69.5
-224.691 -23.0957 69.5
-223.024 -25.2441 69.5
-222.9 -25.3906 69.5
-221.139 -27.3926 69.5
-220.752 -27.7954 69.5
-219.006 -29.541 69.5
-218.604 -29.9128 69.5
-216.504 -31.6894 69.5
-216.455 -31.7292 69.5
-214.307 -33.3207 69.5
-213.572 -33.8379 69.5
-212.158 -34.797 69.5
-210.199 -35.9863 69.5
-210.01 -36.1014 69.5
-207.861 -37.3112 69.5
-206.097 -38.1347 69.5
-205.713 -38.3138 69.5
-203.564 -39.209 69.5
-201.416 -39.9713 69.5
-200.449 -40.2832 69.5
-199.268 -40.6524 69.5
-197.119 -41.1896 69.5
-194.971 -41.5924 69.5
-192.822 -41.9281 69.5
-190.674 -42.1891 69.5
-188.525 -42.3277 69.5
-186.914 -42.4316 69.5
-186.377 -42.4663 69.5
-184.229 -42.4674 69.5
-182.08 -42.4674 69.5
-179.932 -42.4674 69.5
-178.857 -42.4316 69.5
-177.783 -42.397 69.5
-175.635 -42.3277 69.5
-173.486 -42.1891 69.5
-171.338 -42.0504 69.5
-169.189 -41.7732 69.5
-167.041 -41.496 69.5
-164.893 -41.1896 69.5
-162.744 -40.921 69.5
-160.596 -40.7196 69.5
-158.447 -40.6524 69.5
-156.299 -40.7337 69.5
-154.15 -41.0802 69.5
-152.002 -41.6797 69.5
-150.391 -42.4316 69.5
-149.854 -42.7101 69.5
-147.705 -44.1933 69.5
-147.266 -44.5801 69.5
-145.557 -46.2147 69.5
-145.084 -46.7285 69.5
-143.408 -48.8232 69.5
-143.367 -48.8769 69.5
-141.835 -51.0254 69.5
-141.26 -51.8734 69.5
-140.377 -53.1738 69.5
-139.111 -55.1432 69.5
-138.992 -55.3223 69.5
-137.56 -57.4707 69.5
-136.963 -58.3659 69.5
-136.157 -59.6191 69.5
-134.814 -61.598 69.5
-134.695 -61.7676 69.5
-133.183 -63.916 69.5
-132.666 -64.651 69.5
-131.671 -66.0644 69.5
-130.518 -67.6221 69.5
-130.063 -68.2129 69.5
-128.369 -70.3102 69.5
-128.328 -70.3613 69.5
-126.593 -72.5098 69.5
-126.221 -72.9492 69.5
-124.717 -74.6582 69.5
-124.072 -75.3588 69.5
-122.685 -76.8066 69.5
-121.924 -77.5371 69.5
-120.383 -78.9551 69.5
-119.775 -79.5137 69.5
-117.969 -81.1035 69.5
-117.627 -81.3927 69.5
-115.479 -83.128 69.5
-115.325 -83.252 69.5
-113.33 -84.8036 69.5
-112.524 -85.4004 69.5
-111.182 -86.395 69.5
-109.542 -87.5488 69.5
-109.033 -87.8941 69.5
-106.885 -89.2753 69.5
-106.228 -89.6973 69.5
-104.736 -90.6233 69.5
-102.651 -91.8457 69.5
-102.588 -91.8827 69.5
-100.439 -93.0681 69.5
-98.6491 -93.9941 69.5
-98.291 -94.1794 69.5
-96.1426 -95.2474 69.5
-94.2243 -96.1426 69.5
-93.9941 -96.25 69.5
-91.8457 -97.1475 69.5
-89.6973 -97.9688 69.5
-88.7305 -98.291 69.5
-87.5488 -98.6722 69.5
-85.4004 -99.3652 69.5
-83.252 -99.9359 69.5
-81.4616 -100.439 69.5
-81.1035 -100.543 69.5
-78.9551 -101.077 69.5
-76.8066 -101.514 69.5
-74.6582 -101.95 69.5
-72.5098 -102.337 69.5
-70.6299 -102.588 69.5
-70.3613 -102.623 69.5
-68.2129 -102.89 69.5
-66.0644 -103.091 69.5
-63.916 -103.293 69.5
-61.7676 -103.427 69.5
-59.6191 -103.593 69.5
-57.4707 -103.731 69.5
-55.3223 -103.87 69.5
-53.1738 -104.056 69.5
-51.0254 -104.199 69.5
-48.8769 -104.271 69.5
-46.7285 -104.414 69.5
-44.5801 -104.486 69.5
-42.4316 -104.557 69.5
-40.2832 -104.629 69.5
-38.1347 -104.632 69.5
-35.9863 -104.701 69.5
-33.8379 -104.701 69.5
-31.6894 -104.632 69.5
-29.541 -104.563 69.5
-27.3926 -104.494 69.5
-25.2441 -104.355 69.5
-23.0957 -104.166 69.5
-20.9472 -104.009 69.5
-18.7988 -103.801 69.5
-16.6504 -103.593 69.5
-14.5019 -103.427 69.5
-12.3535 -103.226 69.5
-10.205 -103.091 69.5
-8.05661 -102.957 69.5
-5.90817 -102.823 69.5
-3.75973 -102.756 69.5
-1.6113 -102.756 69.5
0.537142 -102.823 69.5
2.68558 -102.89 69.5
4.83402 -103.024 69.5
6.98246 -103.226 69.5
9.13089 -103.454 69.5
11.2793 -103.662 69.5
13.4278 -103.939 69.5
15.5762 -104.217 69.5
17.7246 -104.486 69.5
19.8731 -104.702 69.5
20.2312 -104.736 69.5
