-42.4316 -111.216 49.5
-40.2832 -111.286 49.5
-38.1347 -111.286 49.5
-35.9863 -111.355 49.5
-33.8379 -111.355 49.5
-31.6894 -111.286 49.5
-29.541 -111.286 49.5
-27.3926 -111.282 49.5
-25.7812 -111.182 49.5
-25.2441 -111.147 49.5
-23.0957 -111.078 49.5
-20.9472 -110.939 49.5
-18.7988 -110.731 49.5
-16.6504 -110.523 49.5
-14.5019 -110.315 49.5
-12.3535 -110.074 49.5
-10.205 -109.83 49.5
-8.05661 -109.671 49.5
-5.90817 -109.537 49.5
-3.75973 -109.414 49.5
-1.6113 -109.414 49.5
0.537142 -109.414 49.5
2.68558 -109.537 49.5
4.83402 -109.692 49.5
6.98246 -109.94 49.5
9.13089 -110.177 49.5
11.2793 -110.454 49.5
13.4278 -110.731 49.5
15.5762 -111.008 49.5
17.3666 -111.182 49.5
17.7246 -111.215 49.5
19.8731 -111.355 49.5
22.0215 -111.494 49.5
24.17 -111.563 49.5
26.3184 -111.632 49.5
28.4668 -111.632 49.5
30.6153 -111.618 49.5
32.7637 -111.563 49.5
34.9122 -111.494 49.5
37.0606 -111.355 49.5
39.209 -111.282 49.5
40.2832 -111.182 49.5
41.3575 -111.078 49.5
43.5059 -110.87 49.5
45.6543 -110.662 49.5
47.8028 -110.41 49.5
49.9512 -110.107 49.5
52.0997 -109.83 49.5
54.2481 -109.537 49.5
56.3965 -109.206 49.5
57.4708 -109.033 49.5
58.545 -108.86 49.5
60.6934 -108.444 49.5
62.8419 -108.06 49.5
64.9903 -107.59 49.5
67.1387 -107.127 49.5
68.0787 -106.885 49.5
69.2872 -106.573 49.5
71.4356 -106.018 49.5
73.584 -105.464 49.5
75.7325 -104.84 49.5
76.0906 -104.736 49.5
77.8809 -104.217 49.5
80.0294 -103.561 49.5
82.1778 -102.89 49.5
83.0567 -102.588 49.5
84.3262 -102.122 49.5
86.4747 -101.335 49.5
88.6231 -100.475 49.5
88.7057 -100.439 49.5
90.7715 -99.5443 49.5
92.92 -98.5503 49.5
93.4213 -98.291 49.5
95.0684 -97.4674 49.5
97.2169 -96.3932 49.5
97.6868 -96.1426 49.5
99.3653 -95.1835 49.5
101.447 -93.9941 49.5
101.514 -93.9558 49.5
103.662 -92.5746 49.5
104.796 -91.8457 49.5
105.811 -91.1935 49.5
107.959 -89.7371 49.5
108.013 -89.6973 49.5
110.107 -88.1456 49.5
110.875 -87.5488 49.5
112.256 -86.4333 49.5
113.535 -85.4004 49.5
114.404 -84.6699 49.5
116.016 -83.252 49.5
116.553 -82.7793 49.5
118.374 -81.1035 49.5
118.701 -80.8027 49.5
120.626 -78.9551 49.5
120.85 -78.7313 49.5
122.697 -76.8066 49.5
122.998 -76.4797 49.5
124.674 -74.6582 49.5
125.147 -74.1211 49.5
126.51 -72.5098 49.5
127.295 -71.4893 49.5
128.131 -70.3613 49.5
129.443 -68.4956 49.5
129.635 -68.2129 49.5
131.016 -66.0644 49.5
131.592 -65.1166 49.5
132.321 -63.916 49.5
133.548 -61.7676 49.5
133.74 -61.4095 49.5
134.635 -59.6191 49.5
135.704 -57.4707 49.5
135.889 -57.087 49.5
136.712 -55.3223 49.5
137.715 -53.1738 49.5
138.037 -52.4832 49.5
138.696 -51.0254 49.5
139.649 -48.8769 49.5
140.186 -47.6375 49.5
140.58 -46.7285 49.5
141.51 -44.5801 49.5
142.334 -42.8153 49.5
142.513 -42.4316 49.5
143.516 -40.2832 49.5
144.483 -38.4704 49.5
144.681 -38.1347 49.5
146.094 -35.9863 49.5
146.631 -35.2881 49.5
147.949 -33.8379 49.5
148.779 -33.0439 49.5
150.856 -31.6894 49.5
150.928 -31.6496 49.5
153.076 -30.8375 49.5
155.225 -30.4362 49.5
157.373 -30.338 49.5
159.522 -30.4474 49.5
161.67 -30.6845 49.5
163.818 -31.031 49.5
165.967 -31.3776 49.5
167.9 -31.6894 49.5
168.115 -31.7241 49.5
170.264 -32.1258 49.5
172.412 -32.4615 49.5
174.561 -32.833 49.5
176.709 -33.2001 49.5
178.858 -33.526 49.5
181.006 -33.8032 49.5
181.275 -33.8379 49.5
183.154 -34.0804 49.5
185.303 -34.3414 49.5
187.451 -34.4963 49.5
189.6 -34.6771 49.5
191.748 -34.7442 49.5
193.897 -34.7168 49.5
196.045 -34.5866 49.5
198.193 -34.3262 49.5
200.342 -33.8704 49.5
200.44 -33.8379 49.5
202.49 -33.1329 49.5
204.639 -32.2785 49.5
205.78 -31.6894 49.5
206.787 -31.1523 49.5
208.936 -29.8744 49.5
209.396 -29.541 49.5
211.084 -28.2749 49.5
212.207 -27.3926 49.5
213.233 -26.5249 49.5
214.62 -25.2441 49.5
215.381 -24.5136 49.5
216.799 -23.0957 49.5
217.529 -22.3348 49.5
218.763 -20.9472 49.5
219.678 -19.8242 49.5
220.484 -18.7988 49.5
221.826 -16.9189 49.5
222 -16.6504 49.5
223.27 -14.5019 49.5
223.975 -13.1749 49.5
224.411 -12.3535 49.5
225.374 -10.205 49.5
226.123 -8.14613 49.5
226.155 -8.05661 49.5
226.787 -5.90817 49.5
227.355 -3.75973 49.5
227.848 -1.6113 49.5
228.272 0.383682 49.5
228.303 0.537142 49.5
228.63 2.68558 49.5
228.998 4.83402 49.5
229.281 6.98246 49.5
229.504 9.13089 49.5
229.653 11.2793 49.5
229.714 13.4278 49.5
229.63 15.5762 49.5
229.441 17.7246 49.5
229.085 19.8731 49.5
228.574 22.0215 49.5
228.272 23.0957 49.5
227.96 24.17 49.5
227.197 26.3184 49.5
226.366 28.4668 49.5
226.123 29.0039 49.5
225.371 30.6153 49.5
224.225 32.7637 49.5
223.975 33.206 49.5
222.939 34.9122 49.5
221.826 36.5518 49.5
221.468 37.0606 49.5
219.802 39.209 49.5
219.678 39.3555 49.5
217.916 41.3575 49.5
217.529 41.7603 49.5
215.784 43.5059 49.5
215.381 43.8926 49.5
213.466 45.6543 49.5
213.233 45.8533 49.5
211.084 47.5243 49.5
210.688 47.8028 49.5
208.936 48.9921 49.5
207.444 49.9512 49.5
206.787 50.3587 49.5
204.639 51.4909 49.5
203.234 52.0997 49.5
202.49 52.4219 49.5
200.342 53.2432 49.5
198.193 53.8669 49.5
196.881 54.2481 49.5
196.045 54.4831 49.5
193.897 54.9531 49.5
191.748 55.3223 49.5
189.6 55.6244 49.5
187.451 55.8074 49.5
185.303 55.8768 49.5
183.154 55.8074 49.5
181.006 55.5995 49.5
178.858 55.3223 49.5
176.709 54.9758 49.5
174.561 54.6293 49.5
172.412 54.2817 49.5
172.233 54.2481 49.5
170.264 53.8669 49.5
168.115 53.5897 49.5
165.967 53.3818 49.5
163.818 53.2432 49.5
161.67 53.3125 49.5
159.522 53.6394 49.5
157.695 54.2481 49.5
157.373 54.3675 49.5
155.225 55.5801 49.5
154.204 56.3965 49.5
153.076 57.4708 49.5
152.136 58.545 49.5
150.928 60.1563 49.5
150.57 60.6934 49.5
149.278 62.8419 49.5
148.779 63.6633 49.5
147.974 64.9903 49.5
146.746 67.1387 49.5
146.631 67.3283 49.5
145.442 69.2872 49.5
144.483 70.8669 49.5
144.124 71.4356 49.5
142.692 73.584 49.5
142.334 74.0929 49.5
141.136 75.7325 49.5
140.186 76.909 49.5
139.369 77.8809 49.5
138.037 79.3288 49.5
137.337 80.0294 49.5
135.889 81.3614 49.5
134.917 82.1778 49.5
133.74 83.0929 49.5
131.988 84.3262 49.5
131.592 84.5948 49.5
129.443 85.8992 49.5
128.369 86.4747 49.5
127.295 87.0118 49.5
125.147 88.0144 49.5
123.742 88.6231 49.5
122.998 88.935 49.5
120.85 89.7666 49.5
118.701 90.5209 49.5
117.949 90.7715 49.5
116.553 91.2079 49.5
114.404 91.7765 49.5
112.256 92.3309 49.5
110.107 92.8853 49.5
109.954 92.92 49.5
107.959 93.3705 49.5
105.811 93.8556 49.5
103.662 94.2963 49.5
101.514 94.7462 49.5
99.9024 95.0684 49.5
99.3653 95.1758 49.5
97.2169 95.55 49.5
95.0684 95.9945 49.5
92.92 96.3814 49.5
90.7715 96.6996 49.5
88.6231 97.0103 49.5
87.2803 97.2169 49.5
86.4747 97.3362 49.5
84.3262 97.6545 49.5
82.1778 97.9728 49.5
80.0294 98.3294 49.5
77.8809 98.7898 49.5
75.7325 99.3269 49.5
75.5534 99.3653 49.5
73.584 99.7592 49.5
71.4356 100.162 49.5
69.2872 100.473 49.5
67.1387 100.7 49.5
64.9903 100.83 49.5
62.8419 100.913 49.5
60.6934 100.96 49.5
58.545 100.96 49.5
56.3965 100.977 49.5
54.2481 100.96 49.5
52.0997 100.96 49.5
49.9512 100.895 49.5
47.8028 100.876 49.5
45.6543 100.765 49.5
43.5059 100.607 49.5
41.3575 100.406 49.5
39.209 100.024 49.5
37.0606 99.6772 49.5
35.4493 99.3653 49.5
34.9122 99.2542 49.5
32.7637 98.8282 49.5
30.6153 98.5133 49.5
28.4668 98.2911 49.5
26.3184 98.0993 49.5
24.17 97.9207 49.5
22.0215 97.7156 49.5
19.8731 97.4854 49.5
17.9932 97.2169 49.5
17.7246 97.1771 49.5
15.5762 96.8588 49.5
13.4278 96.5145 49.5
11.2793 96.2666 49.5
9.13089 96.0187 49.5
6.98246 95.8534 49.5
4.83402 95.6055 49.5
2.68558 95.4403 49.5
0.537142 95.275 49.5
-1.6113 95.1878 49.5
-3.75973 95.1878 49.5
-5.90817 95.2674 49.5
-8.05661 95.3576 49.5
-10.205 95.6055 49.5
-12.3535 95.8534 49.5
-14.5019 96.184 49.5
-16.6504 96.5405 49.5
-18.7988 96.8588 49.5
-20.7324 97.2169 49.5
-20.9472 97.2566 49.5
-23.0957 97.6243 49.5
-25.2441 97.9207 49.5
-27.3926 98.217 49.5
-29.541 98.5133 49.5
-31.6894 98.8998 49.5
-33.8379 99.3295 49.5
-34.0527 99.3653 49.5
-35.9863 99.6876 49.5
-38.1347 100.07 49.5
-40.2832 100.339 49.5
-42.4316 100.505 49.5
-44.5801 100.635 49.5
-46.7285 100.635 49.5
-48.8769 100.661 49.5
-51.0254 100.661 49.5
-53.1738 100.635 49.5
-55.3223 100.635 49.5
-57.4707 100.57 49.5
-59.6191 100.54 49.5
-61.7676 100.473 49.5
-63.916 100.339 49.5
-66.0644 100.137 49.5
-68.2129 99.8688 49.5
-70.3613 99.466 49.5
-70.8217 99.3653 49.5
-72.5098 98.996 49.5
-74.6582 98.5261 49.5
-76.8066 98.0561 49.5
-78.9551 97.5861 49.5
-80.9245 97.2169 49.5
-81.1035 97.1822 49.5
-83.252 96.7133 49.5
-85.4004 96.2813 49.5
-87.5488 95.8654 49.5
-89.6973 95.4496 49.5
-91.8457 95.1031 49.5
-92.0605 95.0684 49.5
-93.9941 94.7566 49.5
-96.1426 94.41 49.5
-98.291 93.9606 49.5
-100.439 93.5578 49.5
-102.588 93.0239 49.5
-103.048 92.92 49.5
-104.736 92.5388 49.5
-106.885 91.9844 49.5
-109.033 91.4765 49.5
-111.182 90.8755 49.5
-111.54 90.7715 49.5
-113.33 90.268 49.5
-115.479 89.6638 49.5
-117.627 88.9924 49.5
-118.809 88.6231 49.5
-119.775 88.3008 49.5
-121.924 87.4796 49.5
-124.072 86.6479 49.5
-124.456 86.4747 49.5
-126.221 85.6511 49.5
-128.369 84.5114 49.5
-128.685 84.3262 49.5
-130.518 83.1724 49.5
-131.86 82.1778 49.5
-132.666 81.5333 49.5
-134.301 80.0294 49.5
-134.814 79.4922 49.5
-136.178 77.8809 49.5
-136.963 76.8067 49.5
-137.692 75.7325 49.5
-138.926 73.584 49.5
-139.111 73.226 49.5
-140.007 71.4356 49.5
-140.938 69.2872 49.5
-141.26 68.5435 49.5
-141.849 67.1387 49.5
-142.681 64.9903 49.5
-143.408 63.1104 49.5
-143.512 62.8419 49.5
-144.303 60.6934 49.5
-145.163 58.545 49.5
-145.557 57.636 49.5
-146.112 56.3965 49.5
-147.149 54.2481 49.5
-147.705 53.241 49.5
-148.407 52.0997 49.5
-149.854 50.1208 49.5
-150.007 49.9512 49.5
-152.002 48.1297 49.5
-152.472 47.8028 49.5
-154.15 46.8081 49.5
-156.299 46.0764 49.5
-158.447 45.6914 49.5
-160.596 45.689 49.5
-162.744 45.7583 49.5
-164.893 46.0907 49.5
-167.041 46.4513 49.5
-169.189 46.8964 49.5
-171.338 47.3664 49.5
-173.333 47.8028 49.5
-173.486 47.8353 49.5
-175.635 48.2911 49.5
-177.783 48.719 49.5
-179.932 49.0982 49.5
-182.08 49.3681 49.5
-184.229 49.6136 49.5
-186.377 49.7932 49.5
-188.525 49.8564 49.5
-190.674 49.7932 49.5
-192.822 49.6669 49.5
-194.971 49.3509 49.5
-197.119 48.9718 49.5
-199.268 48.5295 49.5
-201.416 47.9004 49.5
-201.709 47.8028 49.5
-203.564 47.2025 49.5
-205.713 46.4442 49.5
-207.503 45.6543 49.5
-207.861 45.4865 49.5
-210.01 44.4123 49.5
-211.536 43.5059 49.5
-212.158 43.0984 49.5
-214.307 41.4726 49.5
-214.441 41.3575 49.5
-216.455 39.3433 49.5
-216.579 39.209 49.5
-218.182 37.0606 49.5
-218.604 36.2728 49.5
-219.332 34.9122 49.5
-220.235 32.7637 49.5
-220.752 31.0181 49.5
-220.881 30.6153 49.5
-221.359 28.4668 49.5
-221.724 26.3184 49.5
-221.826 24.17 49.5
-221.647 22.0215 49.5
-221.321 19.8731 49.5
-220.953 17.7246 49.5
-220.752 16.919 49.5
-220.416 15.5762 49.5
-219.964 13.4278 49.5
-219.535 11.2793 49.5
-218.987 9.13089 49.5
-218.604 7.78812 49.5
-218.389 6.98246 49.5
-217.913 4.83402 49.5
-217.299 2.68558 49.5
-216.839 0.537142 49.5
-216.455 -0.805632 49.5
-216.24 -1.6113 49.5
-215.765 -3.75973 49.5
-215.304 -5.90817 49.5
-214.69 -8.05661 49.5
-214.307 -9.84698 49.5
-214.235 -10.205 49.5
-213.77 -12.3535 49.5
-213.232 -14.5019 49.5
-212.66 -16.6504 49.5
-212.158 -18.5302 49.5
-212.091 -18.7988 49.5
-211.42 -20.9472 49.5
-210.748 -23.0957 49.5
-210.01 -25.0651 49.5
-209.947 -25.2441 49.5
-209.062 -27.3926 49.5
-207.929 -29.541 49.5
-207.861 -29.6484 49.5
-206.661 -31.6894 49.5
-205.713 -32.9289 49.5
-205.056 -33.8379 49.5
-203.564 -35.3298 49.5
-202.908 -35.9863 49.5
-201.416 -37.207 49.5
-200.14 -38.1347 49.5
-199.268 -38.652 49.5
-197.119 -39.8016 49.5
-195.85 -40.2832 49.5
-194.971 -40.5853 49.5
-192.822 -41.0731 49.5
-190.674 -41.3574 49.5
-188.525 -41.4469 49.5
-186.377 -41.3872 49.5
-184.229 -41.2082 49.5
-182.08 -40.9277 49.5
-179.932 -40.6208 49.5
-178.244 -40.2832 49.5
-177.783 -40.1911 49.5
-175.635 -39.8228 49.5
-173.486 -39.4545 49.5
-171.338 -39.0862 49.5
-169.189 -38.6565 49.5
-167.041 -38.2268 49.5
-166.581 -38.1347 49.5
-164.893 -37.7971 49.5
-162.744 -37.3674 49.5
-160.596 -37.0289 49.5
-158.447 -36.735 49.5
-156.299 -36.6241 49.5
-154.15 -36.8526 49.5
-152.002 -37.4058 49.5
-150.544 -38.1347 49.5
-149.854 -38.5215 49.5
-147.756 -40.2832 49.5
-147.705 -40.332 49.5
-145.929 -42.4316 49.5
-145.557 -42.9405 49.5
-144.444 -44.5801 49.5
-143.408 -46.2862 49.5
-143.14 -46.7285 49.5
-141.889 -48.8769 49.5
-141.26 -50.0183 49.5
-140.704 -51.0254 49.5
-139.519 -53.1738 49.5
-139.111 -53.9123 49.5
-138.333 -55.3223 49.5
-137.148 -57.4707 49.5
-136.963 -57.7866 49.5
-135.889 -59.6191 49.5
-134.814 -61.3498 49.5
-134.546 -61.7676 49.5
-133.165 -63.916 49.5
-132.666 -64.6918 49.5
-131.751 -66.0644 49.5
-130.518 -67.8171 49.5
-130.239 -68.2129 49.5
-128.648 -70.3613 49.5
-128.369 -70.7194 49.5
-126.977 -72.5098 49.5
-126.221 -73.4375 49.5
-125.188 -74.6582 49.5
-124.072 -75.9192 49.5
-123.256 -76.8066 49.5
-121.924 -78.2545 49.5
-121.279 -78.9551 49.5
-119.775 -80.5216 49.5
-119.194 -81.1035 49.5
-117.627 -82.6701 49.5
-117.02 -83.252 49.5
-115.479 -84.6699 49.5
-114.685 -85.4004 49.5
-113.33 -86.5986 49.5
-112.207 -87.5488 49.5
-111.182 -88.4165 49.5
-109.596 -89.6973 49.5
-109.033 -90.1349 49.5
-106.885 -91.8044 49.5
-106.828 -91.8457 49.5
-104.736 -93.3178 49.5
-103.775 -93.9941 49.5
-102.588 -94.7998 49.5
-100.499 -96.1426 49.5
-100.439 -96.1796 49.5
-98.291 -97.4391 49.5
-96.8377 -98.291 49.5
-96.1426 -98.6985 49.5
-93.9941 -99.8097 49.5
-92.7767 -100.439 49.5
-91.8457 -100.905 49.5
-89.6973 -101.958 49.5
-88.2925 -102.588 49.5
-87.5488 -102.91 49.5
-85.4004 -103.801 49.5
-83.252 -104.629 49.5
-82.959 -104.736 49.5
-81.1035 -105.395 49.5
-78.9551 -106.018 49.5
-76.8066 -106.642 49.5
-75.8667 -106.885 49.5
-74.6582 -107.187 49.5
-72.5098 -107.657 49.5
-70.3613 -108.098 49.5
-68.2129 -108.444 49.5
-66.0644 -108.854 49.5
-64.7217 -109.033 49.5
-63.916 -109.137 49.5
-61.7676 -109.484 49.5
-59.6191 -109.738 49.5
-57.4707 -110.007 49.5
-55.3223 -110.246 49.5
-53.1738 -110.454 49.5
-51.0254 -110.662 49.5
-48.8769 -110.87 49.5
-46.7285 -111.008 49.5
-44.5801 -111.147 49.5
-43.5058 -111.182 49.5
