-115.479 -60.6933 -120.5
-113.33 -60.6933 -120.5
-111.182 -60.6933 -120.5
-109.033 -60.6933 -120.5
-107.959 -59.6191 -120.5
-106.885 -58.5449 -120.5
-105.811 -57.4707 -120.5
-104.736 -56.3965 -120.5
-103.662 -55.3223 -120.5
-102.588 -54.248 -120.5
-101.514 -53.1738 -120.5
-100.439 -52.0996 -120.5
-98.291 -52.0996 -120.5
-97.2168 -51.0254 -120.5
-96.1426 -49.9512 -120.5
-93.9941 -49.9512 -120.5
-91.8457 -49.9512 -120.5
-90.7715 -48.8769 -120.5
-89.6973 -47.8027 -120.5
-87.5488 -47.8027 -120.5
-85.4004 -47.8027 -120.5
-83.252 -47.8027 -120.5
-81.1035 -47.8027 -120.5
-80.0293 -46.7285 -120.5
-78.9551 -45.6543 -120.5
-76.8066 -45.6543 -120.5
-74.6582 -45.6543 -120.5
-73.584 -44.5801 -120.5
-72.5098 -43.5058 -120.5
-70.3613 -43.5058 -120.5
-69.2871 -42.4316 -120.5
-68.2129 -41.3574 -120.5
-66.0644 -41.3574 -120.5
-64.9902 -40.2832 -120.5
-63.916 -39.209 -120.5
-62.8418 -38.1347 -120.5
-61.7676 -37.0605 -120.5
-60.6933 -35.9863 -120.5
-59.6191 -34.9121 -120.5
-57.4707 -34.9121 -120.5
-56.3965 -33.8379 -120.5
-55.3223 -32.7637 -120.5
-53.1738 -32.7637 -120.5
-52.0996 -31.6894 -120.5
-51.0254 -30.6152 -120.5
-49.9512 -29.541 -120.5
-48.8769 -28.4668 -120.5
-46.7285 -28.4668 -120.5
-45.6543 -27.3926 -120.5
-45.6543 -25.2441 -120.5
-44.5801 -24.1699 -120.5
-43.5058 -23.0957 -120.5
-42.4316 -22.0215 -120.5
-40.2832 -22.0215 -120.5
-39.209 -20.9472 -120.5
-38.1347 -19.873 -120.5
-35.9863 -19.873 -120.5
-34.9121 -18.7988 -120.5
-33.8379 -17.7246 -120.5
-31.6894 -17.7246 -120.5
-29.541 -17.7246 -120.5
-28.4668 -16.6504 -120.5
-27.3926 -15.5761 -120.5
-25.2441 -15.5761 -120.5
-24.1699 -14.5019 -120.5
-23.0957 -13.4277 -120.5
-20.9472 -13.4277 -120.5
-19.873 -12.3535 -120.5
-18.7988 -11.2793 -120.5
-17.7246 -10.205 -120.5
-16.6504 -9.13083 -120.5
-14.5019 -9.13083 -120.5
-13.4277 -8.05661 -120.5
-12.3535 -6.98239 -120.5
-11.2793 -5.90817 -120.5
-10.205 -4.83395 -120.5
-8.05661 -4.83395 -120.5
-6.98239 -3.75973 -120.5
-5.90817 -2.68552 -120.5
-4.83395 -1.6113 -120.5
-3.75973 -0.537078 -120.5
-2.68552 0.537142 -120.5
-1.6113 1.61136 -120.5
0.537142 1.61136 -120.5
1.61136 2.68558 -120.5
2.68558 3.7598 -120.5
3.7598 4.83402 -120.5
4.83402 5.90824 -120.5
6.98246 5.90824 -120.5
8.05668 6.98246 -120.5
9.13089 8.05668 -120.5
10.2051 9.13089 -120.5
11.2793 10.2051 -120.5
12.3536 11.2793 -120.5
13.4278 12.3536 -120.5
15.5762 12.3536 -120.5
16.6504 13.4278 -120.5
17.7246 14.502 -120.5
19.8731 14.502 -120.5
22.0215 14.502 -120.5
23.0957 15.5762 -120.5
24.17 16.6504 -120.5
26.3184 16.6504 -120.5
28.4668 16.6504 -120.5
29.5411 17.7246 -120.5
30.6153 18.7989 -120.5
32.7637 18.7989 -120.5
33.8379 19.8731 -120.5
34.9122 20.9473 -120.5
37.0606 20.9473 -120.5
38.1348 22.0215 -120.5
39.209 23.0957 -120.5
41.3575 23.0957 -120.5
42.4317 24.17 -120.5
43.5059 25.2442 -120.5
44.5801 26.3184 -120.5
44.5801 28.4668 -120.5
45.6543 29.5411 -120.5
46.7286 30.6153 -120.5
46.7286 32.7637 -120.5
47.8028 33.8379 -120.5
48.877 34.9122 -120.5
49.9512 35.9864 -120.5
51.0254 37.0606 -120.5
52.0997 38.1348 -120.5
53.1739 39.209 -120.5
54.2481 40.2832 -120.5
56.3965 40.2832 -120.5
57.4708 41.3575 -120.5
58.545 42.4317 -120.5
60.6934 42.4317 -120.5
61.7676 43.5059 -120.5
62.8419 44.5801 -120.5
64.9903 44.5801 -120.5
66.0645 45.6543 -120.5
67.1387 46.7286 -120.5
69.2872 46.7286 -120.5
70.3614 47.8028 -120.5
71.4356 48.877 -120.5
73.584 48.877 -120.5
74.6583 49.9512 -120.5
75.7325 51.0254 -120.5
76.8067 52.0997 -120.5
77.8809 53.1739 -120.5
80.0294 53.1739 -120.5
81.1036 54.2481 -120.5
82.1778 55.3223 -120.5
84.3262 55.3223 -120.5
85.4005 56.3965 -120.5
85.4005 58.545 -120.5
84.3262 59.6192 -120.5
83.252 60.6934 -120.5
82.1778 61.7676 -120.5
81.1036 62.8419 -120.5
80.0294 63.9161 -120.5
77.8809 63.9161 -120.5
76.8067 64.9903 -120.5
75.7325 66.0645 -120.5
73.584 66.0645 -120.5
72.5098 67.1387 -120.5
71.4356 68.2129 -120.5
69.2872 68.2129 -120.5
68.2129 69.2872 -120.5
67.1387 70.3614 -120.5
64.9903 70.3614 -120.5
62.8419 70.3614 -120.5
60.6934 70.3614 -120.5
58.545 70.3614 -120.5
57.4708 71.4356 -120.5
56.3965 72.5098 -120.5
54.2481 72.5098 -120.5
52.0997 72.5098 -120.5
49.9512 72.5098 -120.5
47.8028 72.5098 -120.5
45.6543 72.5098 -120.5
43.5059 72.5098 -120.5
41.3575 72.5098 -120.5
39.209 72.5098 -120.5
38.1348 71.4356 -120.5
37.0606 70.3614 -120.5
34.9122 70.3614 -120.5
32.7637 70.3614 -120.5
30.6153 70.3614 -120.5
29.5411 69.2872 -120.5
28.4668 68.2129 -120.5
26.3184 68.2129 -120.5
24.17 68.2129 -120.5
22.0215 68.2129 -120.5
20.9473 67.1387 -120.5
19.8731 66.0645 -120.5
17.7246 66.0645 -120.5
15.5762 66.0645 -120.5
13.4278 66.0645 -120.5
11.2793 66.0645 -120.5
10.2051 64.9903 -120.5
9.13089 63.9161 -120.5
6.98246 63.9161 -120.5
4.83402 63.9161 -120.5
2.68558 63.9161 -120.5
0.537142 63.9161 -120.5
-1.6113 63.9161 -120.5
-3.75973 63.9161 -120.5
-5.90817 63.9161 -120.5
-6.98239 64.9903 -120.5
-8.05661 66.0645 -120.5
-10.205 66.0645 -120.5
-12.3535 66.0645 -120.5
-14.5019 66.0645 -120.5
-15.5761 67.1387 -120.5
-16.6504 68.2129 -120.5
-18.7988 68.2129 -120.5
-20.9472 68.2129 -120.5
-22.0215 69.2872 -120.5
-23.0957 70.3614 -120.5
-25.2441 70.3614 -120.5
-27.3926 70.3614 -120.5
-29.541 70.3614 -120.5
-31.6894 70.3614 -120.5
-32.7637 71.4356 -120.5
-33.8379 72.5098 -120.5
-35.9863 72.5098 -120.5
-38.1347 72.5098 -120.5
-40.2832 72.5098 -120.5
-42.4316 72.5098 -120.5
-44.5801 72.5098 -120.5
-46.7285 72.5098 -120.5
-48.8769 72.5098 -120.5
-51.0254 72.5098 -120.5
-53.1738 72.5098 -120.5
-55.3223 72.5098 -120.5
-57.4707 72.5098 -120.5
-59.6191 72.5098 -120.5
-61.7676 72.5098 -120.5
-63.916 72.5098 -120.5
-66.0644 72.5098 -120.5
-67.1387 71.4356 -120.5
-68.2129 70.3614 -120.5
-70.3613 70.3614 -120.5
-72.5098 70.3614 -120.5
-73.584 69.2872 -120.5
-74.6582 68.2129 -120.5
-76.8066 68.2129 -120.5
-77.8809 67.1387 -120.5
-78.9551 66.0645 -120.5
-81.1035 66.0645 -120.5
-82.1777 64.9903 -120.5
-83.252 63.9161 -120.5
-84.3262 62.8419 -120.5
-85.4004 61.7676 -120.5
-87.5488 61.7676 -120.5
-88.623 60.6934 -120.5
-89.6973 59.6192 -120.5
-90.7715 58.545 -120.5
-91.8457 57.4708 -120.5
-92.9199 56.3965 -120.5
-93.9941 55.3223 -120.5
-95.0684 54.2481 -120.5
-96.1426 53.1739 -120.5
-97.2168 52.0997 -120.5
-98.291 51.0254 -120.5
-99.3652 49.9512 -120.5
-100.439 48.877 -120.5
-101.514 47.8028 -120.5
-102.588 46.7286 -120.5
-103.662 45.6543 -120.5
-104.736 44.5801 -120.5
-105.811 43.5059 -120.5
-105.811 41.3575 -120.5
-106.885 40.2832 -120.5
-107.959 39.209 -120.5
-109.033 38.1348 -120.5
-110.107 37.0606 -120.5
-110.107 34.9122 -120.5
-111.182 33.8379 -120.5
-112.256 32.7637 -120.5
-112.256 30.6153 -120.5
-113.33 29.5411 -120.5
-114.404 28.4668 -120.5
-114.404 26.3184 -120.5
-115.479 25.2442 -120.5
-116.553 24.17 -120.5
-116.553 22.0215 -120.5
-117.627 20.9473 -120.5
-118.701 19.8731 -120.5
-118.701 17.7246 -120.5
-118.701 15.5762 -120.5
-119.775 14.502 -120.5
-120.85 13.4278 -120.5
-120.85 11.2793 -120.5
-120.85 9.13089 -120.5
-121.924 8.05668 -120.5
-122.998 6.98246 -120.5
-122.998 4.83402 -120.5
-122.998 2.68558 -120.5
-124.072 1.61136 -120.5
-124.609 0.537142 -120.5
-125.146 -1.6113 -120.5
-125.146 -3.75973 -120.5
-125.146 -5.90817 -120.5
-125.146 -8.05661 -120.5
-126.221 -9.13083 -120.5
-126.758 -10.205 -120.5
-127.295 -12.3535 -120.5
-127.295 -14.5019 -120.5
-127.295 -16.6504 -120.5
-127.295 -18.7988 -120.5
-127.295 -20.9472 -120.5
-128.369 -22.0215 -120.5
-128.906 -23.0957 -120.5
-128.906 -25.2441 -120.5
-129.443 -27.3926 -120.5
-128.906 -29.541 -120.5
-128.906 -31.6894 -120.5
-128.369 -32.7637 -120.5
-127.295 -33.8379 -120.5
-127.295 -35.9863 -120.5
-127.295 -38.1347 -120.5
-127.295 -40.2832 -120.5
-126.221 -41.3574 -120.5
-125.146 -42.4316 -120.5
-125.146 -44.5801 -120.5
-125.146 -46.7285 -120.5
-124.072 -47.8027 -120.5
-122.998 -48.8769 -120.5
-122.998 -51.0254 -120.5
-121.924 -52.0996 -120.5
-120.85 -53.1738 -120.5
-120.85 -55.3223 -120.5
-119.775 -56.3965 -120.5
-118.701 -57.4707 -120.5
-117.627 -58.5449 -120.5
-116.553 -59.6191 -120.5
