6.98246 -119.949 -10.5
9.13089 -120.087 -10.5
11.2793 -120.364 -10.5
13.4278 -120.572 -10.5
15.5762 -120.78 -10.5
17.7246 -121.017 -10.5
19.8731 -121.152 -10.5
22.0215 -121.286 -10.5
24.17 -121.37 -10.5
26.3184 -121.42 -10.5
28.4668 -121.436 -10.5
30.6153 -121.436 -10.5
32.7637 -121.42 -10.5
34.9122 -121.353 -10.5
37.0606 -121.24 -10.5
39.209 -121.085 -10.5
41.3575 -120.816 -10.5
43.5059 -120.547 -10.5
45.6543 -120.212 -10.5
47.8028 -119.81 -10.5
47.9562 -119.775 -10.5
49.9512 -119.325 -10.5
52.0997 -118.88 -10.5
54.2481 -118.355 -10.5
56.3965 -117.8 -10.5
57.0679 -117.627 -10.5
58.545 -117.233 -10.5
60.6934 -116.66 -10.5
62.8419 -116.068 -10.5
64.8709 -115.479 -10.5
64.9903 -115.443 -10.5
67.1387 -114.82 -10.5
69.2872 -114.196 -10.5
71.4356 -113.573 -10.5
72.1876 -113.33 -10.5
73.584 -112.865 -10.5
75.7325 -112.22 -10.5
77.8809 -111.494 -10.5
78.8477 -111.182 -10.5
80.0294 -110.788 -10.5
82.1778 -109.969 -10.5
84.3262 -109.141 -10.5
84.5948 -109.033 -10.5
86.4747 -108.281 -10.5
88.6231 -107.405 -10.5
89.7741 -106.885 -10.5
90.7715 -106.419 -10.5
92.92 -105.345 -10.5
94.1374 -104.736 -10.5
95.0684 -104.255 -10.5
97.2169 -103.069 -10.5
98.0383 -102.588 -10.5
99.3653 -101.782 -10.5
101.514 -100.478 -10.5
101.57 -100.439 -10.5
103.662 -99.02 -10.5
104.736 -98.291 -10.5
105.811 -97.5351 -10.5
107.69 -96.1426 -10.5
107.959 -95.9437 -10.5
110.107 -94.2834 -10.5
110.466 -93.9941 -10.5
112.256 -92.4902 -10.5
112.988 -91.8457 -10.5
114.404 -90.5996 -10.5
115.344 -89.6973 -10.5
116.553 -88.4888 -10.5
117.455 -87.5488 -10.5
118.701 -86.1944 -10.5
119.432 -85.4004 -10.5
120.85 -83.7891 -10.5
121.304 -83.252 -10.5
122.998 -81.1547 -10.5
123.038 -81.1035 -10.5
124.629 -78.9551 -10.5
125.147 -78.2568 -10.5
126.182 -76.8066 -10.5
127.295 -75.0759 -10.5
127.564 -74.6582 -10.5
128.888 -72.5098 -10.5
129.443 -71.5027 -10.5
130.073 -70.3613 -10.5
131.247 -68.2129 -10.5
131.592 -67.5223 -10.5
132.272 -66.0644 -10.5
133.275 -63.916 -10.5
133.74 -62.8418 -10.5
134.206 -61.7676 -10.5
135.137 -59.6191 -10.5
135.889 -57.5683 -10.5
135.925 -57.4707 -10.5
136.712 -55.3223 -10.5
137.379 -53.1738 -10.5
138.003 -51.0254 -10.5
138.037 -50.8911 -10.5
138.557 -48.8769 -10.5
139.078 -46.7285 -10.5
139.481 -44.5801 -10.5
139.816 -42.4316 -10.5
140.151 -40.2832 -10.5
140.186 -40.0146 -10.5
140.421 -38.1347 -10.5
140.622 -35.9863 -10.5
140.823 -33.8379 -10.5
141.025 -31.6894 -10.5
141.159 -29.541 -10.5
141.226 -27.3926 -10.5
141.293 -25.2441 -10.5
141.26 -23.0957 -10.5
141.226 -20.9472 -10.5
141.121 -18.7988 -10.5
141.052 -16.6504 -10.5
140.913 -14.5019 -10.5
140.775 -12.3535 -10.5
140.651 -10.205 -10.5
140.508 -8.05661 -10.5
140.436 -5.90817 -10.5
140.359 -3.75973 -10.5
140.29 -1.6113 -10.5
140.219 0.537142 -10.5
140.186 1.07425 -10.5
140.082 2.68558 -10.5
139.884 4.83402 -10.5
139.682 6.98246 -10.5
139.481 9.13089 -10.5
139.177 11.2793 -10.5
138.876 13.4278 -10.5
138.591 15.5762 -10.5
138.272 17.7246 -10.5
138.037 19.2286 -10.5
137.933 19.8731 -10.5
137.587 22.0215 -10.5
137.198 24.17 -10.5
136.795 26.3184 -10.5
136.392 28.4668 -10.5
135.922 30.6153 -10.5
135.889 30.7687 -10.5
135.438 32.7637 -10.5
134.884 34.9122 -10.5
134.311 37.0606 -10.5
133.74 39.0897 -10.5
133.705 39.209 -10.5
133.013 41.3575 -10.5
132.297 43.5059 -10.5
131.592 45.5567 -10.5
131.556 45.6543 -10.5
130.768 47.8028 -10.5
129.963 49.9512 -10.5
129.443 51.4161 -10.5
129.193 52.0997 -10.5
128.333 54.2481 -10.5
127.402 56.3965 -10.5
127.295 56.6444 -10.5
126.471 58.545 -10.5
125.54 60.6934 -10.5
125.147 61.5374 -10.5
124.517 62.8419 -10.5
123.406 64.9903 -10.5
122.998 65.7288 -10.5
122.22 67.1387 -10.5
120.965 69.2872 -10.5
120.85 69.4568 -10.5
119.507 71.4356 -10.5
118.701 72.5635 -10.5
117.945 73.584 -10.5
116.553 75.293 -10.5
116.166 75.7325 -10.5
114.404 77.6474 -10.5
114.181 77.8809 -10.5
112.256 79.7286 -10.5
111.914 80.0294 -10.5
110.107 81.5581 -10.5
109.34 82.1778 -10.5
107.959 83.2136 -10.5
106.319 84.3262 -10.5
105.811 84.6596 -10.5
103.662 85.919 -10.5
102.588 86.4747 -10.5
101.514 87.0118 -10.5
99.3653 87.9428 -10.5
97.7953 88.6231 -10.5
97.2169 88.8657 -10.5
95.0684 89.628 -10.5
92.92 90.3211 -10.5
91.5235 90.7715 -10.5
90.7715 91.0065 -10.5
88.6231 91.5436 -10.5
86.4747 92.0537 -10.5
84.3262 92.5388 -10.5
82.3568 92.92 -10.5
82.1778 92.9536 -10.5
80.0294 93.4235 -10.5
77.8809 93.7592 -10.5
75.7325 94.1621 -10.5
73.584 94.4793 -10.5
71.4356 94.7566 -10.5
69.2872 95.0338 -10.5
69.0186 95.0684 -10.5
67.1387 95.3034 -10.5
64.9903 95.5189 -10.5
62.8419 95.7734 -10.5
60.6934 96.0419 -10.5
58.545 96.3105 -10.5
56.3965 96.579 -10.5
54.2481 96.7805 -10.5
52.0997 96.9819 -10.5
49.9512 97.1162 -10.5
48.3399 97.2169 -10.5
47.8028 97.2494 -10.5
45.6543 97.3145 -10.5
43.5059 97.3176 -10.5
41.3575 97.3176 -10.5
39.209 97.2504 -10.5
38.1348 97.2169 -10.5
37.0606 97.1833 -10.5
34.9122 96.9819 -10.5
32.7637 96.7805 -10.5
30.6153 96.5119 -10.5
28.4668 96.2434 -10.5
26.3184 95.9077 -10.5
24.17 95.6391 -10.5
22.0215 95.3705 -10.5
19.8731 95.102 -10.5
19.6045 95.0684 -10.5
17.7246 94.8259 -10.5
15.5762 94.5486 -10.5
13.4278 94.2292 -10.5
11.2793 93.9606 -10.5
9.13089 93.6477 -10.5
6.98246 93.3855 -10.5
4.83402 93.1706 -10.5
2.68558 92.957 -10.5
1.61136 92.92 -10.5
0.537142 92.8842 -10.5
-1.6113 92.8126 -10.5
-3.75973 92.8842 -10.5
-4.83395 92.92 -10.5
-5.90817 92.9558 -10.5
-8.05661 93.1706 -10.5
-10.205 93.4398 -10.5
-12.3535 93.717 -10.5
-14.5019 94.0635 -10.5
-16.6504 94.41 -10.5
-18.7988 94.7566 -10.5
-20.9472 95.0338 -10.5
-21.2158 95.0684 -10.5
-23.0957 95.311 -10.5
-25.2441 95.6575 -10.5
-27.3926 95.9748 -10.5
-29.541 96.3105 -10.5
-31.6894 96.579 -10.5
-33.8379 96.8476 -10.5
-35.9863 97.049 -10.5
-38.1347 97.1822 -10.5
-39.209 97.2169 -10.5
-40.2832 97.2527 -10.5
-42.4316 97.3243 -10.5
-44.5801 97.4594 -10.5
-46.7285 97.5287 -10.5
-48.8769 97.598 -10.5
-51.0254 97.6673 -10.5
-53.1738 97.6673 -10.5
-55.3223 97.598 -10.5
-57.4707 97.519 -10.5
-59.6191 97.3208 -10.5
-60.4248 97.2169 -10.5
-61.7676 97.0436 -10.5
-63.916 96.7664 -10.5
-66.0644 96.3776 -10.5
-68.2129 96.004 -10.5
-70.3613 95.6575 -10.5
-72.5098 95.3034 -10.5
-74.0137 95.0684 -10.5
-74.6582 94.9645 -10.5
-76.8066 94.5486 -10.5
-78.9551 94.1621 -10.5
-81.1035 93.7592 -10.5
-83.252 93.2892 -10.5
-84.94 92.92 -10.5
-85.4004 92.816 -10.5
-87.5488 92.2616 -10.5
-89.6973 91.7072 -10.5
-91.8457 91.0834 -10.5
-92.8125 90.7715 -10.5
-93.9941 90.3904 -10.5
-96.1426 89.628 -10.5
-98.291 88.8021 -10.5
-98.7042 88.6231 -10.5
-100.439 87.8712 -10.5
-102.588 86.7969 -10.5
-103.192 86.4747 -10.5
-104.736 85.5923 -10.5
-106.602 84.3262 -10.5
-106.885 84.1273 -10.5
-109.033 82.5496 -10.5
-109.494 82.1778 -10.5
-111.182 80.7598 -10.5
-111.976 80.0294 -10.5
-113.33 78.6749 -10.5
-114.061 77.8809 -10.5
-115.479 76.2696 -10.5
-115.933 75.7325 -10.5
-117.586 73.584 -10.5
-117.627 73.5275 -10.5
-119.099 71.4356 -10.5
-119.775 70.4211 -10.5
-120.504 69.2872 -10.5
-121.809 67.1387 -10.5
-121.924 66.9373 -10.5
-122.998 64.9903 -10.5
-124.072 62.9135 -10.5
-124.108 62.8419 -10.5
-125.111 60.6934 -10.5
-126.042 58.545 -10.5
-126.221 58.0974 -10.5
-126.879 56.3965 -10.5
-127.641 54.2481 -10.5
-128.335 52.0997 -10.5
-128.369 51.9922 -10.5
-129.007 49.9512 -10.5
-129.611 47.8028 -10.5
-130.206 45.6543 -10.5
-130.518 44.5801 -10.5
-130.829 43.5059 -10.5
-131.384 41.3575 -10.5
-131.938 39.209 -10.5
-132.423 37.0606 -10.5
-132.666 36.1207 -10.5
-132.968 34.9122 -10.5
-133.438 32.7637 -10.5
-133.908 30.6153 -10.5
-134.378 28.4668 -10.5
-134.814 26.4719 -10.5
-134.848 26.3184 -10.5
-135.265 24.17 -10.5
-135.721 22.0215 -10.5
-136.166 19.8731 -10.5
-136.594 17.7246 -10.5
-136.963 16.0366 -10.5
-137.067 15.5762 -10.5
-137.483 13.4278 -10.5
-137.968 11.2793 -10.5
-138.384 9.13089 -10.5
-138.869 6.98246 -10.5
-139.111 5.7292 -10.5
-139.285 4.83402 -10.5
-139.749 2.68558 -10.5
-140.186 0.537142 -10.5
-140.622 -1.6113 -10.5
-141.025 -3.75973 -10.5
-141.26 -4.83395 -10.5
-141.495 -5.90817 -10.5
-141.898 -8.05661 -10.5
-142.265 -10.205 -10.5
-142.611 -12.3535 -10.5
-142.905 -14.5019 -10.5
-143.166 -16.6504 -10.5
-143.304 -18.7988 -10.5
-143.372 -20.9472 -10.5
-143.408 -22.0215 -10.5
-143.443 -23.0957 -10.5
-143.443 -25.2441 -10.5
-143.443 -27.3926 -10.5
-143.408 -28.4668 -10.5
-143.374 -29.541 -10.5
-143.304 -31.6894 -10.5
-143.235 -33.8379 -10.5
-143.039 -35.9863 -10.5
-142.77 -38.1347 -10.5
-142.502 -40.2832 -10.5
-142.099 -42.4316 -10.5
-141.71 -44.5801 -10.5
-141.293 -46.7285 -10.5
-141.26 -46.8628 -10.5
-140.74 -48.8769 -10.5
-140.186 -51.0254 -10.5
-139.562 -53.1738 -10.5
-139.111 -54.5703 -10.5
-138.869 -55.3223 -10.5
-138.138 -57.4707 -10.5
-137.332 -59.6191 -10.5
-136.963 -60.5281 -10.5
-136.443 -61.7676 -10.5
-135.495 -63.916 -10.5
-134.814 -65.3739 -10.5
-134.492 -66.0644 -10.5
-133.444 -68.2129 -10.5
-132.666 -69.7168 -10.5
-132.333 -70.3613 -10.5
-131.147 -72.5098 -10.5
-130.518 -73.584 -10.5
-129.865 -74.6582 -10.5
-128.484 -76.8066 -10.5
-128.369 -76.9762 -10.5
-127.026 -78.9551 -10.5
-126.221 -80.0293 -10.5
-125.385 -81.1035 -10.5
-124.072 -82.7916 -10.5
-123.7 -83.252 -10.5
-121.924 -85.3516 -10.5
-121.881 -85.4004 -10.5
-119.904 -87.5488 -10.5
-119.775 -87.6889 -10.5
-117.767 -89.6973 -10.5
-117.627 -89.8315 -10.5
-115.479 -91.8027 -10.5
-115.43 -91.8457 -10.5
-113.33 -93.6223 -10.5
-112.87 -93.9941 -10.5
-111.182 -95.3576 -10.5
-110.161 -96.1426 -10.5
-109.033 -96.9781 -10.5
-107.167 -98.291 -10.5
-106.885 -98.4899 -10.5
-104.736 -100.002 -10.5
-104.041 -100.439 -10.5
-102.588 -101.322 -10.5
-100.618 -102.588 -10.5
-100.439 -102.699 -10.5
-98.291 -103.884 -10.5
-96.7468 -104.736 -10.5
-96.1426 -105.059 -10.5
-93.9941 -106.133 -10.5
-92.3828 -106.885 -10.5
-91.8457 -107.135 -10.5
-89.6973 -108.066 -10.5
-87.5488 -108.926 -10.5
-87.2803 -109.033 -10.5
-85.4004 -109.785 -10.5
-83.252 -110.573 -10.5
-81.4258 -111.182 -10.5
-81.1035 -111.289 -10.5
-78.9551 -111.934 -10.5
-76.8066 -112.626 -10.5
-74.6582 -113.215 -10.5
-74.2554 -113.33 -10.5
-72.5098 -113.796 -10.5
-70.3613 -114.297 -10.5
-68.2129 -114.775 -10.5
-66.0644 -115.28 -10.5
-64.9902 -115.479 -10.5
-63.916 -115.664 -10.5
-61.7676 -116.034 -10.5
-59.6191 -116.405 -10.5
-57.4707 -116.745 -10.5
-55.3223 -117.03 -10.5
-53.1738 -117.269 -10.5
-51.0254 -117.503 -10.5
-49.414 -117.627 -10.5
-48.8769 -117.665 -10.5
-46.7285 -117.896 -10.5
-44.5801 -118.109 -10.5
-42.4316 -118.331 -10.5
-40.2832 -118.479 -10.5
-38.1347 -118.627 -10.5
-35.9863 -118.737 -10.5
-33.8379 -118.809 -10.5
-31.6894 -118.809 -10.5
-29.541 -118.849 -10.5
-27.3926 -118.809 -10.5
-25.2441 -118.809 -10.5
-23.0957 -118.775 -10.5
-20.9472 -118.737 -10.5
-18.7988 -118.737 -10.5
-16.6504 -118.737 -10.5
-14.5019 -118.737 -10.5
-12.3535 -118.775 -10.5
-10.205 -118.809 -10.5
-8.05661 -118.88 -10.5
-5.90817 -119.023 -10.5
-3.75973 -119.117 -10.5
-1.6113 -119.256 -10.5
0.537142 -119.394 -10.5
2.68558 -119.596 -10.5
4.83402 -119.74 -10.5
5.19209 -119.775 -10.5
