-51.0254 -111.216 47
-48.8769 -111.355 47
-46.7285 -111.494 47
-44.5801 -111.563 47
-42.4316 -111.632 47
-40.2832 -111.701 47
-38.1347 -111.771 47
-35.9863 -111.771 47
-33.8379 -111.84 47
-31.6894 -111.84 47
-29.541 -111.84 47
-27.3926 -111.84 47
-25.2441 -111.771 47
-23.0957 -111.701 47
-20.9472 -111.563 47
-18.7988 -111.424 47
-16.6504 -111.282 47
-15.5761 -111.182 47
-14.5019 -111.074 47
-12.3535 -110.859 47
-10.205 -110.611 47
-8.05661 -110.454 47
-5.90817 -110.275 47
-3.75973 -110.208 47
-1.6113 -110.141 47
0.537142 -110.208 47
2.68558 -110.275 47
4.83402 -110.454 47
6.98246 -110.678 47
9.13089 -110.939 47
11.0108 -111.182 47
11.2793 -111.215 47
13.4278 -111.424 47
15.5762 -111.632 47
17.7246 -111.819 47
19.8731 -111.954 47
22.0215 -112.088 47
24.17 -112.155 47
26.3184 -112.155 47
28.4668 -112.155 47
30.6153 -112.117 47
32.7637 -112.088 47
34.9122 -111.979 47
37.0606 -111.887 47
39.209 -111.752 47
41.3575 -111.618 47
43.5059 -111.417 47
45.6543 -111.215 47
45.9229 -111.182 47
47.8028 -110.939 47
49.9512 -110.662 47
52.0997 -110.342 47
54.2481 -110.038 47
56.3965 -109.671 47
58.545 -109.335 47
60.1563 -109.033 47
60.6934 -108.929 47
62.8419 -108.513 47
64.9903 -108.028 47
67.1387 -107.543 47
69.2872 -107.053 47
69.9586 -106.885 47
71.4356 -106.504 47
73.584 -105.911 47
75.7325 -105.307 47
77.7616 -104.736 47
77.8809 -104.701 47
80.0294 -103.984 47
82.1778 -103.246 47
84.0333 -102.588 47
84.3262 -102.484 47
86.4747 -101.693 47
88.6231 -100.833 47
89.5321 -100.439 47
90.7715 -99.9023 47
92.92 -98.8466 47
94.0709 -98.291 47
95.0684 -97.8095 47
97.2169 -96.6241 47
98.0897 -96.1426 47
99.3653 -95.4136 47
101.514 -94.1092 47
101.703 -93.9941 47
103.662 -92.8048 47
105.076 -91.8457 47
105.811 -91.347 47
107.959 -89.8891 47
108.228 -89.6973 47
110.107 -88.2512 47
110.977 -87.5488 47
112.256 -86.5159 47
113.574 -85.4004 47
114.404 -84.698 47
116.039 -83.252 47
116.553 -82.7793 47
118.374 -81.1035 47
118.701 -80.7902 47
120.536 -78.9551 47
120.85 -78.6281 47
122.595 -76.8066 47
122.998 -76.3672 47
124.502 -74.6582 47
125.147 -73.8909 47
126.262 -72.5098 47
127.295 -71.167 47
127.892 -70.3613 47
129.324 -68.2129 47
129.443 -68.0338 47
130.709 -66.0644 47
131.592 -64.5203 47
131.937 -63.916 47
133.185 -61.7676 47
133.74 -60.6933 47
134.296 -59.6191 47
135.407 -57.4707 47
135.889 -56.4732 47
136.426 -55.3223 47
137.428 -53.1738 47
138.037 -51.7691 47
138.349 -51.0254 47
139.25 -48.8769 47
140.151 -46.7285 47
140.186 -46.6459 47
141.052 -44.5801 47
141.94 -42.4316 47
142.334 -41.5876 47
142.964 -40.2832 47
144.06 -38.1347 47
144.483 -37.3962 47
145.35 -35.9863 47
146.631 -34.3213 47
147.07 -33.8379 47
148.779 -32.2032 47
149.567 -31.6894 47
150.928 -30.9335 47
153.076 -30.1497 47
155.225 -29.7916 47
157.373 -29.7143 47
159.522 -29.9103 47
161.67 -30.246 47
163.818 -30.6152 47
165.967 -31.0516 47
168.115 -31.5267 47
168.883 -31.6894 47
170.264 -31.9738 47
172.412 -32.3529 47
174.561 -32.7321 47
176.709 -33.1112 47
178.858 -33.4271 47
181.006 -33.7431 47
181.65 -33.8379 47
183.154 -34.059 47
185.303 -34.261 47
187.451 -34.4564 47
189.6 -34.6277 47
191.748 -34.6909 47
193.897 -34.6909 47
196.045 -34.5645 47
198.193 -34.3118 47
200.342 -33.8695 47
200.449 -33.8379 47
202.49 -33.2376 47
204.639 -32.373 47
206.049 -31.6894 47
206.787 -31.3083 47
208.936 -29.9349 47
209.449 -29.541 47
211.084 -28.1982 47
211.986 -27.3926 47
213.233 -26.1944 47
214.148 -25.2441 47
215.381 -23.8566 47
216.057 -23.0957 47
217.529 -21.289 47
217.808 -20.9472 47
219.399 -18.7988 47
219.678 -18.403 47
220.867 -16.6504 47
221.826 -15.1584 47
222.22 -14.5019 47
223.316 -12.3535 47
223.975 -10.9928 47
224.344 -10.205 47
225.179 -8.05661 47
225.955 -5.90817 47
226.123 -5.37106 47
226.611 -3.75973 47
227.197 -1.6113 47
227.783 0.537142 47
228.272 2.32751 47
228.369 2.68558 47
228.872 4.83402 47
229.346 6.98246 47
229.714 9.13089 47
229.96 11.2793 47
230.144 13.4278 47
230.136 15.5762 47
229.96 17.7246 47
229.63 19.8731 47
229.188 22.0215 47
228.565 24.17 47
228.272 25.0489 47
227.848 26.3184 47
227.067 28.4668 47
226.156 30.6153 47
226.123 30.6824 47
225.049 32.7637 47
223.975 34.6138 47
223.796 34.9122 47
222.382 37.0606 47
221.826 37.793 47
220.672 39.209 47
219.678 40.328 47
218.69 41.3575 47
217.529 42.5176 47
216.455 43.5059 47
215.381 44.421 47
213.867 45.6543 47
213.233 46.1716 47
211.084 47.763 47
211.024 47.8028 47
208.936 49.1456 47
207.609 49.9512 47
206.787 50.4167 47
204.639 51.4193 47
203.069 52.0997 47
202.49 52.3422 47
200.342 53.0353 47
198.193 53.659 47
196.045 54.1441 47
195.508 54.2481 47
193.897 54.5502 47
191.748 54.8859 47
189.6 55.0619 47
187.451 55.1545 47
185.303 55.1545 47
183.154 55.0202 47
181.006 54.8188 47
178.858 54.4831 47
177.354 54.2481 47
176.709 54.1407 47
174.561 53.7283 47
172.412 53.3417 47
170.264 52.9389 47
168.115 52.6194 47
165.967 52.3422 47
163.818 52.1343 47
161.67 52.1355 47
159.522 52.359 47
157.373 52.9053 47
155.225 53.8763 47
154.656 54.2481 47
153.076 55.4688 47
152.149 56.3965 47
150.928 57.81 47
150.391 58.545 47
148.978 60.6934 47
148.779 61.0291 47
147.744 62.8419 47
146.631 64.9187 47
146.593 64.9903 47
145.365 67.1387 47
144.483 68.6829 47
144.137 69.2872 47
142.833 71.4356 47
142.334 72.2114 47
141.452 73.584 47
140.186 75.4498 47
139.971 75.7325 47
138.166 77.8809 47
138.037 78.021 47
136.113 80.0294 47
135.889 80.2442 47
133.74 82.1348 47
133.687 82.1778 47
131.592 83.7294 47
130.697 84.3262 47
129.443 85.1041 47
127.295 86.3635 47
127.08 86.4747 47
125.147 87.4415 47
122.998 88.3805 47
122.42 88.6231 47
120.85 89.2815 47
118.701 90.0439 47
116.553 90.7369 47
116.445 90.7715 47
114.404 91.4299 47
112.256 91.9844 47
110.107 92.5388 47
108.63 92.92 47
107.959 93.0878 47
105.811 93.5578 47
103.662 93.9942 47
101.514 94.41 47
99.3653 94.8178 47
97.8614 95.0684 47
97.2169 95.1758 47
95.0684 95.4759 47
92.92 95.7206 47
90.7715 96.0187 47
88.6231 96.2666 47
86.4747 96.635 47
84.3262 96.9931 47
83.252 97.2169 47
82.1778 97.4158 47
80.0294 97.8932 47
77.8809 98.3707 47
75.7325 98.8666 47
73.7375 99.3653 47
73.584 99.4011 47
71.4356 99.8851 47
69.2872 100.232 47
67.1387 100.505 47
64.9903 100.7 47
62.8419 100.83 47
60.6934 100.895 47
58.545 100.895 47
56.3965 100.895 47
54.2481 100.895 47
52.0997 100.895 47
49.9512 100.83 47
47.8028 100.809 47
45.6543 100.742 47
43.5059 100.607 47
41.3575 100.473 47
39.209 100.162 47
37.0606 99.8851 47
34.9122 99.4693 47
34.4518 99.3653 47
32.7637 98.9714 47
30.6153 98.6615 47
28.4668 98.3652 47
26.3184 98.1429 47
24.17 97.9947 47
22.0215 97.7725 47
19.8731 97.5621 47
17.7246 97.2566 47
17.4561 97.2169 47
15.5762 96.9384 47
13.4278 96.6201 47
11.2793 96.3492 47
9.13089 96.184 47
6.98246 96.0187 47
4.83402 95.9361 47
2.68558 95.8534 47
0.537142 95.7708 47
-1.6113 95.713 47
-3.75973 95.713 47
-5.90817 95.7708 47
-8.05661 95.8534 47
-10.205 95.9708 47
-12.3535 96.184 47
-14.5019 96.4319 47
-16.6504 96.7624 47
-18.7988 97.0975 47
-19.4433 97.2169 47
-20.9472 97.4854 47
-23.0957 97.7725 47
-25.2441 98.1429 47
-27.3926 98.4701 47
-29.541 98.8282 47
-31.6894 99.2579 47
-32.2265 99.3653 47
-33.8379 99.6772 47
-35.9863 100.024 47
-38.1347 100.309 47
-40.2832 100.505 47
-42.4316 100.635 47
-44.5801 100.635 47
-46.7285 100.661 47
-48.8769 100.661 47
-51.0254 100.661 47
-53.1738 100.635 47
-55.3223 100.635 47
-57.4707 100.635 47
-59.6191 100.635 47
-61.7676 100.54 47
-63.916 100.44 47
-66.0644 100.244 47
-68.2129 99.936 47
-70.3613 99.5331 47
-71.1286 99.3653 47
-72.5098 99.0632 47
-74.6582 98.5932 47
-76.8066 98.1232 47
-78.9551 97.6533 47
-81.1035 97.2494 47
-81.257 97.2169 47
-83.252 96.7805 47
-85.4004 96.3506 47
-87.5488 95.9347 47
-89.6973 95.572 47
-91.8457 95.1724 47
-92.4902 95.0684 47
-93.9941 94.8259 47
-96.1426 94.4306 47
-98.291 94.0278 47
-100.439 93.5578 47
-102.588 93.0878 47
-103.259 92.92 47
-104.736 92.5388 47
-106.885 92.0136 47
-109.033 91.4299 47
-111.182 90.8723 47
-111.504 90.7715 47
-113.33 90.1825 47
-115.479 89.5587 47
-117.627 88.8657 47
-118.311 88.6231 47
-119.775 88.086 47
-121.924 87.2717 47
-123.689 86.4747 47
-124.072 86.2956 47
-126.221 85.293 47
-127.927 84.3262 47
-128.369 84.0577 47
-130.518 82.5496 47
-130.978 82.1778 47
-132.666 80.7007 47
-133.337 80.0294 47
-134.814 78.2569 47
-135.093 77.8809 47
-136.541 75.7325 47
-136.963 74.994 47
-137.741 73.584 47
-138.778 71.4356 47
-139.111 70.6919 47
-139.7 69.2872 47
-140.463 67.1387 47
-141.224 64.9903 47
-141.26 64.8829 47
-141.94 62.8419 47
-142.656 60.6934 47
-143.408 58.6426 47
-143.444 58.545 47
-144.232 56.3965 47
-145.211 54.2481 47
-145.557 53.5575 47
-146.313 52.0997 47
-147.662 49.9512 47
-147.705 49.8947 47
-149.512 47.8028 47
-149.854 47.461 47
-152.002 45.7833 47
-152.271 45.6543 47
-154.15 44.8487 47
-156.299 44.2579 47
-158.447 44.0257 47
-160.596 44.0766 47
-162.744 44.278 47
-164.893 44.5801 47
-167.041 44.9708 47
-169.189 45.4194 47
-170.129 45.6543 47
-171.338 45.9473 47
-173.486 46.4681 47
-175.635 47.0541 47
-177.783 47.5749 47
-178.857 47.8028 47
-179.932 48.0239 47
-182.08 48.3859 47
-184.229 48.6681 47
-186.377 48.8472 47
-188.525 48.877 47
-190.674 48.7822 47
-192.822 48.5077 47
-194.971 48.0453 47
-195.654 47.8028 47
-197.119 47.183 47
-199.268 45.9813 47
-199.769 45.6543 47
-201.416 44.2817 47
-202.414 43.5059 47
-203.564 42.1631 47
-204.308 41.3575 47
-205.713 39.3284 47
-205.82 39.209 47
-206.921 37.0606 47
-207.459 34.9122 47
-207.727 32.7637 47
-207.727 30.6153 47
-207.459 28.4668 47
-207.19 26.3184 47
-206.921 24.17 47
-206.384 22.0215 47
-205.847 19.8731 47
-205.713 19.336 47
-205.31 17.7246 47
-204.773 15.5762 47
-204.236 13.4278 47
-203.564 11.6374 47
-203.445 11.2793 47
-202.893 9.13089 47
-202.356 6.98246 47
-201.819 4.83402 47
-201.416 3.22269 47
-201.263 2.68558 47
-200.649 0.537142 47
-200.035 -1.6113 47
-199.421 -3.75973 47
-199.268 -4.83395 47
-199.114 -5.90817 47
-198.5 -8.05661 47
-197.886 -10.205 47
-197.273 -12.3535 47
-197.119 -13.4277 47
-196.94 -14.5019 47
-196.224 -16.6504 47
-195.508 -18.7988 47
-194.971 -20.4101 47
-194.817 -20.9472 47
-194.076 -23.0957 47
-193.359 -25.2441 47
-192.822 -26.3183 47
-192.362 -27.3926 47
-191.211 -29.541 47
-190.674 -30.3467 47
-189.779 -31.6894 47
-188.525 -32.7637 47
-187.272 -33.8379 47
-186.377 -34.3262 47
-184.229 -35.6027 47
-183.557 -35.9863 47
-182.08 -36.5771 47
-179.932 -37.2473 47
-177.783 -37.6971 47
-175.635 -37.9495 47
-173.486 -38.0308 47
-171.338 -37.972 47
-169.189 -37.6744 47
-167.041 -37.3674 47
-164.893 -36.9991 47
-162.744 -36.6308 47
-160.596 -36.2625 47
-158.662 -35.9863 47
-158.447 -35.9547 47
-156.299 -35.9527 47
-155.762 -35.9863 47
-154.15 -36.0903 47
-152.002 -36.6901 47
-149.854 -37.7629 47
-149.37 -38.1347 47
-147.705 -39.6484 47
-147.147 -40.2832 47
-145.557 -42.3751 47
-145.517 -42.4316 47
-144.137 -44.5801 47
-143.408 -45.8557 47
-142.909 -46.7285 47
-141.667 -48.8769 47
-141.26 -49.6155 47
-140.508 -51.0254 47
-139.362 -53.1738 47
-139.111 -53.6438 47
-138.185 -55.3223 47
-137 -57.4707 47
-136.963 -57.5339 47
-135.741 -59.6191 47
-134.814 -61.1989 47
-134.469 -61.7676 47
-133.088 -63.916 47
-132.666 -64.5379 47
-131.63 -66.0644 47
-130.518 -67.704 47
-130.16 -68.2129 47
-128.568 -70.3613 47
-128.369 -70.6299 47
-126.977 -72.5098 47
-126.221 -73.4375 47
-125.188 -74.6582 47
-124.072 -75.9766 47
-123.342 -76.8066 47
-121.924 -78.3479 47
-121.365 -78.9551 47
-119.775 -80.6112 47
-119.283 -81.1035 47
-117.627 -82.7596 47
-117.113 -83.252 47
-115.479 -84.7559 47
-114.778 -85.4004 47
-113.33 -86.6812 47
-112.305 -87.5488 47
-111.182 -88.4991 47
-109.624 -89.6973 47
-109.033 -90.1517 47
-106.885 -91.8044 47
-106.831 -91.8457 47
-104.736 -93.3419 47
-103.775 -93.9941 47
-102.588 -94.7998 47
-100.499 -96.1426 47
-100.439 -96.1809 47
-98.291 -97.4854 47
-96.8811 -98.291 47
-96.1426 -98.6985 47
-93.9941 -99.864 47
-92.9199 -100.439 47
-91.8457 -100.995 47
-89.6973 -102.032 47
-88.5463 -102.588 47
-87.5488 -103.053 47
-85.4004 -103.913 47
-83.3415 -104.736 47
-83.252 -104.772 47
-81.1035 -105.56 47
-78.9551 -106.226 47
-76.8066 -106.85 47
-76.6873 -106.885 47
-74.6582 -107.455 47
-72.5098 -107.959 47
-70.3613 -108.444 47
-68.2129 -108.854 47
-67.3177 -109.033 47
-66.0644 -109.268 47
-63.916 -109.553 47
-61.7676 -109.9 47
-59.6191 -110.246 47
-57.4707 -110.523 47
-55.3223 -110.788 47
-53.1738 -111.003 47
-51.3834 -111.182 47
