9.13089 -119.943 -18
11.2793 -120.087 -18
13.4278 -120.295 -18
15.5762 -120.547 -18
17.7246 -120.749 -18
19.8731 -120.95 -18
22.0215 -121.152 -18
24.17 -121.305 -18
26.3184 -121.436 -18
28.4668 -121.45 -18
30.6153 -121.501 -18
32.7637 -121.501 -18
34.9122 -121.501 -18
37.0606 -121.436 -18
39.209 -121.37 -18
41.3575 -121.24 -18
43.5059 -121.045 -18
45.6543 -120.816 -18
47.8028 -120.503 -18
49.9512 -120.145 -18
51.9206 -119.775 -18
52.0997 -119.74 -18
54.2481 -119.256 -18
56.3965 -118.77 -18
58.545 -118.216 -18
60.6934 -117.662 -18
60.8277 -117.627 -18
62.8419 -117.09 -18
64.9903 -116.483 -18
67.1387 -115.86 -18
68.4517 -115.479 -18
69.2872 -115.228 -18
71.4356 -114.583 -18
73.584 -113.919 -18
75.4102 -113.33 -18
75.7325 -113.219 -18
77.8809 -112.435 -18
80.0294 -111.701 -18
81.3721 -111.182 -18
82.1778 -110.859 -18
84.3262 -110.072 -18
86.4747 -109.141 -18
86.7226 -109.033 -18
88.6231 -108.21 -18
90.7715 -107.207 -18
91.4161 -106.885 -18
92.92 -106.133 -18
95.0684 -104.987 -18
95.5108 -104.736 -18
97.2169 -103.736 -18
99.1757 -102.588 -18
99.3653 -102.473 -18
101.514 -101.092 -18
102.528 -100.439 -18
103.662 -99.7105 -18
105.649 -98.291 -18
105.811 -98.1717 -18
107.959 -96.5802 -18
108.522 -96.1426 -18
110.107 -94.8618 -18
111.133 -93.9941 -18
112.256 -93.0059 -18
113.517 -91.8457 -18
114.404 -91.0293 -18
115.792 -89.6973 -18
116.553 -88.9364 -18
117.94 -87.5488 -18
118.701 -86.7548 -18
119.947 -85.4004 -18
120.85 -84.4196 -18
121.883 -83.252 -18
122.998 -81.9336 -18
123.7 -81.1035 -18
125.147 -79.2236 -18
125.353 -78.9551 -18
126.937 -76.8066 -18
127.295 -76.2978 -18
128.408 -74.6582 -18
129.443 -72.9521 -18
129.712 -72.5098 -18
130.962 -70.3613 -18
131.592 -69.22 -18
132.129 -68.2129 -18
133.185 -66.0644 -18
133.74 -64.9135 -18
134.191 -63.916 -18
135.092 -61.7676 -18
135.889 -59.867 -18
135.993 -59.6191 -18
136.755 -57.4707 -18
137.517 -55.3223 -18
138.037 -53.5319 -18
138.141 -53.1738 -18
138.765 -51.0254 -18
139.319 -48.8769 -18
139.804 -46.7285 -18
140.186 -44.7591 -18
140.219 -44.5801 -18
140.555 -42.4316 -18
140.891 -40.2832 -18
141.159 -38.1347 -18
141.428 -35.9863 -18
141.585 -33.8379 -18
141.734 -31.6894 -18
141.797 -29.541 -18
141.86 -27.3926 -18
141.86 -25.2441 -18
141.846 -23.0957 -18
141.846 -20.9472 -18
141.781 -18.7988 -18
141.716 -16.6504 -18
141.65 -14.5019 -18
141.52 -12.3535 -18
141.361 -10.205 -18
141.159 -8.05661 -18
140.983 -5.90817 -18
140.775 -3.75973 -18
140.636 -1.6113 -18
140.428 0.537142 -18
140.353 2.68558 -18
140.219 4.83402 -18
140.186 5.19209 -18
140.018 6.98246 -18
139.816 9.13089 -18
139.548 11.2793 -18
139.279 13.4278 -18
138.944 15.5762 -18
138.608 17.7246 -18
138.205 19.8731 -18
138.037 20.7683 -18
137.802 22.0215 -18
137.399 24.17 -18
136.929 26.3184 -18
136.409 28.4668 -18
135.889 30.481 -18
135.854 30.6153 -18
135.23 32.7637 -18
134.607 34.9122 -18
133.914 37.0606 -18
133.74 37.5977 -18
133.221 39.209 -18
132.458 41.3575 -18
131.696 43.5059 -18
131.592 43.7745 -18
130.864 45.6543 -18
130.033 47.8028 -18
129.443 49.3246 -18
129.193 49.9512 -18
128.333 52.0997 -18
127.402 54.2481 -18
127.295 54.496 -18
126.471 56.3965 -18
125.469 58.545 -18
125.147 59.2355 -18
124.443 60.6934 -18
123.332 62.8419 -18
122.998 63.4461 -18
122.146 64.9903 -18
120.888 67.1387 -18
120.85 67.1984 -18
119.507 69.2872 -18
118.701 70.4745 -18
117.999 71.4356 -18
116.553 73.3155 -18
116.338 73.584 -18
114.447 75.7325 -18
114.404 75.7792 -18
112.471 77.8809 -18
112.256 78.0958 -18
110.154 80.0294 -18
110.107 80.0723 -18
107.959 81.8886 -18
107.583 82.1778 -18
105.811 83.4907 -18
104.557 84.3262 -18
103.662 84.9017 -18
101.514 86.2061 -18
101.012 86.4747 -18
99.3653 87.2982 -18
97.2169 88.2292 -18
96.3079 88.6231 -18
95.0684 89.1429 -18
92.92 89.9052 -18
90.7715 90.6641 -18
90.4135 90.7715 -18
88.6231 91.2751 -18
86.4747 91.8122 -18
84.3262 92.2822 -18
82.1778 92.7467 -18
81.4105 92.92 -18
80.0294 93.2221 -18
77.8809 93.6249 -18
75.7325 94.0278 -18
73.584 94.3635 -18
71.4356 94.6992 -18
69.2872 95.0338 -18
69.0186 95.0684 -18
67.1387 95.3034 -18
64.9903 95.572 -18
62.8419 95.8405 -18
60.6934 96.1091 -18
58.545 96.338 -18
56.3965 96.5984 -18
54.2481 96.7937 -18
52.0997 96.9819 -18
49.9512 97.1162 -18
47.8028 97.1833 -18
46.7286 97.2169 -18
45.6543 97.2504 -18
43.5059 97.2504 -18
42.4317 97.2169 -18
41.3575 97.1833 -18
39.209 97.049 -18
37.0606 96.8476 -18
34.9122 96.5984 -18
32.7637 96.3105 -18
30.6153 96.0419 -18
28.4668 95.7734 -18
26.3184 95.5048 -18
24.17 95.2363 -18
22.8272 95.0684 -18
22.0215 94.9645 -18
19.8731 94.6873 -18
17.7246 94.3635 -18
15.5762 94.0949 -18
13.4278 93.8264 -18
11.2793 93.5784 -18
9.13089 93.3705 -18
6.98246 93.2319 -18
4.83402 93.0932 -18
2.68558 93.0239 -18
0.537142 93.0207 -18
-1.6113 92.9536 -18
-3.75973 93.0207 -18
-5.90817 93.0239 -18
-8.05661 93.1626 -18
-10.205 93.3012 -18
-12.3535 93.4907 -18
-14.5019 93.717 -18
-16.6504 93.9942 -18
-18.7988 94.2963 -18
-20.9472 94.632 -18
-23.0957 94.9006 -18
-24.4385 95.0684 -18
-25.2441 95.1724 -18
-27.3926 95.4496 -18
-29.541 95.7062 -18
-31.6894 95.9748 -18
-33.8379 96.2434 -18
-35.9863 96.4682 -18
-38.1347 96.6635 -18
-40.2832 96.8061 -18
-42.4316 96.9325 -18
-44.5801 96.9957 -18
-46.7285 97.0589 -18
-48.8769 97.1192 -18
-51.0254 97.1162 -18
-53.1738 97.049 -18
-55.3223 96.9147 -18
-57.4707 96.6462 -18
-59.6191 96.3776 -18
-61.7676 96.0733 -18
-63.916 95.7961 -18
-66.0644 95.5189 -18
-68.2129 95.2417 -18
-69.2871 95.0684 -18
-70.3613 94.8952 -18
-72.5098 94.6179 -18
-74.6582 94.2292 -18
-76.8066 93.8264 -18
-78.9551 93.4235 -18
-81.1035 92.9536 -18
-81.257 92.92 -18
-83.252 92.4695 -18
-85.4004 91.9151 -18
-87.5488 91.3606 -18
-89.5779 90.7715 -18
-89.6973 90.7357 -18
-91.8457 90.0196 -18
-93.9941 89.2815 -18
-95.695 88.6231 -18
-96.1426 88.4441 -18
-98.291 87.4415 -18
-100.225 86.4747 -18
-100.439 86.3635 -18
-102.588 85.1041 -18
-103.775 84.3262 -18
-104.736 83.6499 -18
-106.629 82.1778 -18
-106.885 81.9712 -18
-109.033 80.1583 -18
-109.173 80.0294 -18
-111.182 78.1817 -18
-111.495 77.8809 -18
-113.33 75.966 -18
-113.537 75.7325 -18
-115.35 73.584 -18
-115.479 73.4229 -18
-117.007 71.4356 -18
-117.627 70.5875 -18
-118.542 69.2872 -18
-119.775 67.4371 -18
-119.974 67.1387 -18
-121.348 64.9903 -18
-121.924 64.0424 -18
-122.604 62.8419 -18
-123.739 60.6934 -18
-124.072 60.0028 -18
-124.753 58.545 -18
-125.755 56.3965 -18
-126.221 55.3223 -18
-126.671 54.2481 -18
-127.503 52.0997 -18
-128.262 49.9512 -18
-128.369 49.629 -18
-128.958 47.8028 -18
-129.651 45.6543 -18
-130.344 43.5059 -18
-130.518 42.9091 -18
-130.954 41.3575 -18
-131.523 39.209 -18
-132.077 37.0606 -18
-132.631 34.9122 -18
-132.666 34.7779 -18
-133.17 32.7637 -18
-133.671 30.6153 -18
-134.156 28.4668 -18
-134.711 26.3184 -18
-134.814 25.858 -18
-135.196 24.17 -18
-135.721 22.0215 -18
-136.235 19.8731 -18
-136.72 17.7246 -18
-136.963 16.6504 -18
-137.205 15.5762 -18
-137.691 13.4278 -18
-138.176 11.2793 -18
-138.661 9.13089 -18
-139.111 7.13592 -18
-139.145 6.98246 -18
-139.548 4.83402 -18
-140.018 2.68558 -18
-140.488 0.537142 -18
-140.948 -1.6113 -18
-141.26 -3.22263 -18
-141.364 -3.75973 -18
-141.83 -5.90817 -18
-142.233 -8.05661 -18
-142.611 -10.205 -18
-142.958 -12.3535 -18
-143.229 -14.5019 -18
-143.374 -16.6504 -18
-143.408 -17.0084 -18
-143.581 -18.7988 -18
-143.659 -20.9472 -18
-143.72 -23.0957 -18
-143.73 -25.2441 -18
-143.73 -27.3926 -18
-143.659 -29.541 -18
-143.587 -31.6894 -18
-143.516 -33.8379 -18
-143.443 -35.9863 -18
-143.408 -36.5234 -18
-143.304 -38.1347 -18
-143.096 -40.2832 -18
-142.77 -42.4316 -18
-142.435 -44.5801 -18
-141.987 -46.7285 -18
-141.495 -48.8769 -18
-141.26 -49.7124 -18
-140.879 -51.0254 -18
-140.255 -53.1738 -18
-139.562 -55.3223 -18
-139.111 -56.7187 -18
-138.861 -57.4707 -18
-138.037 -59.6191 -18
-137.205 -61.7676 -18
-136.963 -62.346 -18
-136.283 -63.916 -18
-135.28 -66.0644 -18
-134.814 -67.0619 -18
-134.259 -68.2129 -18
-133.073 -70.3613 -18
-132.666 -71.0998 -18
-131.888 -72.5098 -18
-130.633 -74.6582 -18
-130.518 -74.8372 -18
-129.252 -76.8066 -18
-128.369 -78.107 -18
-127.772 -78.9551 -18
-126.261 -81.1035 -18
-126.221 -81.1547 -18
-124.527 -83.252 -18
-124.072 -83.8146 -18
-122.74 -85.4004 -18
-121.924 -86.2878 -18
-120.715 -87.5488 -18
-119.775 -88.4888 -18
-118.514 -89.6973 -18
-117.627 -90.5477 -18
-116.211 -91.8457 -18
-115.479 -92.4654 -18
-113.586 -93.9941 -18
-113.33 -94.2007 -18
-111.182 -95.8641 -18
-110.806 -96.1426 -18
-109.033 -97.4086 -18
-107.798 -98.291 -18
-106.885 -98.9432 -18
-104.736 -100.32 -18
-104.547 -100.439 -18
-102.588 -101.629 -18
-101.008 -102.588 -18
-100.439 -102.921 -18
-98.291 -104.161 -18
-97.2168 -104.736 -18
-96.1426 -105.292 -18
-93.9941 -106.403 -18
-92.9199 -106.885 -18
-91.8457 -107.366 -18
-89.6973 -108.329 -18
-87.9964 -109.033 -18
-87.5488 -109.212 -18
-85.4004 -110 -18
-83.252 -110.774 -18
-82.0703 -111.182 -18
-81.1035 -111.504 -18
-78.9551 -112.182 -18
-76.8066 -112.755 -18
-74.7925 -113.33 -18
-74.6582 -113.367 -18
-72.5098 -113.886 -18
-70.3613 -114.366 -18
-68.2129 -114.802 -18
-66.0644 -115.107 -18
-64.1308 -115.479 -18
-63.916 -115.516 -18
-61.7676 -115.824 -18
-59.6191 -116.131 -18
-57.4707 -116.394 -18
-55.3223 -116.712 -18
-53.1738 -116.925 -18
-51.0254 -117.09 -18
-48.8769 -117.255 -18
-46.7285 -117.42 -18
-44.5801 -117.584 -18
-44.043 -117.627 -18
-42.4316 -117.738 -18
-40.2832 -117.886 -18
-38.1347 -118.034 -18
-35.9863 -118.183 -18
-33.8379 -118.257 -18
-31.6894 -118.331 -18
-29.541 -118.379 -18
-27.3926 -118.405 -18
-25.2441 -118.379 -18
-23.0957 -118.379 -18
-20.9472 -118.307 -18
-18.7988 -118.307 -18
-16.6504 -118.307 -18
-14.5019 -118.379 -18
-12.3535 -118.493 -18
-10.205 -118.6 -18
-8.05661 -118.735 -18
-5.90817 -118.869 -18
-3.75973 -119.003 -18
-1.6113 -119.157 -18
0.537142 -119.287 -18
2.68558 -119.473 -18
4.83402 -119.608 -18
6.98246 -119.742 -18
7.34053 -119.775 -18
