-48.8769 -115.807 -113
-46.7285 -116.123 -113
-44.5801 -116.404 -113
-42.4316 -116.642 -113
-40.2832 -116.86 -113
-38.1347 -117 -113
-35.9863 -117.12 -113
-33.8379 -117.179 -113
-31.6894 -117.228 -113
-29.541 -117.228 -113
-27.3926 -117.167 -113
-25.2441 -117.105 -113
-23.0957 -116.982 -113
-20.9472 -116.921 -113
-18.7988 -116.798 -113
-16.6504 -116.737 -113
-14.5019 -116.676 -113
-12.3535 -116.648 -113
-10.205 -116.614 -113
-8.05661 -116.614 -113
-5.90817 -116.553 -113
-3.75973 -116.553 -113
-1.6113 -116.584 -113
0.537142 -116.614 -113
2.68558 -116.648 -113
4.83402 -116.676 -113
6.98246 -116.798 -113
9.13089 -116.921 -113
11.2793 -117.06 -113
13.4278 -117.179 -113
15.5762 -117.308 -113
17.7246 -117.418 -113
19.8731 -117.482 -113
22.0215 -117.537 -113
24.17 -117.537 -113
26.3184 -117.482 -113
28.4668 -117.418 -113
30.6153 -117.308 -113
32.7637 -117.133 -113
34.9122 -116.959 -113
37.0606 -116.727 -113
39.209 -116.523 -113
41.3575 -116.225 -113
43.5059 -115.939 -113
45.6543 -115.632 -113
46.5495 -115.479 -113
47.8028 -115.264 -113
49.9512 -114.895 -113
52.0997 -114.466 -113
54.2481 -113.975 -113
56.3965 -113.422 -113
56.7546 -113.33 -113
58.545 -112.856 -113
60.6934 -112.194 -113
62.8419 -111.529 -113
63.9161 -111.182 -113
64.9903 -110.834 -113
67.1387 -110.076 -113
69.2872 -109.261 -113
69.8656 -109.033 -113
71.4356 -108.433 -113
73.584 -107.548 -113
75.0879 -106.885 -113
75.7325 -106.592 -113
77.8809 -105.589 -113
79.6937 -104.736 -113
80.0294 -104.574 -113
82.1778 -103.532 -113
84.1248 -102.588 -113
84.3262 -102.49 -113
86.4747 -101.449 -113
88.4335 -100.439 -113
88.6231 -100.342 -113
90.7715 -99.235 -113
92.604 -98.291 -113
92.92 -98.1232 -113
95.0684 -96.9147 -113
96.441 -96.1426 -113
97.2169 -95.7062 -113
99.3653 -94.4305 -113
100.064 -93.9941 -113
101.514 -93.0585 -113
103.304 -91.8457 -113
103.662 -91.5951 -113
105.811 -90.0911 -113
106.324 -89.6973 -113
107.959 -88.4008 -113
108.989 -87.5488 -113
110.107 -86.5542 -113
111.354 -85.4004 -113
112.256 -84.5649 -113
113.619 -83.252 -113
114.404 -82.4355 -113
115.638 -81.1035 -113
116.553 -80.0741 -113
117.512 -78.9551 -113
118.701 -77.5675 -113
119.331 -76.8066 -113
120.85 -74.8047 -113
120.957 -74.6582 -113
122.533 -72.5098 -113
122.998 -71.8448 -113
124.037 -70.3613 -113
125.147 -68.6963 -113
125.458 -68.2129 -113
126.724 -66.0644 -113
127.295 -65.0499 -113
127.933 -63.916 -113
129.074 -61.7676 -113
129.443 -61.029 -113
130.127 -59.6191 -113
131.104 -57.4707 -113
131.592 -56.3197 -113
132.015 -55.3223 -113
132.861 -53.1738 -113
133.707 -51.0254 -113
133.74 -50.9277 -113
134.445 -48.8769 -113
135.205 -46.7285 -113
135.889 -44.8486 -113
135.984 -44.5801 -113
136.637 -42.4316 -113
137.27 -40.2832 -113
137.816 -38.1347 -113
138.037 -37.0605 -113
138.258 -35.9863 -113
138.682 -33.8379 -113
138.927 -31.6894 -113
139.173 -29.541 -113
139.296 -27.3926 -113
139.418 -25.2441 -113
139.418 -23.0957 -113
139.418 -20.9472 -113
139.418 -18.7988 -113
139.32 -16.6504 -113
139.234 -14.5019 -113
139.111 -12.3535 -113
138.927 -10.205 -113
138.723 -8.05661 -113
138.425 -5.90817 -113
138.127 -3.75973 -113
138.037 -3.29936 -113
137.709 -1.6113 -113
137.351 0.537142 -113
136.902 2.68558 -113
136.411 4.83402 -113
135.889 6.8631 -113
135.858 6.98246 -113
135.244 9.13089 -113
134.569 11.2793 -113
133.835 13.4278 -113
133.74 13.6963 -113
133.077 15.5762 -113
132.192 17.7246 -113
131.592 19.1825 -113
131.299 19.8731 -113
130.322 22.0215 -113
129.443 23.9551 -113
129.346 24.17 -113
128.274 26.3184 -113
127.295 28.3997 -113
127.262 28.4668 -113
126.156 30.6153 -113
125.147 32.5741 -113
125.049 32.7637 -113
123.877 34.9122 -113
122.998 36.5235 -113
122.705 37.0606 -113
121.488 39.209 -113
120.85 40.2832 -113
120.212 41.3575 -113
118.936 43.5059 -113
118.701 43.8819 -113
117.558 45.6543 -113
116.553 47.1378 -113
116.102 47.8028 -113
114.578 49.9512 -113
114.404 50.1847 -113
112.886 52.0997 -113
112.256 52.8606 -113
111.023 54.2481 -113
110.107 55.2776 -113
109.075 56.3965 -113
107.959 57.5567 -113
107.009 58.545 -113
105.811 59.7911 -113
104.943 60.6934 -113
103.662 62.0254 -113
102.877 62.8419 -113
101.514 64.2053 -113
100.697 64.9903 -113
99.3653 66.2711 -113
98.463 67.1387 -113
97.2169 68.2925 -113
96.0492 69.2872 -113
95.0684 70.0928 -113
93.4337 71.4356 -113
92.92 71.8431 -113
90.7715 73.3988 -113
90.503 73.584 -113
88.6231 74.8373 -113
87.2097 75.7325 -113
86.4747 76.183 -113
84.3262 77.3102 -113
83.1849 77.8809 -113
82.1778 78.3845 -113
80.0294 79.3915 -113
78.5715 80.0294 -113
77.8809 80.3223 -113
75.7325 81.1036 -113
73.584 81.8197 -113
72.5098 82.1778 -113
71.4356 82.5359 -113
69.2872 83.1572 -113
67.1387 83.7077 -113
64.9903 84.2286 -113
64.5299 84.3262 -113
62.8419 84.6738 -113
60.6934 85.1161 -113
58.545 85.432 -113
56.3965 85.6848 -113
54.2481 85.8744 -113
52.0997 86.0639 -113
49.9512 86.1371 -113
47.8028 86.1371 -113
45.6543 86.1271 -113
43.5059 86.0143 -113
41.3575 85.8744 -113
39.209 85.6216 -113
37.0606 85.3057 -113
34.9122 84.9897 -113
32.7637 84.5474 -113
31.8238 84.3262 -113
30.6153 84.0419 -113
28.4668 83.5996 -113
26.3184 83.0309 -113
24.17 82.5253 -113
22.857 82.1778 -113
22.0215 81.9499 -113
19.8731 81.3247 -113
17.7246 80.756 -113
15.5762 80.1873 -113
14.9794 80.0294 -113
13.4278 79.6062 -113
11.2793 79.0779 -113
9.13089 78.6076 -113
6.98246 78.2285 -113
4.83402 77.9757 -113
3.22269 77.8809 -113
2.68558 77.8484 -113
0.537142 77.8484 -113
3.2e-05 77.8809 -113
-1.6113 77.9757 -113
-3.75973 78.2916 -113
-5.90817 78.734 -113
-8.05661 79.2807 -113
-10.205 79.8666 -113
-10.7422 80.0294 -113
-12.3535 80.5176 -113
-14.5019 81.1687 -113
-16.6504 81.7546 -113
-18.0468 82.1778 -113
-18.7988 82.4057 -113
-20.9472 82.9677 -113
-23.0957 83.4473 -113
-25.2441 83.9155 -113
-27.2391 84.3262 -113
-27.3926 84.3588 -113
-29.541 84.7494 -113
-31.6894 85.1161 -113
-33.8379 85.432 -113
-35.9863 85.7074 -113
-38.1347 86.0008 -113
-40.2832 86.2535 -113
-42.4316 86.444 -113
-42.7897 86.4747 -113
-44.5801 86.6326 -113
-46.7285 86.8123 -113
-48.8769 86.9351 -113
-51.0254 86.9351 -113
-53.1738 86.9351 -113
-55.3223 86.8123 -113
-57.4707 86.6895 -113
-59.6191 86.5054 -113
-59.8877 86.4747 -113
-61.7676 86.2535 -113
-63.916 85.9376 -113
-66.0644 85.5584 -113
-68.2129 85.1793 -113
-70.3613 84.737 -113
-71.913 84.3262 -113
-72.5098 84.1635 -113
-74.6582 83.4732 -113
-76.8066 82.7312 -113
-78.2114 82.1778 -113
-78.9551 81.8848 -113
-81.1035 80.9357 -113
-82.9163 80.0294 -113
-83.252 79.8561 -113
-85.4004 78.6779 -113
-86.7008 77.8809 -113
-87.5488 77.3438 -113
-89.6973 75.9831 -113
-90.0553 75.7325 -113
-91.8457 74.436 -113
-93.0222 73.584 -113
-93.9941 72.8551 -113
-95.8008 71.4356 -113
-96.1426 71.167 -113
-98.291 69.479 -113
-98.5245 69.2872 -113
-100.439 67.7142 -113
-101.111 67.1387 -113
-102.588 65.8727 -113
-103.576 64.9903 -113
-104.736 63.9161 -113
-105.896 62.8419 -113
-106.885 61.8916 -113
-108.083 60.6934 -113
-109.033 59.7051 -113
-110.107 58.545 -113
-111.182 57.3848 -113
-112.064 56.3965 -113
-113.33 54.8553 -113
-113.829 54.2481 -113
-115.479 52.1485 -113
-115.517 52.0997 -113
-117.145 49.9512 -113
-117.627 49.2862 -113
-118.701 47.8028 -113
-119.775 46.2452 -113
-120.169 45.6543 -113
-121.53 43.5059 -113
-121.924 42.8494 -113
-122.79 41.3575 -113
-123.904 39.209 -113
-124.072 38.8931 -113
-125.046 37.0606 -113
-126.117 34.9122 -113
-126.221 34.6973 -113
-127.1 32.7637 -113
-128.067 30.6153 -113
-128.369 29.9247 -113
-128.988 28.4668 -113
-129.899 26.3184 -113
-130.518 24.7484 -113
-130.745 24.17 -113
-131.56 22.0215 -113
-132.318 19.8731 -113
-132.666 18.8884 -113
-133.077 17.7246 -113
-133.709 15.5762 -113
-134.404 13.4278 -113
-134.814 12.0313 -113
-135.036 11.2793 -113
-135.643 9.13089 -113
-136.236 6.98246 -113
-136.805 4.83402 -113
-136.963 4.23723 -113
-137.362 2.68558 -113
-137.853 0.537142 -113
-138.344 -1.6113 -113
-138.827 -3.75973 -113
-139.111 -5.14087 -113
-139.269 -5.90817 -113
-139.648 -8.05661 -113
-140.028 -10.205 -113
-140.407 -12.3535 -113
-140.723 -14.5019 -113
-141.045 -16.6504 -113
-141.26 -18.1543 -113
-141.355 -18.7988 -113
-141.607 -20.9472 -113
-141.797 -23.0957 -113
-141.923 -25.2441 -113
-141.966 -27.3926 -113
-141.923 -29.541 -113
-141.797 -31.6894 -113
-141.607 -33.8379 -113
-141.291 -35.9863 -113
-141.26 -36.1653 -113
-140.912 -38.1347 -113
-140.407 -40.2832 -113
-139.838 -42.4316 -113
-139.206 -44.5801 -113
-139.111 -44.8486 -113
-138.448 -46.7285 -113
-137.647 -48.8769 -113
-136.963 -50.6122 -113
-136.8 -51.0254 -113
-135.889 -53.1738 -113
-134.915 -55.3223 -113
-134.814 -55.5237 -113
-133.841 -57.4707 -113
-132.701 -59.6191 -113
-132.666 -59.6788 -113
-131.453 -61.7676 -113
-130.518 -63.2178 -113
-130.052 -63.916 -113
-128.62 -66.0644 -113
-128.369 -66.4062 -113
-127.044 -68.2129 -113
-126.221 -69.3359 -113
-125.415 -70.3613 -113
-124.072 -71.996 -113
-123.65 -72.5098 -113
-121.924 -74.5239 -113
-121.809 -74.6582 -113
-119.895 -76.8066 -113
-119.775 -76.9409 -113
-117.985 -78.9551 -113
-117.627 -79.3418 -113
-115.996 -81.1035 -113
-115.479 -81.6406 -113
-113.982 -83.252 -113
-113.33 -83.9283 -113
-111.858 -85.4004 -113
-111.182 -86.0526 -113
-109.506 -87.5488 -113
-109.033 -87.9563 -113
-106.93 -89.6973 -113
-106.885 -89.7331 -113
-104.736 -91.3952 -113
-104.129 -91.8457 -113
-102.588 -92.9892 -113
-101.172 -93.9941 -113
-100.439 -94.5139 -113
-98.291 -96.0386 -113
-98.1376 -96.1426 -113
-96.1426 -97.4518 -113
-94.7998 -98.291 -113
-93.9941 -98.7946 -113
-91.8457 -100.081 -113
-91.2238 -100.439 -113
-89.6973 -101.318 -113
-87.5488 -102.49 -113
-87.3593 -102.588 -113
-85.4004 -103.567 -113
-83.252 -104.578 -113
-82.8939 -104.736 -113
-81.1035 -105.526 -113
-78.9551 -106.474 -113
-77.9576 -106.885 -113
-76.8066 -107.359 -113
-74.6582 -108.243 -113
-72.5924 -109.033 -113
-72.5098 -109.065 -113
-70.3613 -109.862 -113
-68.2129 -110.645 -113
-66.5527 -111.182 -113
-66.0644 -111.34 -113
-63.916 -112.072 -113
-61.7676 -112.747 -113
-59.7266 -113.33 -113
-59.6191 -113.361 -113
-57.4707 -113.913 -113
-55.3223 -114.466 -113
-53.1738 -114.957 -113
-51.0254 -115.389 -113
-50.565 -115.479 -113
