-31.6894 -117.661 -83
-29.541 -117.661 -83
-27.3926 -117.661 -83
-26.3183 -117.627 -83
-25.2441 -117.593 -83
-23.0957 -117.526 -83
-20.9472 -117.399 -83
-18.7988 -117.334 -83
-16.6504 -117.269 -83
-14.5019 -117.216 -83
-12.3535 -117.153 -83
-10.205 -117.09 -83
-8.05661 -117.074 -83
-5.90817 -117.074 -83
-3.75973 -117.074 -83
-1.6113 -117.09 -83
0.537142 -117.139 -83
2.68558 -117.204 -83
4.83402 -117.325 -83
6.98246 -117.399 -83
9.13089 -117.526 -83
10.7422 -117.627 -83
11.2793 -117.661 -83
13.4278 -117.731 -83
15.5762 -117.878 -83
17.7246 -118.008 -83
19.8731 -118.147 -83
22.0215 -118.236 -83
24.17 -118.355 -83
26.3184 -118.379 -83
28.4668 -118.355 -83
30.6153 -118.285 -83
32.7637 -118.147 -83
34.9122 -118.008 -83
37.0606 -117.87 -83
39.209 -117.731 -83
40.2832 -117.627 -83
41.3575 -117.523 -83
43.5059 -117.315 -83
45.6543 -117.056 -83
47.8028 -116.761 -83
49.9512 -116.385 -83
52.0997 -116.049 -83
54.2481 -115.646 -83
55.0154 -115.479 -83
56.3965 -115.167 -83
58.545 -114.682 -83
60.6934 -114.196 -83
62.8419 -113.642 -83
64.0503 -113.33 -83
64.9903 -113.088 -83
67.1387 -112.464 -83
69.2872 -111.84 -83
71.4356 -111.216 -83
71.543 -111.182 -83
73.584 -110.523 -83
75.7325 -109.83 -83
77.8809 -109.069 -83
77.9883 -109.033 -83
80.0294 -108.353 -83
82.1778 -107.543 -83
83.8786 -106.885 -83
84.3262 -106.712 -83
86.4747 -105.846 -83
88.6231 -104.915 -83
89.0068 -104.736 -83
90.7715 -103.913 -83
92.92 -102.839 -83
93.39 -102.588 -83
95.0684 -101.662 -83
97.1537 -100.439 -83
97.2169 -100.401 -83
99.3653 -99.143 -83
100.666 -98.291 -83
101.514 -97.7155 -83
103.662 -96.2619 -83
103.832 -96.1426 -83
105.811 -94.7501 -83
106.783 -93.9941 -83
107.959 -93.0791 -83
109.545 -91.8457 -83
110.107 -91.3912 -83
112.109 -89.6973 -83
112.256 -89.5733 -83
114.404 -87.7637 -83
114.649 -87.5488 -83
116.553 -85.873 -83
117.067 -85.4004 -83
118.701 -83.8338 -83
119.283 -83.252 -83
120.85 -81.6854 -83
121.408 -81.1035 -83
122.998 -79.2969 -83
123.287 -78.9551 -83
125.023 -76.8066 -83
125.147 -76.6532 -83
126.698 -74.6582 -83
127.295 -73.8101 -83
128.21 -72.5098 -83
129.443 -70.6597 -83
129.629 -70.3613 -83
130.888 -68.2129 -83
131.592 -67.0123 -83
132.148 -66.0644 -83
133.318 -63.916 -83
133.74 -63.1282 -83
134.421 -61.7676 -83
135.481 -59.6191 -83
135.889 -58.7102 -83
136.426 -57.4707 -83
137.357 -55.3223 -83
138.037 -53.6214 -83
138.21 -53.1738 -83
138.973 -51.0254 -83
139.666 -48.8769 -83
140.186 -47.0866 -83
140.29 -46.7285 -83
140.891 -44.5801 -83
141.428 -42.4316 -83
141.884 -40.2832 -83
142.298 -38.1347 -83
142.334 -37.8662 -83
142.577 -35.9863 -83
142.785 -33.8379 -83
142.972 -31.6894 -83
143.062 -29.541 -83
143.062 -27.3926 -83
142.992 -25.2441 -83
142.923 -23.0957 -83
142.77 -20.9472 -83
142.577 -18.7988 -83
142.369 -16.6504 -83
142.334 -16.2923 -83
142.161 -14.5019 -83
141.898 -12.3535 -83
141.562 -10.205 -83
141.226 -8.05661 -83
140.823 -5.90817 -83
140.421 -3.75973 -83
140.186 -2.68552 -83
139.943 -1.6113 -83
139.481 0.537142 -83
138.973 2.68558 -83
138.418 4.83402 -83
138.037 6.31107 -83
137.864 6.98246 -83
137.198 9.13089 -83
136.547 11.2793 -83
135.889 13.1348 -83
135.785 13.4278 -83
135.022 15.5762 -83
134.26 17.7246 -83
133.74 19.0674 -83
133.428 19.8731 -83
132.527 22.0215 -83
131.696 24.17 -83
131.592 24.4002 -83
130.726 26.3184 -83
129.825 28.4668 -83
129.443 29.3109 -83
128.835 30.6153 -83
127.815 32.7637 -83
127.295 33.8379 -83
126.758 34.9122 -83
125.684 37.0606 -83
125.147 38.1348 -83
124.591 39.209 -83
123.48 41.3575 -83
122.998 42.2303 -83
122.294 43.5059 -83
121.042 45.6543 -83
120.85 45.9703 -83
119.775 47.8028 -83
118.701 49.5335 -83
118.433 49.9512 -83
117.128 52.0997 -83
116.553 52.9477 -83
115.67 54.2481 -83
114.404 56.1138 -83
114.205 56.3965 -83
112.614 58.545 -83
112.256 59.0054 -83
110.943 60.6934 -83
110.107 61.7188 -83
109.119 62.8419 -83
107.959 64.1029 -83
107.143 64.9903 -83
105.811 66.3778 -83
105.05 67.1387 -83
103.662 68.5263 -83
102.868 69.2872 -83
101.514 70.5333 -83
100.488 71.4356 -83
99.3653 72.3859 -83
97.8819 73.584 -83
97.2169 74.1013 -83
95.0684 75.6927 -83
95.0052 75.7325 -83
92.92 76.9985 -83
91.3758 77.8809 -83
90.7715 78.2143 -83
88.6231 79.2774 -83
87.0118 80.0294 -83
86.4747 80.2719 -83
84.3262 81.1729 -83
82.1778 81.9988 -83
81.7302 82.1778 -83
80.0294 82.8156 -83
77.8809 83.5292 -83
75.7325 84.2223 -83
75.4102 84.3262 -83
73.584 84.8969 -83
71.4356 85.5012 -83
69.2872 86.0935 -83
67.8101 86.4747 -83
67.1387 86.6479 -83
64.9903 87.2024 -83
62.8419 87.6875 -83
60.6934 88.1726 -83
58.545 88.5192 -83
57.9004 88.6231 -83
56.3965 88.8657 -83
54.2481 89.1938 -83
52.0997 89.3952 -83
49.9512 89.5295 -83
47.8028 89.5966 -83
45.6543 89.5966 -83
43.5059 89.5295 -83
41.3575 89.2815 -83
39.209 89.0043 -83
37.0606 88.6567 -83
36.9071 88.6231 -83
34.9122 88.1726 -83
32.7637 87.7167 -83
30.6153 87.1796 -83
28.4668 86.6425 -83
27.7955 86.4747 -83
26.3184 86.0935 -83
24.17 85.5391 -83
22.0215 85.0312 -83
19.8731 84.4941 -83
19.2017 84.3262 -83
17.7246 83.957 -83
15.5762 83.487 -83
13.4278 83.0842 -83
11.2793 82.6813 -83
9.13089 82.3511 -83
7.34053 82.1778 -83
6.98246 82.1431 -83
4.83402 81.9352 -83
2.68558 81.8659 -83
0.537142 81.8757 -83
-1.6113 82.0045 -83
-2.95407 82.1778 -83
-3.75973 82.2785 -83
-5.90817 82.6283 -83
-8.05661 83.1134 -83
-10.205 83.6678 -83
-12.3535 84.2904 -83
-12.4878 84.3262 -83
-14.5019 84.846 -83
-16.6504 85.4698 -83
-18.7988 86.0242 -83
-20.5444 86.4747 -83
-20.9472 86.5786 -83
-23.0957 87.1125 -83
-25.2441 87.5825 -83
-27.3926 87.9853 -83
-29.541 88.321 -83
-31.6894 88.5885 -83
-31.958 88.6231 -83
-33.8379 88.8657 -83
-35.9863 89.0043 -83
-38.1347 89.2122 -83
-40.2832 89.3508 -83
-42.4316 89.4623 -83
-44.5801 89.5966 -83
-46.7285 89.6638 -83
-48.8769 89.6638 -83
-51.0254 89.6638 -83
-53.1738 89.5966 -83
-55.3223 89.5295 -83
-57.4707 89.3952 -83
-59.6191 89.2122 -83
-61.7676 89.0043 -83
-63.916 88.791 -83
-64.9902 88.6231 -83
-66.0644 88.4553 -83
-68.2129 88.1196 -83
-70.3613 87.7167 -83
-72.5098 87.2468 -83
-74.6582 86.7097 -83
-75.4102 86.4747 -83
-76.8066 86.0242 -83
-78.9551 85.2618 -83
-81.1035 84.4302 -83
-81.3337 84.3262 -83
-83.252 83.4311 -83
-85.4004 82.2889 -83
-85.6018 82.1778 -83
-87.5488 81.1036 -83
-89.2795 80.0294 -83
-89.6973 79.7509 -83
-91.8457 78.3186 -83
-92.4676 77.8809 -83
-93.9941 76.8067 -83
-95.4443 75.7325 -83
-96.1426 75.1954 -83
-98.1376 73.584 -83
-98.291 73.4601 -83
-100.439 71.5645 -83
-100.586 71.4356 -83
-102.588 69.6739 -83
-102.991 69.2872 -83
-104.736 67.6114 -83
-105.209 67.1387 -83
-106.885 65.3931 -83
-107.288 64.9903 -83
-109.033 63.1688 -83
-109.334 62.8419 -83
-111.182 60.8335 -83
-111.306 60.6934 -83
-113.124 58.545 -83
-113.33 58.3008 -83
-114.882 56.3965 -83
-115.479 55.6292 -83
-116.553 54.2481 -83
-117.627 52.7979 -83
-118.144 52.0997 -83
-119.576 49.9512 -83
-119.775 49.6353 -83
-120.888 47.8028 -83
-121.924 46.0967 -83
-122.183 45.6543 -83
-123.368 43.5059 -83
-124.072 42.2303 -83
-124.554 41.3575 -83
-125.665 39.209 -83
-126.221 38.1348 -83
-126.74 37.0606 -83
-127.711 34.9122 -83
-128.369 33.4543 -83
-128.681 32.7637 -83
-129.513 30.6153 -83
-130.344 28.4668 -83
-130.518 28.0192 -83
-131.155 26.3184 -83
-131.869 24.17 -83
-132.631 22.0215 -83
-132.666 21.9141 -83
-133.304 19.8731 -83
-133.975 17.7246 -83
-134.641 15.5762 -83
-134.814 15.0391 -83
-135.318 13.4278 -83
-135.958 11.2793 -83
-136.582 9.13089 -83
-136.963 7.65384 -83
-137.136 6.98246 -83
-137.735 4.83402 -83
-138.245 2.68558 -83
-138.799 0.537142 -83
-139.111 -0.843997 -83
-139.285 -1.6113 -83
-139.816 -3.75973 -83
-140.324 -5.90817 -83
-140.809 -8.05661 -83
-141.225 -10.205 -83
-141.26 -10.3585 -83
-141.696 -12.3535 -83
-142.099 -14.5019 -83
-142.435 -16.6504 -83
-142.77 -18.7988 -83
-143.039 -20.9472 -83
-143.235 -23.0957 -83
-143.374 -25.2441 -83
-143.408 -26.3183 -83
-143.443 -27.3926 -83
-143.444 -29.541 -83
-143.444 -31.6894 -83
-143.443 -33.8379 -83
-143.408 -34.375 -83
-143.304 -35.9863 -83
-143.096 -38.1347 -83
-142.77 -40.2832 -83
-142.435 -42.4316 -83
-141.918 -44.5801 -83
-141.364 -46.7285 -83
-141.26 -47.0866 -83
-140.723 -48.8769 -83
-139.978 -51.0254 -83
-139.147 -53.1738 -83
-139.111 -53.2633 -83
-138.288 -55.3223 -83
-137.357 -57.4707 -83
-136.963 -58.2585 -83
-136.283 -59.6191 -83
-135.208 -61.7676 -83
-134.814 -62.5061 -83
-134.037 -63.916 -83
-132.777 -66.0644 -83
-132.666 -66.2435 -83
-131.4 -68.2129 -83
-130.518 -69.5855 -83
-130 -70.3613 -83
-128.489 -72.5098 -83
-128.369 -72.6709 -83
-126.897 -74.6582 -83
-126.221 -75.5278 -83
-125.188 -76.8066 -83
-124.072 -78.125 -83
-123.37 -78.9551 -83
-121.924 -80.5898 -83
-121.451 -81.1035 -83
-119.775 -82.8491 -83
-119.373 -83.252 -83
-117.627 -84.9976 -83
-117.207 -85.4004 -83
-115.479 -86.9902 -83
-114.844 -87.5488 -83
-113.33 -88.8809 -83
-112.402 -89.6973 -83
-111.182 -90.7302 -83
-109.801 -91.8457 -83
-109.033 -92.4425 -83
-106.938 -93.9941 -83
-106.885 -94.0339 -83
-104.736 -95.5458 -83
-103.841 -96.1426 -83
-102.588 -96.9482 -83
-100.499 -98.291 -83
-100.439 -98.3281 -83
-98.291 -99.5875 -83
-96.7468 -100.439 -83
-96.1426 -100.773 -83
-93.9941 -101.908 -83
-92.7185 -102.588 -83
-91.8457 -103.053 -83
-89.6973 -104.056 -83
-88.2394 -104.736 -83
-87.5488 -105.059 -83
-85.4004 -106.018 -83
-83.3346 -106.885 -83
-83.252 -106.919 -83
-81.1035 -107.751 -83
-78.9551 -108.583 -83
-77.7913 -109.033 -83
-76.8066 -109.402 -83
-74.6582 -110.107 -83
-72.5098 -110.8 -83
-71.3281 -111.182 -83
-70.3613 -111.494 -83
-68.2129 -112.117 -83
-66.0644 -112.741 -83
-63.916 -113.295 -83
-63.7817 -113.33 -83
-61.7676 -113.834 -83
-59.6191 -114.304 -83
-57.4707 -114.751 -83
-55.3223 -115.167 -83
-53.7109 -115.479 -83
-53.1738 -115.579 -83
-51.0254 -115.915 -83
-48.8769 -116.251 -83
-46.7285 -116.553 -83
-44.5801 -116.813 -83
-42.4316 -117.008 -83
-40.2832 -117.204 -83
-38.1347 -117.334 -83
-35.9863 -117.464 -83
-33.8379 -117.593 -83
-32.7637 -117.627 -83
