2.68558 -119.809 9.5
4.83402 -119.879 9.5
6.98246 -119.949 9.5
9.13089 -120.087 9.5
11.2793 -120.169 9.5
13.4278 -120.295 9.5
15.5762 -120.434 9.5
17.7246 -120.547 9.5
19.8731 -120.642 9.5
22.0215 -120.711 9.5
24.17 -120.682 9.5
26.3184 -120.642 9.5
28.4668 -120.547 9.5
30.6153 -120.364 9.5
32.7637 -120.157 9.5
34.9122 -119.943 9.5
35.9864 -119.775 9.5
37.0606 -119.602 9.5
39.209 -119.256 9.5
41.3575 -118.84 9.5
43.5059 -118.424 9.5
45.6543 -118.008 9.5
47.3424 -117.627 9.5
47.8028 -117.523 9.5
49.9512 -117.038 9.5
52.0997 -116.586 9.5
54.2481 -116.068 9.5
56.3965 -115.579 9.5
56.7994 -115.479 9.5
58.545 -115.028 9.5
60.6934 -114.474 9.5
62.8419 -113.968 9.5
64.9903 -113.365 9.5
65.1246 -113.33 9.5
67.1387 -112.81 9.5
69.2872 -112.222 9.5
71.4356 -111.632 9.5
72.9873 -111.182 9.5
73.584 -111.008 9.5
75.7325 -110.315 9.5
77.8809 -109.671 9.5
79.7364 -109.033 9.5
80.0294 -108.929 9.5
82.1778 -108.167 9.5
84.3262 -107.405 9.5
85.5657 -106.885 9.5
86.4747 -106.491 9.5
88.6231 -105.56 9.5
90.3879 -104.736 9.5
90.7715 -104.557 9.5
92.92 -103.555 9.5
94.7327 -102.588 9.5
95.0684 -102.403 9.5
97.2169 -101.217 9.5
98.5438 -100.439 9.5
99.3653 -99.9407 9.5
101.514 -98.5596 9.5
101.931 -98.291 9.5
103.662 -97.1372 9.5
105.076 -96.1426 9.5
105.811 -95.6254 9.5
107.959 -94.0339 9.5
108.01 -93.9941 9.5
110.107 -92.3002 9.5
110.621 -91.8457 9.5
112.256 -90.3418 9.5
112.957 -89.6973 9.5
114.404 -88.3097 9.5
115.165 -87.5488 9.5
116.553 -86.101 9.5
117.197 -85.4004 9.5
118.701 -83.7657 9.5
119.156 -83.252 9.5
120.85 -81.25 9.5
120.969 -81.1035 9.5
122.626 -78.9551 9.5
122.998 -78.4717 9.5
124.231 -76.8066 9.5
125.147 -75.5063 9.5
125.722 -74.6582 9.5
127.18 -72.5098 9.5
127.295 -72.3202 9.5
128.443 -70.3613 9.5
129.443 -68.5486 9.5
129.622 -68.2129 9.5
130.726 -66.0644 9.5
131.592 -64.2741 9.5
131.765 -63.916 9.5
132.666 -61.7676 9.5
133.561 -59.6191 9.5
133.74 -59.1308 9.5
134.349 -57.4707 9.5
135.137 -55.3223 9.5
135.853 -53.1738 9.5
135.889 -53.0545 9.5
136.478 -51.0254 9.5
137.102 -48.8769 9.5
137.656 -46.7285 9.5
138.037 -45.0404 9.5
138.138 -44.5801 9.5
138.557 -42.4316 9.5
138.944 -40.2832 9.5
139.346 -38.1347 9.5
139.615 -35.9863 9.5
139.874 -33.8379 9.5
140.012 -31.6894 9.5
140.151 -29.541 9.5
140.186 -28.4668 9.5
140.22 -27.3926 9.5
140.221 -25.2441 9.5
140.221 -23.0957 9.5
140.221 -20.9472 9.5
140.186 -19.873 9.5
140.15 -18.7988 9.5
140.15 -16.6504 9.5
140.078 -14.5019 9.5
140.078 -12.3535 9.5
140.078 -10.205 9.5
140.078 -8.05661 9.5
140.082 -5.90817 9.5
140.082 -3.75973 9.5
140.082 -1.6113 9.5
140.018 0.537142 9.5
139.958 2.68558 9.5
139.893 4.83402 9.5
139.775 6.98246 9.5
139.697 9.13089 9.5
139.585 11.2793 9.5
139.437 13.4278 9.5
139.307 15.5762 9.5
139.078 17.7246 9.5
138.876 19.8731 9.5
138.675 22.0215 9.5
138.418 24.17 9.5
138.205 26.3184 9.5
138.037 27.6612 9.5
137.933 28.4668 9.5
137.656 30.6153 9.5
137.309 32.7637 9.5
136.929 34.9122 9.5
136.527 37.0606 9.5
136.124 39.209 9.5
135.889 40.2832 9.5
135.646 41.3575 9.5
135.23 43.5059 9.5
134.714 45.6543 9.5
134.191 47.8028 9.5
133.74 49.5484 9.5
133.633 49.9512 9.5
133.013 52.0997 9.5
132.344 54.2481 9.5
131.628 56.3965 9.5
131.592 56.4942 9.5
130.84 58.545 9.5
130.052 60.6934 9.5
129.443 62.2152 9.5
129.184 62.8419 9.5
128.19 64.9903 9.5
127.295 66.9085 9.5
127.184 67.1387 9.5
125.999 69.2872 9.5
125.147 70.7405 9.5
124.725 71.4356 9.5
123.267 73.584 9.5
122.998 73.9421 9.5
121.552 75.7325 9.5
120.85 76.5265 9.5
119.552 77.8809 9.5
118.701 78.7313 9.5
117.347 80.0294 9.5
116.553 80.7317 9.5
114.673 82.1778 9.5
114.404 82.3767 9.5
112.256 83.8886 9.5
111.517 84.3262 9.5
110.107 85.1041 9.5
107.959 86.224 9.5
107.422 86.4747 9.5
105.811 87.2266 9.5
103.662 88.1033 9.5
102.319 88.6231 9.5
101.514 88.9252 9.5
99.3653 89.628 9.5
97.2169 90.2518 9.5
95.4265 90.7715 9.5
95.0684 90.8723 9.5
92.92 91.3606 9.5
90.7715 91.8458 9.5
88.6231 92.2822 9.5
86.4747 92.6774 9.5
84.9708 92.92 9.5
84.3262 93.0239 9.5
82.1778 93.3564 9.5
80.0294 93.6921 9.5
77.8809 93.9942 9.5
75.7325 94.2963 9.5
73.584 94.6179 9.5
71.4356 94.8952 9.5
69.6452 95.0684 9.5
69.2872 95.1031 9.5
67.1387 95.3705 9.5
64.9903 95.6391 9.5
62.8419 95.9077 9.5
60.6934 96.1762 9.5
58.545 96.4448 9.5
56.3965 96.6462 9.5
54.2481 96.7937 9.5
52.0997 96.9239 9.5
49.9512 97.049 9.5
47.8028 97.1162 9.5
45.6543 97.1192 9.5
43.5059 97.1192 9.5
41.3575 97.1162 9.5
39.209 97.0541 9.5
37.0606 96.9819 9.5
34.9122 96.8588 9.5
32.7637 96.7805 9.5
30.6153 96.6971 9.5
28.4668 96.5365 9.5
26.3184 96.3649 9.5
24.17 96.1426 9.5
22.0215 95.8463 9.5
19.8731 95.55 9.5
17.7246 95.2475 9.5
15.9343 95.0684 9.5
15.5762 95.0338 9.5
13.4278 94.7566 9.5
11.2793 94.5486 9.5
9.13089 94.3407 9.5
6.98246 94.1732 9.5
4.83402 93.9942 9.5
2.68558 93.846 9.5
0.537142 93.772 9.5
-1.6113 93.7436 9.5
-3.75973 93.8152 9.5
-5.90817 93.9942 9.5
-8.05661 94.2021 9.5
-10.205 94.5486 9.5
-12.3535 94.8259 9.5
-13.6067 95.0684 9.5
-14.5019 95.2363 9.5
-16.6504 95.5882 9.5
-18.7988 96.004 9.5
-20.9472 96.4199 9.5
-23.0957 96.8476 9.5
-25.0651 97.2169 9.5
-25.2441 97.2504 9.5
-27.3926 97.6533 9.5
-29.541 98.0561 9.5
-31.6894 98.5261 9.5
-33.8379 98.9841 9.5
-35.8073 99.3653 9.5
-35.9863 99.4 9.5
-38.1347 99.8017 9.5
-40.2832 100.024 9.5
-42.4316 100.205 9.5
-44.5801 100.272 9.5
-46.7285 100.301 9.5
-48.8769 100.301 9.5
-51.0254 100.301 9.5
-53.1738 100.272 9.5
-55.3223 100.205 9.5
-57.4707 100.003 9.5
-59.6191 99.7346 9.5
-61.5885 99.3653 9.5
-61.7676 99.3306 9.5
-63.916 98.8998 9.5
-66.0644 98.4297 9.5
-68.2129 98.0139 9.5
-70.3613 97.598 9.5
-72.3307 97.2169 9.5
-72.5098 97.1822 9.5
-74.6582 96.8357 9.5
-76.8066 96.4892 9.5
-78.9551 96.1426 9.5
-81.1035 95.7268 9.5
-83.252 95.3705 9.5
-84.8633 95.0684 9.5
-85.4004 94.9645 9.5
-87.5488 94.4977 9.5
-89.6973 94.0278 9.5
-91.8457 93.5578 9.5
-93.9941 93.0239 9.5
-94.397 92.92 9.5
-96.1426 92.4695 9.5
-98.291 91.8458 9.5
-100.439 91.222 9.5
-101.709 90.7715 9.5
-102.588 90.4493 9.5
-104.736 89.6615 9.5
-106.885 88.7305 9.5
-107.1 88.6231 9.5
-109.033 87.623 9.5
-111.115 86.4747 9.5
-111.182 86.4349 9.5
-113.33 84.923 9.5
-114.097 84.3262 9.5
-115.479 83.2107 9.5
-116.646 82.1778 9.5
-117.627 81.2379 9.5
-118.787 80.0294 9.5
-119.775 78.9063 9.5
-120.678 77.8809 9.5
-121.924 76.2413 9.5
-122.282 75.7325 9.5
-123.65 73.584 9.5
-124.072 72.8455 9.5
-124.85 71.4356 9.5
-125.887 69.2872 9.5
-126.221 68.5435 9.5
-126.829 67.1387 9.5
-127.617 64.9903 9.5
-128.369 62.9395 9.5
-128.405 62.8419 9.5
-129.121 60.6934 9.5
-129.766 58.545 9.5
-130.41 56.3965 9.5
-130.518 55.9937 9.5
-130.954 54.2481 9.5
-131.491 52.0997 9.5
-131.961 49.9512 9.5
-132.493 47.8028 9.5
-132.666 46.9076 9.5
-132.909 45.6543 9.5
-133.394 43.5059 9.5
-133.81 41.3575 9.5
-134.244 39.209 9.5
-134.641 37.0606 9.5
-134.814 36.1654 9.5
-135.049 34.9122 9.5
-135.452 32.7637 9.5
-135.788 30.6153 9.5
-136.166 28.4668 9.5
-136.512 26.3184 9.5
-136.784 24.17 9.5
-136.963 22.8272 9.5
-137.07 22.0215 9.5
-137.37 19.8731 9.5
-137.667 17.7246 9.5
-138.037 15.5762 9.5
-138.382 13.4278 9.5
-138.833 11.2793 9.5
-139.111 9.77543 9.5
-139.219 9.13089 9.5
-139.631 6.98246 9.5
-139.978 4.83402 9.5
-140.293 2.68558 9.5
-140.651 0.537142 9.5
-140.926 -1.6113 9.5
-141.075 -3.75973 9.5
-141.149 -5.90817 9.5
-141.14 -8.05661 9.5
-140.971 -10.205 9.5
-140.787 -12.3535 9.5
-140.678 -14.5019 9.5
-140.746 -16.6504 9.5
-141.026 -18.7988 9.5
-141.213 -20.9472 9.5
-141.26 -22.0215 9.5
-141.3 -23.0957 9.5
-141.26 -23.6328 9.5
-141.126 -25.2441 9.5
-140.839 -27.3926 9.5
-140.499 -29.541 9.5
-140.272 -31.6894 9.5
-140.272 -33.8379 9.5
-140.392 -35.9863 9.5
-140.504 -38.1347 9.5
-140.424 -40.2832 9.5
-140.224 -42.4316 9.5
-139.867 -44.5801 9.5
-139.38 -46.7285 9.5
-139.111 -47.8027 9.5
-138.811 -48.8769 9.5
-138.209 -51.0254 9.5
-137.5 -53.1738 9.5
-136.963 -54.7255 9.5
-136.719 -55.3223 9.5
-135.702 -57.4707 9.5
-134.814 -59.3262 9.5
-134.645 -59.6191 9.5
-133.472 -61.7676 9.5
-132.666 -63.3789 9.5
-132.368 -63.916 9.5
-131.387 -66.0644 9.5
-130.518 -68.0935 9.5
-130.469 -68.2129 9.5
-129.578 -70.3613 9.5
-128.584 -72.5098 9.5
-128.369 -72.8934 9.5
-127.381 -74.6582 9.5
-126.221 -76.4709 9.5
-125.987 -76.8066 9.5
-124.306 -78.9551 9.5
-124.072 -79.2378 9.5
-122.384 -81.1035 9.5
-121.924 -81.6124 9.5
-120.284 -83.252 9.5
-119.775 -83.7353 9.5
-117.817 -85.4004 9.5
-117.627 -85.57 9.5
-115.479 -87.2504 9.5
-115.065 -87.5488 9.5
-113.33 -88.8758 9.5
-112.166 -89.6973 9.5
-111.182 -90.3923 9.5
-109.281 -91.8457 9.5
-109.033 -92.0471 9.5
-106.885 -93.9174 9.5
-106.802 -93.9941 9.5
-104.736 -95.7845 9.5
-104.323 -96.1426 9.5
-102.588 -97.4696 9.5
-101.514 -98.291 9.5
-100.439 -99.026 9.5
-98.3737 -100.439 9.5
-98.291 -100.488 9.5
-96.1426 -101.821 9.5
-94.9031 -102.588 9.5
-93.9941 -103.08 9.5
-91.8457 -104.036 9.5
-89.8315 -104.736 9.5
-89.6973 -104.778 9.5
-87.5488 -105.295 9.5
-85.4004 -105.811 9.5
-83.252 -106.424 9.5
-82.0435 -106.885 9.5
-81.1035 -107.227 9.5
-78.9551 -108.266 9.5
-77.3437 -109.033 9.5
-76.8066 -109.267 9.5
-74.6582 -110.107 9.5
-72.5098 -110.824 9.5
-71.2565 -111.182 9.5
-70.3613 -111.415 9.5
-68.2129 -111.914 9.5
-66.0644 -112.524 9.5
-63.916 -113.16 9.5
-63.3789 -113.33 9.5
-61.7676 -113.733 9.5
-59.6191 -114.217 9.5
-57.4707 -114.648 9.5
-55.3223 -115.018 9.5
-53.1738 -115.325 9.5
-52.3682 -115.479 9.5
-51.0254 -115.702 9.5
-48.8769 -116.037 9.5
-46.7285 -116.381 9.5
-44.5801 -116.646 9.5
-42.4316 -116.833 9.5
-40.2832 -117.09 9.5
-38.1347 -117.285 9.5
-35.9863 -117.576 9.5
-35.6282 -117.627 9.5
-33.8379 -117.834 9.5
-31.6894 -118.065 9.5
-29.541 -118.224 9.5
-27.3926 -118.303 9.5
-25.2441 -118.383 9.5
-23.0957 -118.303 9.5
-20.9472 -118.383 9.5
-18.7988 -118.433 9.5
-16.6504 -118.586 9.5
-14.5019 -118.737 9.5
-12.3535 -118.909 9.5
-10.205 -119.07 9.5
-8.05661 -119.222 9.5
-5.90817 -119.352 9.5
-3.75973 -119.473 9.5
-1.6113 -119.608 9.5
0.537142 -119.741 9.5
1.61136 -119.775 9.5
