-61.7676 -107.12 59.5
-59.6191 -107.321 59.5
-57.4707 -107.523 59.5
-55.3223 -107.682 59.5
-53.1738 -107.82 59.5
-51.0254 -107.959 59.5
-48.8769 -108.066 59.5
-46.7285 -108.138 59.5
-44.5801 -108.167 59.5
-42.4316 -108.21 59.5
-40.2832 -108.21 59.5
-38.1347 -108.21 59.5
-35.9863 -108.21 59.5
-33.8379 -108.167 59.5
-31.6894 -108.138 59.5
-29.541 -108.028 59.5
-27.3926 -107.959 59.5
-25.2441 -107.858 59.5
-23.0957 -107.724 59.5
-20.9472 -107.543 59.5
-18.7988 -107.321 59.5
-16.6504 -107.12 59.5
-14.7705 -106.885 59.5
-14.5019 -106.85 59.5
-12.3535 -106.573 59.5
-10.205 -106.314 59.5
-8.05661 -106.113 59.5
-5.90817 -105.911 59.5
-3.75973 -105.811 59.5
-1.6113 -105.777 59.5
0.537142 -105.811 59.5
2.68558 -105.911 59.5
4.83402 -106.113 59.5
6.98246 -106.314 59.5
9.13089 -106.573 59.5
11.2793 -106.85 59.5
11.4942 -106.885 59.5
13.4278 -107.187 59.5
15.5762 -107.455 59.5
17.7246 -107.682 59.5
19.8731 -107.89 59.5
22.0215 -108.028 59.5
24.17 -108.167 59.5
26.3184 -108.236 59.5
28.4668 -108.281 59.5
30.6153 -108.306 59.5
32.7637 -108.306 59.5
34.9122 -108.236 59.5
37.0606 -108.167 59.5
39.209 -108.028 59.5
41.3575 -107.925 59.5
43.5059 -107.751 59.5
45.6543 -107.59 59.5
47.8028 -107.388 59.5
49.9512 -107.187 59.5
52.0997 -106.919 59.5
52.3682 -106.885 59.5
54.2481 -106.642 59.5
56.3965 -106.365 59.5
58.545 -106.018 59.5
60.6934 -105.643 59.5
62.8419 -105.24 59.5
64.9903 -104.771 59.5
65.1437 -104.736 59.5
67.1387 -104.286 59.5
69.2872 -103.801 59.5
71.4356 -103.246 59.5
73.584 -102.623 59.5
73.7034 -102.588 59.5
75.7325 -101.999 59.5
77.8809 -101.335 59.5
80.0294 -100.682 59.5
80.7813 -100.439 59.5
82.1778 -99.974 59.5
84.3262 -99.2266 59.5
86.4747 -98.4643 59.5
86.9223 -98.291 59.5
88.6231 -97.6107 59.5
90.7715 -96.8229 59.5
92.4724 -96.1426 59.5
92.92 -95.9574 59.5
95.0684 -95.0326 59.5
97.2169 -94.0299 59.5
97.2936 -93.9941 59.5
99.3653 -93.0273 59.5
101.514 -91.9568 59.5
101.729 -91.8457 59.5
103.662 -90.8456 59.5
105.811 -89.7331 59.5
105.874 -89.6973 59.5
107.959 -88.4749 59.5
109.539 -87.5488 59.5
110.107 -87.2035 59.5
112.256 -85.8224 59.5
112.878 -85.4004 59.5
114.404 -84.3645 59.5
115.962 -83.252 59.5
116.553 -82.8143 59.5
118.701 -81.1448 59.5
118.752 -81.1035 59.5
120.85 -79.3418 59.5
121.289 -78.9551 59.5
122.998 -77.4512 59.5
123.67 -76.8066 59.5
125.147 -75.3296 59.5
125.818 -74.6582 59.5
127.295 -73.0469 59.5
127.749 -72.5098 59.5
129.443 -70.5078 59.5
129.563 -70.3613 59.5
131.154 -68.2129 59.5
131.592 -67.591 59.5
132.628 -66.0644 59.5
133.74 -64.232 59.5
133.932 -63.916 59.5
135.185 -61.7676 59.5
135.889 -60.4919 59.5
136.354 -59.6191 59.5
137.428 -57.4707 59.5
138.037 -56.1663 59.5
138.418 -55.3223 59.5
139.389 -53.1738 59.5
140.186 -51.409 59.5
140.359 -51.0254 59.5
141.296 -48.8769 59.5
142.298 -46.7285 59.5
142.334 -46.6569 59.5
143.408 -44.5801 59.5
144.483 -42.633 59.5
144.598 -42.4316 59.5
145.955 -40.2832 59.5
146.631 -39.322 59.5
147.533 -38.1347 59.5
148.779 -36.7187 59.5
149.547 -35.9863 59.5
150.928 -34.8262 59.5
152.575 -33.8379 59.5
153.076 -33.5594 59.5
155.225 -32.7637 59.5
157.373 -32.3478 59.5
159.522 -32.1399 59.5
161.67 -32.1399 59.5
163.818 -32.2785 59.5
165.967 -32.4864 59.5
168.115 -32.7637 59.5
170.264 -33.0658 59.5
172.412 -33.3874 59.5
174.561 -33.7339 59.5
175.366 -33.8379 59.5
176.709 -34.0057 59.5
178.858 -34.2743 59.5
181.006 -34.4757 59.5
183.154 -34.61 59.5
185.303 -34.6771 59.5
187.451 -34.6771 59.5
189.6 -34.5428 59.5
191.748 -34.2743 59.5
193.897 -33.8714 59.5
194.031 -33.8379 59.5
196.045 -33.3181 59.5
198.193 -32.6629 59.5
200.342 -31.8627 59.5
200.755 -31.6894 59.5
202.49 -30.9375 59.5
204.639 -29.8003 59.5
205.081 -29.541 59.5
206.787 -28.5409 59.5
208.54 -27.3926 59.5
208.936 -27.1033 59.5
211.084 -25.443 59.5
211.318 -25.2441 59.5
213.233 -23.4824 59.5
213.635 -23.0957 59.5
215.381 -21.2742 59.5
215.67 -20.9472 59.5
217.405 -18.7988 59.5
217.529 -18.6292 59.5
218.872 -16.6504 59.5
219.678 -15.3234 59.5
220.159 -14.5019 59.5
221.289 -12.3535 59.5
221.826 -11.2025 59.5
222.292 -10.205 59.5
223.223 -8.05661 59.5
223.975 -6.00583 59.5
224.009 -5.90817 59.5
224.702 -3.75973 59.5
225.326 -1.6113 59.5
225.811 0.537142 59.5
226.123 1.91828 59.5
226.291 2.68558 59.5
226.627 4.83402 59.5
226.851 6.98246 59.5
227.03 9.13089 59.5
227.164 11.2793 59.5
227.231 13.4278 59.5
227.197 15.5762 59.5
227.097 17.7246 59.5
226.895 19.8731 59.5
226.627 22.0215 59.5
226.227 24.17 59.5
226.123 24.6303 59.5
225.742 26.3184 59.5
225.118 28.4668 59.5
224.297 30.6153 59.5
223.975 31.3058 59.5
223.271 32.7637 59.5
222.095 34.9122 59.5
221.826 35.3299 59.5
220.714 37.0606 59.5
219.678 38.5108 59.5
219.161 39.209 59.5
217.529 41.3063 59.5
217.486 41.3575 59.5
215.596 43.5059 59.5
215.381 43.7297 59.5
213.456 45.6543 59.5
213.233 45.8692 59.5
211.131 47.8028 59.5
211.084 47.8441 59.5
208.936 49.5136 59.5
208.345 49.9512 59.5
206.787 51.105 59.5
205.207 52.0997 59.5
204.639 52.4449 59.5
202.49 53.6925 59.5
201.339 54.2481 59.5
200.342 54.7296 59.5
198.193 55.6446 59.5
196.143 56.3965 59.5
196.045 56.4312 59.5
193.897 57.0549 59.5
191.748 57.6094 59.5
189.6 58.0795 59.5
187.451 58.4376 59.5
186.377 58.545 59.5
185.303 58.6489 59.5
183.154 58.8471 59.5
181.006 58.9142 59.5
178.858 58.9261 59.5
176.709 58.9142 59.5
174.561 58.8568 59.5
172.412 58.8471 59.5
170.264 58.8471 59.5
168.115 58.9261 59.5
165.967 59.2253 59.5
163.818 59.6933 59.5
161.67 60.4945 59.5
161.312 60.6934 59.5
159.522 61.7676 59.5
158.108 62.8419 59.5
157.373 63.449 59.5
155.832 64.9903 59.5
155.225 65.6251 59.5
153.893 67.1387 59.5
153.076 68.1592 59.5
152.209 69.2872 59.5
150.928 70.9522 59.5
150.57 71.4356 59.5
148.978 73.584 59.5
148.779 73.8526 59.5
147.333 75.7325 59.5
146.631 76.6021 59.5
145.557 77.8809 59.5
144.483 79.0485 59.5
143.502 80.0294 59.5
142.334 81.1036 59.5
141.113 82.1778 59.5
140.186 82.9337 59.5
138.097 84.3262 59.5
138.037 84.366 59.5
135.889 85.6968 59.5
134.479 86.4747 59.5
133.74 86.8686 59.5
131.592 87.9193 59.5
130.022 88.6231 59.5
129.443 88.8657 59.5
127.295 89.6973 59.5
125.147 90.4597 59.5
124.268 90.7715 59.5
122.998 91.2079 59.5
120.85 91.8122 59.5
118.701 92.3493 59.5
116.553 92.8853 59.5
116.419 92.92 59.5
114.404 93.4398 59.5
112.256 93.9249 59.5
110.107 94.4597 59.5
107.959 94.8894 59.5
107.192 95.0684 59.5
105.811 95.4018 59.5
103.662 95.7974 59.5
101.514 96.2577 59.5
99.3653 96.6414 59.5
97.2169 97.0317 59.5
95.8741 97.2169 59.5
95.0684 97.332 59.5
92.92 97.6984 59.5
90.7715 98.0404 59.5
88.6231 98.3269 59.5
86.4747 98.7566 59.5
84.3262 99.1863 59.5
83.4311 99.3653 59.5
82.1778 99.6079 59.5
80.0294 100.07 59.5
77.8809 100.44 59.5
75.7325 100.7 59.5
73.584 100.895 59.5
71.4356 101.025 59.5
69.2872 101.091 59.5
67.1387 101.103 59.5
64.9903 101.103 59.5
62.8419 101.156 59.5
60.6934 101.156 59.5
58.545 101.156 59.5
56.3965 101.156 59.5
54.2481 101.091 59.5
52.0997 101.091 59.5
49.9512 101.091 59.5
47.8028 101.025 59.5
45.6543 100.96 59.5
43.5059 100.895 59.5
41.3575 100.809 59.5
39.209 100.607 59.5
37.0606 100.301 59.5
34.9122 99.9544 59.5
32.7637 99.5443 59.5
31.8685 99.3653 59.5
30.6153 99.106 59.5
28.4668 98.7356 59.5
26.3184 98.3652 59.5
24.17 98.0993 59.5
22.0215 97.8691 59.5
19.8731 97.5749 59.5
17.7246 97.3362 59.5
16.919 97.2169 59.5
15.5762 97.0103 59.5
13.4278 96.6798 59.5
11.2793 96.3492 59.5
9.13089 96.1013 59.5
6.98246 95.8534 59.5
4.83402 95.627 59.5
2.68558 95.5229 59.5
0.537142 95.4403 59.5
-1.6113 95.3692 59.5
-3.75973 95.3692 59.5
-5.90817 95.5229 59.5
-8.05661 95.627 59.5
-10.205 95.7708 59.5
-12.3535 95.9361 59.5
-14.5019 96.184 59.5
-16.6504 96.4319 59.5
-18.7988 96.7624 59.5
-20.9472 97.0975 59.5
-21.5918 97.2169 59.5
-23.0957 97.4854 59.5
-25.2441 97.7725 59.5
-27.3926 98.112 59.5
-29.541 98.4701 59.5
-31.6894 98.8282 59.5
-33.8379 99.2579 59.5
-34.375 99.3653 59.5
-35.9863 99.6674 59.5
-38.1347 100.07 59.5
-40.2832 100.339 59.5
-42.4316 100.54 59.5
-44.5801 100.635 59.5
-46.7285 100.7 59.5
-48.8769 100.7 59.5
-51.0254 100.724 59.5
-53.1738 100.724 59.5
-55.3223 100.724 59.5
-57.4707 100.7 59.5
-59.6191 100.7 59.5
-61.7676 100.635 59.5
-63.916 100.57 59.5
-66.0644 100.406 59.5
-68.2129 100.137 59.5
-70.3613 99.8017 59.5
-72.5098 99.3989 59.5
-72.6888 99.3653 59.5
-74.6582 98.9841 59.5
-76.8066 98.499 59.5
-78.9551 98.0561 59.5
-81.1035 97.6533 59.5
-83.252 97.2504 59.5
-83.431 97.2169 59.5
-85.4004 96.8357 59.5
-87.5488 96.3506 59.5
-89.6973 95.9347 59.5
-91.8457 95.5189 59.5
-93.8407 95.0684 59.5
-93.9941 95.0338 59.5
-96.1426 94.6179 59.5
-98.291 94.2021 59.5
-100.439 93.7863 59.5
-102.588 93.3564 59.5
-104.583 92.92 59.5
-104.736 92.8853 59.5
-106.885 92.4002 59.5
-109.033 91.8793 59.5
-111.182 91.3422 59.5
-113.33 90.8051 59.5
-113.449 90.7715 59.5
-115.479 90.1825 59.5
-117.627 89.628 59.5
-119.775 88.935 59.5
-120.742 88.6231 59.5
-121.924 88.2419 59.5
-124.072 87.4796 59.5
-126.221 86.7172 59.5
-126.799 86.4747 59.5
-128.369 85.7943 59.5
-130.518 84.8078 59.5
-131.39 84.3262 59.5
-132.666 83.5973 59.5
-134.814 82.2176 59.5
-134.866 82.1778 59.5
-136.963 80.4161 59.5
-137.366 80.0294 59.5
-139.111 78.0344 59.5
-139.24 77.8809 59.5
-140.822 75.7325 59.5
-141.26 75.076 59.5
-142.219 73.584 59.5
-143.408 71.5027 59.5
-143.445 71.4356 59.5
-144.518 69.2872 59.5
-145.557 67.2103 59.5
-145.594 67.1387 59.5
-146.667 64.9903 59.5
-147.705 62.9135 59.5
-147.742 62.8419 59.5
-148.853 60.6934 59.5
-149.854 58.9873 59.5
-150.132 58.545 59.5
-151.63 56.3965 59.5
-152.002 55.9131 59.5
-153.45 54.2481 59.5
-154.15 53.5475 59.5
-156.109 52.0997 59.5
-156.299 51.9757 59.5
-158.447 50.9103 59.5
-160.596 50.3451 59.5
-162.744 49.987 59.5
-164.893 49.9859 59.5
-167.041 50.0519 59.5
-169.189 50.1245 59.5
-171.338 50.3205 59.5
-173.486 50.5219 59.5
-175.635 50.6789 59.5
-177.783 50.8576 59.5
-179.932 50.9919 59.5
-182.08 51.0947 59.5
-184.229 51.164 59.5
-186.377 51.0947 59.5
-188.525 50.9561 59.5
-190.674 50.7905 59.5
-192.822 50.471 59.5
-194.971 50.0552 59.5
-195.431 49.9512 59.5
-197.119 49.5573 59.5
-199.268 48.9463 59.5
-201.416 48.2533 59.5
-202.686 47.8028 59.5
-203.564 47.4805 59.5
-205.713 46.5495 59.5
-207.631 45.6543 59.5
-207.861 45.5432 59.5
-210.01 44.432 59.5
-211.502 43.5059 59.5
-212.158 43.0839 59.5
-214.307 41.636 59.5
-214.665 41.3575 59.5
-216.455 39.9114 59.5
-217.216 39.209 59.5
-218.604 37.877 59.5
-219.42 37.0606 59.5
-220.752 35.5469 59.5
-221.289 34.9122 59.5
-222.9 32.8174 59.5
-222.939 32.7637 59.5
-224.345 30.6153 59.5
-225.049 29.4147 59.5
-225.605 28.4668 59.5
-226.732 26.3184 59.5
-227.197 25.2442 59.5
-227.663 24.17 59.5
-228.549 22.0215 59.5
-229.31 19.8731 59.5
-229.346 19.7537 59.5
-229.935 17.7246 59.5
-230.521 15.5762 59.5
-231.058 13.4278 59.5
-231.494 11.4328 59.5
-231.527 11.2793 59.5
-231.905 9.13089 59.5
-232.221 6.98246 59.5
-232.41 4.83402 59.5
-232.507 2.68558 59.5
-232.507 0.537142 59.5
-232.384 -1.6113 59.5
-232.2 -3.75973 59.5
-231.893 -5.90817 59.5
-231.526 -8.05661 59.5
-231.494 -8.21007 59.5
-231.083 -10.205 59.5
-230.543 -12.3535 59.5
-229.883 -14.5019 59.5
-229.346 -16.0237 59.5
-229.118 -16.6504 59.5
-228.206 -18.7988 59.5
-227.197 -20.7577 59.5
-227.093 -20.9472 59.5
-225.846 -23.0957 59.5
-225.049 -24.2722 59.5
-224.32 -25.2441 59.5
-222.9 -26.9722 59.5
-222.529 -27.3926 59.5
-220.752 -29.1691 59.5
-220.332 -29.541 59.5
-218.604 -31.0131 59.5
-217.69 -31.6894 59.5
-216.455 -32.5718 59.5
-214.589 -33.8379 59.5
-214.307 -34.0297 59.5
-212.158 -35.2825 59.5
-210.883 -35.9863 59.5
-210.01 -36.4679 59.5
-207.861 -37.4544 59.5
-206.291 -38.1347 59.5
-205.713 -38.3854 59.5
-203.564 -39.1397 59.5
-201.416 -39.8327 59.5
-199.67 -40.2832 59.5
-199.268 -40.3871 59.5
-197.119 -40.8539 59.5
-194.971 -41.2567 59.5
-192.822 -41.5924 59.5
-190.674 -41.7938 59.5
-188.525 -41.9281 59.5
-186.377 -41.9281 59.5
-184.229 -41.8609 59.5
-182.08 -41.6595 59.5
-179.932 -41.4225 59.5
-177.783 -41.1224 59.5
-175.635 -40.7867 59.5
-173.486 -40.3839 59.5
-172.949 -40.2832 59.5
-171.338 -39.9811 59.5
-169.189 -39.6248 59.5
-167.041 -39.209 59.5
-164.893 -38.8397 59.5
-162.744 -38.5159 59.5
-160.596 -38.308 59.5
-158.447 -38.2355 59.5
-156.299 -38.308 59.5
-154.15 -38.6719 59.5
-152.002 -39.4008 59.5
-150.237 -40.2832 59.5
-149.854 -40.4898 59.5
-147.705 -42.2078 59.5
-147.472 -42.4316 59.5
-145.557 -44.5289 59.5
-145.515 -44.5801 59.5
-143.846 -46.7285 59.5
-143.408 -47.385 59.5
-142.414 -48.8769 59.5
-141.26 -50.7094 59.5
-141.068 -51.0254 59.5
-139.741 -53.1738 59.5
-139.111 -54.1884 59.5
-138.408 -55.3223 59.5
-137.078 -57.4707 59.5
-136.963 -57.6603 59.5
-135.774 -59.6191 59.5
-134.814 -61.1989 59.5
-134.469 -61.7676 59.5
-133.088 -63.916 59.5
-132.666 -64.5379 59.5
-131.592 -66.0644 59.5
-130.518 -67.591 59.5
-130.08 -68.2129 59.5
-128.561 -70.3613 59.5
-128.369 -70.6171 59.5
-126.84 -72.5098 59.5
-126.221 -73.2422 59.5
-125.023 -74.6582 59.5
-124.072 -75.7324 59.5
-123.084 -76.8066 59.5
-121.924 -78.0677 59.5
-121.073 -78.9551 59.5
-119.775 -80.2531 59.5
-118.925 -81.1035 59.5
-117.627 -82.4015 59.5
-116.74 -83.252 59.5
-115.479 -84.4121 59.5
-114.355 -85.4004 59.5
-113.33 -86.268 59.5
-111.744 -87.5488 59.5
-111.182 -87.9865 59.5
-109.033 -89.5779 59.5
-108.864 -89.6973 59.5
-106.885 -91.0898 59.5
-105.811 -91.8457 59.5
-104.736 -92.5746 59.5
-102.588 -93.9558 59.5
-102.525 -93.9941 59.5
-100.439 -95.2602 59.5
-98.9861 -96.1426 59.5
-98.291 -96.55 59.5
-96.1426 -97.6613 59.5
-94.9251 -98.291 59.5
-93.9941 -98.7565 59.5
-91.8457 -99.7591 59.5
-90.1449 -100.439 59.5
-89.6973 -100.618 59.5
-87.5488 -101.444 59.5
-85.4004 -102.194 59.5
-84.2187 -102.588 59.5
-83.252 -102.9 59.5
-81.1035 -103.524 59.5
-78.9551 -104.128 59.5
-76.8066 -104.632 59.5
-76.3463 -104.736 59.5
-74.6582 -105.118 59.5
-72.5098 -105.533 59.5
-70.3613 -105.88 59.5
-68.2129 -106.226 59.5
-66.0644 -106.573 59.5
-63.916 -106.85 59.5
-63.6475 -106.885 59.5
