-29.541 -115.52 27
-27.3926 -115.521 27
-25.2441 -115.521 27
-23.0957 -115.521 27
-20.9472 -115.521 27
-18.7988 -115.602 27
-16.6504 -115.677 27
-14.5019 -115.824 27
-12.3535 -115.886 27
-10.205 -115.944 27
-8.05661 -115.929 27
-5.90817 -115.929 27
-3.75973 -115.915 27
-1.6113 -115.929 27
0.537142 -115.998 27
2.68558 -116.183 27
4.83402 -116.345 27
6.98246 -116.586 27
9.13089 -116.788 27
11.2793 -117.038 27
13.4278 -117.176 27
15.5762 -117.315 27
17.7246 -117.384 27
19.8731 -117.454 27
22.0215 -117.454 27
24.17 -117.454 27
26.3184 -117.384 27
28.4668 -117.315 27
30.6153 -117.176 27
32.7637 -117.038 27
34.9122 -116.83 27
37.0606 -116.553 27
39.209 -116.318 27
41.3575 -115.998 27
43.5059 -115.714 27
45.0098 -115.479 27
45.6543 -115.371 27
47.8028 -114.959 27
49.9512 -114.572 27
52.0997 -114.169 27
54.2481 -113.766 27
56.2431 -113.33 27
56.3965 -113.295 27
58.545 -112.81 27
60.6934 -112.325 27
62.8419 -111.84 27
64.9903 -111.286 27
65.4507 -111.182 27
67.1387 -110.788 27
69.2872 -110.208 27
71.4356 -109.622 27
73.4647 -109.033 27
73.584 -108.999 27
75.7325 -108.375 27
77.8809 -107.682 27
80.0294 -106.919 27
80.1189 -106.885 27
82.1778 -106.061 27
84.3262 -105.202 27
85.4005 -104.736 27
86.4747 -104.271 27
88.6231 -103.34 27
90.127 -102.588 27
90.7715 -102.255 27
92.92 -101.143 27
94.1956 -100.439 27
95.0684 -99.9407 27
97.2169 -98.6363 27
97.7856 -98.291 27
99.3653 -97.3319 27
101.215 -96.1426 27
101.514 -95.9437 27
103.662 -94.4929 27
104.36 -93.9941 27
105.811 -92.9199 27
107.261 -91.8457 27
107.959 -91.3285 27
110.056 -89.6973 27
110.107 -89.6543 27
112.256 -87.7637 27
112.489 -87.5488 27
114.404 -85.7871 27
114.807 -85.4004 27
116.553 -83.6548 27
116.94 -83.252 27
118.701 -81.337 27
118.908 -81.1035 27
120.807 -78.9551 27
120.85 -78.9039 27
122.544 -76.8066 27
122.998 -76.2158 27
124.152 -74.6582 27
125.147 -73.3154 27
125.722 -72.5098 27
127.18 -70.3613 27
127.295 -70.1718 27
128.443 -68.2129 27
129.443 -66.4001 27
129.622 -66.0644 27
130.768 -63.916 27
131.592 -62.1512 27
131.771 -61.7676 27
132.805 -59.6191 27
133.706 -57.4707 27
133.74 -57.3881 27
134.607 -55.3223 27
135.438 -53.1738 27
135.889 -51.9043 27
136.191 -51.0254 27
136.894 -48.8769 27
137.517 -46.7285 27
138.037 -44.9381 27
138.141 -44.5801 27
138.675 -42.4316 27
139.181 -40.2832 27
139.666 -38.1347 27
140.151 -35.9863 27
140.186 -35.8328 27
140.636 -33.8379 27
141.092 -31.6894 27
141.537 -29.541 27
141.953 -27.3926 27
142.299 -25.2441 27
142.334 -25.0293 27
142.646 -23.0957 27
142.905 -20.9472 27
143.131 -18.7988 27
143.308 -16.6504 27
143.478 -14.5019 27
143.616 -12.3535 27
143.731 -10.205 27
143.874 -8.05661 27
144.017 -5.90817 27
144.16 -3.75973 27
144.303 -1.6113 27
144.375 0.537142 27
144.483 2.14847 27
144.517 2.68558 27
144.586 4.83402 27
144.725 6.98246 27
144.794 9.13089 27
144.864 11.2793 27
144.933 13.4278 27
144.986 15.5762 27
145.002 17.7246 27
144.986 19.8731 27
144.986 22.0215 27
144.852 24.17 27
144.717 26.3184 27
144.516 28.4668 27
144.483 28.7354 27
144.248 30.6153 27
143.979 32.7637 27
143.686 34.9122 27
143.308 37.0606 27
142.923 39.209 27
142.502 41.3575 27
142.334 42.1248 27
142.022 43.5059 27
141.537 45.6543 27
140.983 47.8028 27
140.359 49.9512 27
140.186 50.548 27
139.72 52.0997 27
139.004 54.2481 27
138.216 56.3965 27
138.037 56.8848 27
137.428 58.545 27
136.497 60.6934 27
135.889 62.0982 27
135.555 62.8419 27
134.564 64.9903 27
133.74 66.6374 27
133.472 67.1387 27
132.296 69.2872 27
131.592 70.4878 27
131.016 71.4356 27
129.563 73.584 27
129.443 73.7452 27
127.915 75.7325 27
127.295 76.4998 27
126.135 77.8809 27
125.147 78.9551 27
124.072 80.0294 27
122.998 81.0176 27
121.68 82.1778 27
120.85 82.8802 27
118.871 84.3262 27
118.701 84.4456 27
116.553 85.8225 27
115.411 86.4747 27
114.404 87.0118 27
112.256 88.0144 27
110.851 88.6231 27
110.107 88.935 27
107.959 89.6973 27
105.811 90.3904 27
104.498 90.7715 27
103.662 91.0141 27
101.514 91.5685 27
99.3653 92.123 27
97.2169 92.6081 27
95.6055 92.92 27
95.0684 93.0207 27
92.92 93.4235 27
90.7715 93.7863 27
88.6231 94.1621 27
86.4747 94.4793 27
84.3262 94.7663 27
82.3926 95.0684 27
82.1778 95.102 27
80.0294 95.3705 27
77.8809 95.6391 27
75.7325 95.9077 27
73.584 96.2119 27
71.4356 96.5119 27
69.2872 96.8476 27
67.1387 97.1822 27
66.8702 97.2169 27
64.9903 97.4518 27
62.8419 97.6673 27
60.6934 97.8972 27
58.545 98.0404 27
56.3965 98.1525 27
54.2481 98.1837 27
52.0997 98.2553 27
49.9512 98.2553 27
47.8028 98.2553 27
45.6543 98.2553 27
43.5059 98.2553 27
41.3575 98.1837 27
39.209 98.1837 27
37.0606 98.1837 27
34.9122 98.1429 27
32.7637 98.0688 27
30.6153 97.9947 27
28.4668 97.8466 27
26.3184 97.6243 27
24.17 97.3362 27
23.0957 97.2169 27
22.0215 97.0975 27
19.8731 96.7792 27
17.7246 96.4609 27
15.5762 96.1426 27
13.4278 95.9039 27
11.2793 95.6652 27
9.13089 95.5061 27
6.98246 95.337 27
4.83402 95.2536 27
2.68558 95.1068 27
0.537142 95.1055 27
-1.6113 95.1055 27
-3.75973 95.1055 27
-5.90817 95.1796 27
-8.05661 95.3277 27
-10.205 95.55 27
-12.3535 95.7722 27
-14.5019 96.1426 27
-16.6504 96.4649 27
-18.7988 96.823 27
-20.7682 97.2169 27
-20.9472 97.2527 27
-23.0957 97.6673 27
-25.2441 98.1525 27
-27.3926 98.685 27
-29.541 99.1863 27
-30.4362 99.3653 27
-31.6894 99.6079 27
-33.8379 100.003 27
-35.9863 100.309 27
-38.1347 100.505 27
-40.2832 100.57 27
-42.4316 100.635 27
-44.5801 100.661 27
-46.7285 100.661 27
-48.8769 100.661 27
-51.0254 100.635 27
-53.1738 100.635 27
-55.3223 100.57 27
-57.4707 100.505 27
-59.6191 100.374 27
-61.7676 100.244 27
-63.916 99.936 27
-66.0644 99.6003 27
-67.3177 99.3653 27
-68.2129 99.192 27
-70.3613 98.7275 27
-72.5098 98.3247 27
-74.6582 97.989 27
-76.8066 97.64 27
-78.9551 97.2504 27
-79.1341 97.2169 27
-81.1035 96.8476 27
-83.252 96.4448 27
-85.4004 95.9748 27
-87.5488 95.5048 27
-89.5438 95.0684 27
-89.6973 95.0338 27
-91.8457 94.5649 27
-93.9941 94.0949 27
-96.1426 93.6249 27
-98.291 93.0932 27
-98.9624 92.92 27
-100.439 92.5388 27
-102.588 91.9465 27
-104.736 91.3422 27
-106.563 90.7715 27
-106.885 90.6641 27
-109.033 89.9052 27
-111.182 89.0886 27
-112.256 88.6231 27
-113.33 88.1576 27
-115.479 87.155 27
-116.754 86.4747 27
-117.627 85.9759 27
-119.775 84.5948 27
-120.151 84.3262 27
-121.924 82.9083 27
-122.754 82.1778 27
-124.072 80.9168 27
-124.889 80.0294 27
-126.221 78.4436 27
-126.658 77.8809 27
-128.091 75.7325 27
-128.369 75.2312 27
-129.221 73.584 27
-130.195 71.4356 27
-130.518 70.6299 27
-131.037 69.2872 27
-131.73 67.1387 27
-132.344 64.9903 27
-132.666 63.7818 27
-132.909 62.8419 27
-133.394 60.6934 27
-133.879 58.545 27
-134.295 56.3965 27
-134.711 54.2481 27
-134.814 53.711 27
-135.117 52.0997 27
-135.404 49.9512 27
-135.721 47.8028 27
-135.958 45.6543 27
-136.166 43.5059 27
-136.354 41.3575 27
-136.512 39.209 27
-136.712 37.0606 27
-136.927 34.9122 27
-136.963 34.6436 27
-137.198 32.7637 27
-137.466 30.6153 27
-137.802 28.4668 27
-138.176 26.3184 27
-138.592 24.17 27
-139.074 22.0215 27
-139.111 21.8425 27
-139.493 19.8731 27
-139.863 17.7246 27
-140.293 15.5762 27
-140.651 13.4278 27
-141.009 11.2793 27
-141.26 9.77543 27
-141.364 9.13089 27
-141.71 6.98246 27
-141.987 4.83402 27
-142.334 2.68558 27
-142.585 0.537142 27
-142.799 -1.6113 27
-143.001 -3.75973 27
-143.063 -5.90817 27
-142.971 -8.05661 27
-142.788 -10.205 27
-142.558 -12.3535 27
-142.427 -14.5019 27
-142.427 -16.6504 27
-142.578 -18.7988 27
-142.676 -20.9472 27
-142.614 -23.0957 27
-142.289 -25.2441 27
-141.842 -27.3926 27
-141.305 -29.541 27
-141.26 -29.8991 27
-141.016 -31.6894 27
-140.839 -33.8379 27
-140.767 -35.9863 27
-140.64 -38.1347 27
-140.424 -40.2832 27
-140.026 -42.4316 27
-139.469 -44.5801 27
-139.111 -45.9612 27
-138.888 -46.7285 27
-138.161 -48.8769 27
-137.48 -51.0254 27
-136.963 -52.577 27
-136.729 -53.1738 27
-135.803 -55.3223 27
-134.856 -57.4707 27
-134.814 -57.5533 27
-133.594 -59.6191 27
-132.666 -61.32 27
-132.397 -61.7676 27
-131.25 -63.916 27
-130.518 -65.3809 27
-130.176 -66.0644 27
-129.13 -68.2129 27
-128.369 -69.7347 27
-128.056 -70.3613 27
-126.84 -72.5098 27
-126.221 -73.4576 27
-125.37 -74.6582 27
-124.072 -76.3889 27
-123.714 -76.8066 27
-121.924 -78.8954 27
-121.864 -78.9551 27
-119.775 -80.9339 27
-119.574 -81.1035 27
-117.627 -82.7431 27
-116.936 -83.252 27
-115.479 -84.3262 27
-113.778 -85.4004 27
-113.33 -85.6689 27
-111.182 -86.8924 27
-110.107 -87.5488 27
-109.033 -88.2439 27
-107.133 -89.6973 27
-106.885 -89.8868 27
-104.803 -91.8457 27
-104.736 -91.9089 27
-102.588 -93.9225 27
-102.505 -93.9941 27
-100.439 -95.6726 27
-99.861 -96.1426 27
-98.291 -97.2765 27
-96.8863 -98.291 27
-96.1426 -98.7744 27
-93.9941 -100.171 27
-93.581 -100.439 27
-91.8457 -101.379 27
-89.6973 -102.261 27
-88.8618 -102.588 27
-87.5488 -103.042 27
-85.4004 -103.662 27
-83.252 -104.503 27
-82.7148 -104.736 27
-81.1035 -105.381 27
-78.9551 -106.482 27
-78.2114 -106.885 27
-76.8066 -107.615 27
-74.6582 -108.646 27
-73.6914 -109.033 27
-72.5098 -109.455 27
-70.3613 -110.107 27
-68.2129 -110.664 27
-66.0644 -111.139 27
-65.8496 -111.182 27
-63.916 -111.527 27
-61.7676 -111.778 27
-59.6191 -111.998 27
-57.4707 -112.211 27
-55.3223 -112.349 27
-53.1738 -112.598 27
-51.0254 -112.87 27
-48.8769 -113.276 27
-48.6084 -113.33 27
-46.7285 -113.631 27
-44.5801 -113.975 27
-42.4316 -114.217 27
-40.2832 -114.498 27
-38.1347 -114.648 27
-35.9863 -114.916 27
-33.8379 -115.12 27
-31.6894 -115.325 27
-30.0781 -115.479 27
