-44.5801 -115.652 -98
-42.4316 -115.915 -98
-40.2832 -116.183 -98
-38.1347 -116.385 -98
-35.9863 -116.553 -98
-33.8379 -116.683 -98
-31.6894 -116.748 -98
-29.541 -116.748 -98
-27.3926 -116.748 -98
-25.2441 -116.748 -98
-23.0957 -116.618 -98
-20.9472 -116.519 -98
-18.7988 -116.385 -98
-16.6504 -116.276 -98
-14.5019 -116.087 -98
-12.3535 -115.944 -98
-10.205 -115.872 -98
-8.05661 -115.801 -98
-5.90817 -115.801 -98
-3.75973 -115.872 -98
-1.6113 -115.998 -98
0.537142 -116.206 -98
2.68558 -116.414 -98
4.83402 -116.618 -98
6.98246 -116.813 -98
9.13089 -117.008 -98
11.2793 -117.191 -98
13.4278 -117.325 -98
15.5762 -117.392 -98
17.7246 -117.454 -98
19.8731 -117.523 -98
22.0215 -117.523 -98
24.17 -117.523 -98
26.3184 -117.523 -98
28.4668 -117.523 -98
30.6153 -117.523 -98
32.7637 -117.459 -98
34.9122 -117.325 -98
37.0606 -117.139 -98
39.209 -116.943 -98
41.3575 -116.721 -98
43.5059 -116.452 -98
45.6543 -116.116 -98
47.8028 -115.781 -98
49.4141 -115.479 -98
49.9512 -115.375 -98
52.0997 -114.959 -98
54.2481 -114.474 -98
56.3965 -113.968 -98
58.545 -113.431 -98
58.903 -113.33 -98
60.6934 -112.81 -98
62.8419 -112.222 -98
64.9903 -111.618 -98
66.3868 -111.182 -98
67.1387 -110.939 -98
69.2872 -110.275 -98
71.4356 -109.553 -98
72.9004 -109.033 -98
73.584 -108.791 -98
75.7325 -107.993 -98
77.8809 -107.127 -98
78.4593 -106.885 -98
80.0294 -106.204 -98
82.1778 -105.256 -98
83.252 -104.736 -98
84.3262 -104.199 -98
86.4747 -103.197 -98
87.7791 -102.588 -98
88.6231 -102.18 -98
90.7715 -101.12 -98
92.1322 -100.439 -98
92.92 -100.032 -98
95.0684 -98.8466 -98
96.0163 -98.291 -98
97.2169 -97.5872 -98
99.3653 -96.2577 -98
99.5443 -96.1426 -98
101.514 -94.8765 -98
102.814 -93.9941 -98
103.662 -93.3974 -98
105.757 -91.8457 -98
105.811 -91.8044 -98
107.959 -90.0691 -98
108.419 -89.6973 -98
110.107 -88.2793 -98
110.938 -87.5488 -98
112.256 -86.3887 -98
113.33 -85.4004 -98
114.404 -84.3709 -98
115.523 -83.252 -98
116.553 -82.2225 -98
117.627 -81.1035 -98
118.701 -79.9359 -98
119.604 -78.9551 -98
120.85 -77.5391 -98
121.469 -76.8066 -98
122.998 -74.914 -98
123.197 -74.6582 -98
124.788 -72.5098 -98
125.147 -72.0009 -98
126.3 -70.3613 -98
127.295 -68.8693 -98
127.717 -68.2129 -98
129.098 -66.0644 -98
129.443 -65.4957 -98
130.369 -63.916 -98
131.484 -61.7676 -98
131.592 -61.5527 -98
132.592 -59.6191 -98
133.629 -57.4707 -98
133.74 -57.2228 -98
134.537 -55.3223 -98
135.352 -53.1738 -98
135.889 -51.709 -98
136.139 -51.0254 -98
136.894 -48.8769 -98
137.517 -46.7285 -98
138.037 -44.9381 -98
138.141 -44.5801 -98
138.696 -42.4316 -98
139.181 -40.2832 -98
139.597 -38.1347 -98
140.012 -35.9863 -98
140.186 -34.6435 -98
140.29 -33.8379 -98
140.497 -31.6894 -98
140.636 -29.541 -98
140.705 -27.3926 -98
140.775 -25.2441 -98
140.705 -23.0957 -98
140.636 -20.9472 -98
140.567 -18.7988 -98
140.428 -16.6504 -98
140.29 -14.5019 -98
140.186 -13.4277 -98
140.082 -12.3535 -98
139.816 -10.205 -98
139.548 -8.05661 -98
139.212 -5.90817 -98
138.809 -3.75973 -98
138.406 -1.6113 -98
138.037 0.0767619 -98
137.933 0.537142 -98
137.448 2.68558 -98
136.929 4.83402 -98
136.392 6.98246 -98
135.889 8.77282 -98
135.785 9.13089 -98
135.092 11.2793 -98
134.399 13.4278 -98
133.74 15.2832 -98
133.633 15.5762 -98
132.805 17.7246 -98
131.904 19.8731 -98
131.592 20.6168 -98
131.003 22.0215 -98
130.052 24.17 -98
129.443 25.4744 -98
129.05 26.3184 -98
127.999 28.4668 -98
127.295 29.9247 -98
126.962 30.6153 -98
125.85 32.7637 -98
125.147 34.1244 -98
124.725 34.9122 -98
123.554 37.0606 -98
122.998 38.0677 -98
122.346 39.209 -98
121.118 41.3575 -98
120.85 41.7998 -98
119.814 43.5059 -98
118.701 45.3384 -98
118.509 45.6543 -98
117.128 47.8028 -98
116.553 48.6509 -98
115.67 49.9512 -98
114.404 51.817 -98
114.205 52.0997 -98
112.678 54.2481 -98
112.256 54.8108 -98
111.023 56.3965 -98
110.107 57.5731 -98
109.322 58.545 -98
107.959 60.1563 -98
107.486 60.6934 -98
105.811 62.5149 -98
105.51 62.8419 -98
103.662 64.7665 -98
103.438 64.9903 -98
101.514 66.9149 -98
101.28 67.1387 -98
99.3653 68.9739 -98
99.0072 69.2872 -98
97.2169 70.7911 -98
96.4496 71.4356 -98
95.0684 72.5511 -98
93.655 73.584 -98
92.92 74.1013 -98
90.7715 75.6131 -98
90.582 75.7325 -98
88.6231 76.9218 -98
86.9446 77.8809 -98
86.4747 78.1316 -98
84.3262 79.2058 -98
82.5614 80.0294 -98
82.1778 80.2084 -98
80.0294 81.1036 -98
77.8809 81.9352 -98
77.1973 82.1778 -98
75.7325 82.6976 -98
73.584 83.3906 -98
71.4356 84.0756 -98
70.4957 84.3262 -98
69.2872 84.6381 -98
67.1387 85.1925 -98
64.9903 85.6777 -98
62.8419 86.1628 -98
61.2305 86.4747 -98
60.6934 86.5754 -98
58.545 86.9111 -98
56.3965 87.2468 -98
54.2481 87.5153 -98
52.0997 87.7442 -98
49.9512 87.8744 -98
47.8028 87.9395 -98
45.6543 87.9395 -98
43.5059 87.8093 -98
41.3575 87.6496 -98
39.209 87.3536 -98
37.0606 86.9782 -98
34.9122 86.5754 -98
34.4518 86.4747 -98
32.7637 86.0935 -98
30.6153 85.5683 -98
28.4668 85.0312 -98
26.3184 84.4302 -98
25.9156 84.3262 -98
24.17 83.8758 -98
22.0215 83.3213 -98
19.8731 82.7669 -98
17.7246 82.2124 -98
17.5904 82.1778 -98
15.5762 81.658 -98
13.4278 81.1729 -98
11.2793 80.7343 -98
9.13089 80.3412 -98
6.98246 80.0629 -98
6.44535 80.0294 -98
4.83402 79.9254 -98
2.68558 79.8615 -98
0.537142 79.9958 -98
0.268587 80.0294 -98
-1.6113 80.2643 -98
-3.75973 80.6672 -98
-5.90817 81.1036 -98
-8.05661 81.658 -98
-9.84698 82.1778 -98
-10.205 82.2818 -98
-12.3535 82.9055 -98
-14.5019 83.5292 -98
-16.6504 84.153 -98
-17.2472 84.3262 -98
-18.7988 84.7626 -98
-20.9472 85.2997 -98
-23.0957 85.8163 -98
-25.2441 86.2321 -98
-26.748 86.4747 -98
-27.3926 86.5786 -98
-29.541 86.9252 -98
-31.6894 87.2468 -98
-33.8379 87.5825 -98
-35.9863 87.851 -98
-38.1347 88.1196 -98
-40.2832 88.321 -98
-42.4316 88.5192 -98
-44.043 88.6231 -98
-44.5801 88.6567 -98
-46.7285 88.7271 -98
-48.8769 88.7964 -98
-51.0254 88.8581 -98
-53.1738 88.7964 -98
-55.3223 88.7271 -98
-57.4707 88.6567 -98
-57.8288 88.6231 -98
-59.6191 88.4498 -98
-61.7676 88.1867 -98
-63.916 87.9182 -98
-66.0644 87.5825 -98
-68.2129 87.1796 -98
-70.3613 86.7097 -98
-71.3013 86.4747 -98
-72.5098 86.1524 -98
-74.6582 85.4698 -98
-76.8066 84.7201 -98
-77.7913 84.3262 -98
-78.9551 83.8607 -98
-81.1035 82.8816 -98
-82.4642 82.1778 -98
-83.252 81.7703 -98
-85.4004 80.585 -98
-86.3482 80.0294 -98
-87.5488 79.3004 -98
-89.6973 77.9193 -98
-89.7538 77.8809 -98
-91.8457 76.4614 -98
-92.8662 75.7325 -98
-93.9941 74.897 -98
-95.6822 73.584 -98
-96.1426 73.2122 -98
-98.291 71.4769 -98
-98.3422 71.4356 -98
-100.439 69.7416 -98
-100.977 69.2872 -98
-102.588 67.8692 -98
-103.382 67.1387 -98
-104.736 65.8926 -98
-105.676 64.9903 -98
-106.885 63.8301 -98
-107.914 62.8419 -98
-109.033 61.6742 -98
-109.973 60.6934 -98
-111.182 59.4324 -98
-111.967 58.545 -98
-113.33 56.9336 -98
-113.785 56.3965 -98
-115.479 54.2993 -98
-115.518 54.2481 -98
-117.03 52.0997 -98
-117.627 51.2516 -98
-118.542 49.9512 -98
-119.775 48.1012 -98
-119.967 47.8028 -98
-121.348 45.6543 -98
-121.924 44.7065 -98
-122.628 43.5059 -98
-123.813 41.3575 -98
-124.072 40.8562 -98
-124.924 39.209 -98
-125.97 37.0606 -98
-126.221 36.5593 -98
-127.018 34.9122 -98
-127.975 32.7637 -98
-128.369 31.8548 -98
-128.889 30.6153 -98
-129.766 28.4668 -98
-130.518 26.587 -98
-130.622 26.3184 -98
-131.384 24.17 -98
-132.146 22.0215 -98
-132.666 20.4102 -98
-132.839 19.8731 -98
-133.532 17.7246 -98
-134.177 15.5762 -98
-134.78 13.4278 -98
-134.814 13.3084 -98
-135.404 11.2793 -98
-136.027 9.13089 -98
-136.582 6.98246 -98
-136.963 5.66952 -98
-137.198 4.83402 -98
-137.735 2.68558 -98
-138.245 0.537142 -98
-138.73 -1.6113 -98
-139.111 -3.29936 -98
-139.215 -3.75973 -98
-139.7 -5.90817 -98
-140.116 -8.05661 -98
-140.532 -10.205 -98
-140.948 -12.3535 -98
-141.26 -14.2871 -98
-141.293 -14.5019 -98
-141.562 -16.6504 -98
-141.83 -18.7988 -98
-142.032 -20.9472 -98
-142.166 -23.0957 -98
-142.269 -25.2441 -98
-142.269 -27.3926 -98
-142.233 -29.541 -98
-142.099 -31.6894 -98
-141.898 -33.8379 -98
-141.641 -35.9863 -98
-141.36 -38.1347 -98
-141.26 -38.6719 -98
-140.938 -40.2832 -98
-140.463 -42.4316 -98
-139.839 -44.5801 -98
-139.147 -46.7285 -98
-139.111 -46.8262 -98
-138.384 -48.8769 -98
-137.552 -51.0254 -98
-136.963 -52.4301 -98
-136.63 -53.1738 -98
-135.592 -55.3223 -98
-134.814 -56.9336 -98
-134.555 -57.4707 -98
-133.37 -59.6191 -98
-132.666 -60.8948 -98
-132.167 -61.7676 -98
-130.786 -63.916 -98
-130.518 -64.3338 -98
-129.364 -66.0644 -98
-128.369 -67.4779 -98
-127.852 -68.2129 -98
-126.34 -70.3613 -98
-126.221 -70.5148 -98
-124.669 -72.5098 -98
-124.072 -73.2771 -98
-122.957 -74.6582 -98
-121.924 -75.8789 -98
-121.107 -76.8066 -98
-119.775 -78.2545 -98
-119.131 -78.9551 -98
-117.627 -80.5216 -98
-117.045 -81.1035 -98
-115.479 -82.6701 -98
-114.871 -83.252 -98
-113.33 -84.6699 -98
-112.536 -85.4004 -98
-111.182 -86.5986 -98
-110.059 -87.5488 -98
-109.033 -88.3843 -98
-107.422 -89.6973 -98
-106.885 -90.1349 -98
-104.736 -91.7218 -98
-104.575 -91.8457 -98
-102.588 -93.2652 -98
-101.514 -93.9941 -98
-100.439 -94.7231 -98
-98.3476 -96.1426 -98
-98.291 -96.1796 -98
-96.1426 -97.4854 -98
-94.8156 -98.291 -98
-93.9941 -98.7726 -98
-91.8457 -99.9579 -98
-90.9729 -100.439 -98
-89.6973 -101.12 -98
-87.5488 -102.194 -98
-86.7611 -102.588 -98
-85.4004 -103.268 -98
-83.252 -104.271 -98
-82.2545 -104.736 -98
-81.1035 -105.273 -98
-78.9551 -106.204 -98
-77.3851 -106.885 -98
-76.8066 -107.127 -98
-74.6582 -107.959 -98
-72.5098 -108.791 -98
-71.8262 -109.033 -98
-70.3613 -109.537 -98
-68.2129 -110.246 -98
-66.0644 -110.939 -98
-65.2289 -111.182 -98
-63.916 -111.563 -98
-61.7676 -112.187 -98
-59.6191 -112.759 -98
-57.4707 -113.295 -98
-57.3364 -113.33 -98
-55.3223 -113.834 -98
-53.1738 -114.304 -98
-51.0254 -114.682 -98
-48.8769 -115.042 -98
-46.7285 -115.375 -98
-45.9228 -115.479 -98
