-31.6894 -113.364 42
-29.541 -113.365 42
-27.3926 -113.364 42
-25.2441 -113.364 42
-24.1699 -113.33 42
-23.0957 -113.294 42
-20.9472 -113.151 42
-18.7988 -113.008 42
-16.6504 -112.81 42
-14.5019 -112.65 42
-12.3535 -112.464 42
-10.205 -112.256 42
-8.05661 -112.117 42
-5.90817 -112.021 42
-3.75973 -111.954 42
-1.6113 -111.909 42
0.537142 -111.954 42
2.68558 -112.088 42
4.83402 -112.222 42
6.98246 -112.424 42
9.13089 -112.602 42
11.2793 -112.88 42
13.4278 -113.018 42
15.5762 -113.226 42
17.1875 -113.33 42
17.7246 -113.365 42
19.8731 -113.498 42
22.0215 -113.565 42
24.17 -113.573 42
26.3184 -113.573 42
28.4668 -113.573 42
30.6153 -113.503 42
32.7637 -113.434 42
34.9122 -113.364 42
35.4493 -113.33 42
37.0606 -113.226 42
39.209 -113.088 42
41.3575 -112.88 42
43.5059 -112.602 42
45.6543 -112.325 42
47.8028 -112.048 42
49.9512 -111.752 42
52.0997 -111.417 42
53.6036 -111.182 42
54.2481 -111.078 42
56.3965 -110.678 42
58.545 -110.275 42
60.6934 -109.872 42
62.8419 -109.414 42
64.5299 -109.033 42
64.9903 -108.929 42
67.1387 -108.395 42
69.2872 -107.89 42
71.4356 -107.335 42
72.9873 -106.885 42
73.584 -106.712 42
75.7325 -106.088 42
77.8809 -105.464 42
80.0294 -104.771 42
80.1368 -104.736 42
82.1778 -104.056 42
84.3262 -103.316 42
86.2061 -102.588 42
86.4747 -102.48 42
88.6231 -101.621 42
90.7715 -100.69 42
91.3087 -100.439 42
92.92 -99.6616 42
95.0684 -98.5503 42
95.5108 -98.291 42
97.2169 -97.2909 42
99.1757 -96.1426 42
99.3653 -96.0275 42
101.514 -94.6463 42
102.528 -93.9941 42
103.662 -93.2382 42
105.641 -91.8457 42
105.811 -91.7263 42
107.959 -90.1517 42
108.55 -89.6973 42
110.107 -88.4991 42
111.231 -87.5488 42
112.256 -86.6812 42
113.704 -85.4004 42
114.404 -84.7559 42
116.039 -83.252 42
116.553 -82.7793 42
118.298 -81.1035 42
118.701 -80.7007 42
120.377 -78.9551 42
120.85 -78.4413 42
122.354 -76.8066 42
122.998 -76.0742 42
124.196 -74.6582 42
125.147 -73.4817 42
125.902 -72.5098 42
127.295 -70.6299 42
127.487 -70.3613 42
128.868 -68.2129 42
129.443 -67.3177 42
130.221 -66.0644 42
131.481 -63.916 42
131.592 -63.7146 42
132.666 -61.7676 42
133.74 -59.8205 42
133.848 -59.6191 42
134.85 -57.4707 42
135.853 -55.3223 42
135.889 -55.2455 42
136.824 -53.1738 42
137.715 -51.0254 42
138.037 -50.2197 42
138.557 -48.8769 42
139.434 -46.7285 42
140.186 -44.8486 42
140.29 -44.5801 42
141.191 -42.4316 42
142.083 -40.2832 42
142.334 -39.7461 42
143.112 -38.1347 42
144.291 -35.9863 42
144.483 -35.6879 42
145.815 -33.8379 42
146.631 -32.9101 42
147.974 -31.6894 42
148.779 -31.0697 42
150.928 -30.0065 42
152.673 -29.541 42
153.076 -29.4403 42
155.225 -29.1935 42
157.373 -29.1935 42
159.522 -29.383 42
160.864 -29.541 42
161.67 -29.6358 42
163.818 -29.9517 42
165.967 -30.3309 42
168.115 -30.738 42
170.264 -31.1677 42
172.412 -31.5946 42
172.949 -31.6894 42
174.561 -31.9657 42
176.709 -32.3161 42
178.858 -32.6145 42
181.006 -32.8532 42
183.154 -33.0706 42
185.303 -33.1744 42
187.451 -33.1112 42
189.6 -32.9315 42
191.748 -32.4414 42
193.897 -31.7292 42
193.994 -31.6894 42
196.045 -30.7086 42
197.963 -29.541 42
198.193 -29.362 42
200.342 -27.5821 42
200.557 -27.3926 42
202.49 -25.3208 42
202.557 -25.2441 42
204.137 -23.0957 42
204.639 -22.3437 42
205.57 -20.9472 42
206.787 -18.9182 42
206.859 -18.7988 42
208.063 -16.6504 42
208.936 -14.9048 42
209.15 -14.5019 42
210.346 -12.3535 42
211.084 -10.8764 42
211.42 -10.205 42
212.537 -8.05661 42
213.233 -6.74368 42
213.675 -5.90817 42
214.911 -3.75973 42
215.381 -2.92423 42
216.076 -1.6113 42
217.35 0.537142 42
217.529 0.83011 42
218.604 2.68558 42
219.678 4.54105 42
219.839 4.83402 42
220.978 6.98246 42
221.826 8.4473 42
222.184 9.13089 42
223.207 11.2793 42
223.975 12.8907 42
224.208 13.4278 42
225.049 15.5762 42
225.751 17.7246 42
226.123 19.336 42
226.234 19.8731 42
226.574 22.0215 42
226.677 24.17 42
226.546 26.3184 42
226.156 28.4668 42
226.123 28.5743 42
225.505 30.6153 42
224.658 32.7637 42
223.975 34.0907 42
223.524 34.9122 42
222.22 37.0606 42
221.826 37.6514 42
220.752 39.209 42
219.678 40.625 42
219.102 41.3575 42
217.529 43.1926 42
217.251 43.5059 42
215.381 45.4478 42
215.166 45.6543 42
213.233 47.3808 42
212.695 47.8028 42
211.084 48.9463 42
209.444 49.9512 42
208.936 50.2442 42
206.787 51.2859 42
204.869 52.0997 42
204.639 52.1944 42
202.49 52.9897 42
200.342 53.6036 42
198.193 54.0946 42
197.426 54.2481 42
196.045 54.5243 42
193.897 54.8747 42
191.748 55.0538 42
189.6 55.1382 42
187.451 55.1134 42
185.303 54.954 42
183.154 54.6588 42
181.006 54.2797 42
180.852 54.2481 42
178.858 53.8249 42
176.709 53.2746 42
174.561 52.7181 42
172.412 52.1343 42
172.259 52.0997 42
170.264 51.6492 42
168.115 51.1261 42
165.967 50.7482 42
163.818 50.4548 42
161.67 50.2631 42
159.522 50.2019 42
157.373 50.4328 42
155.225 51.0254 42
153.153 52.0997 42
153.076 52.1444 42
150.928 53.9063 42
150.601 54.2481 42
148.908 56.3965 42
148.779 56.598 42
147.626 58.545 42
146.631 60.3353 42
146.446 60.6934 42
145.334 62.8419 42
144.483 64.489 42
144.223 64.9903 42
143.112 67.1387 42
142.334 68.5486 42
141.912 69.2872 42
140.608 71.4356 42
140.186 72.0921 42
139.191 73.584 42
138.037 75.1417 42
137.583 75.7325 42
135.889 77.8298 42
135.842 77.8809 42
133.74 79.9827 42
133.694 80.0294 42
131.592 81.963 42
131.336 82.1778 42
129.443 83.6499 42
128.482 84.3262 42
127.295 85.1041 42
125.147 86.3635 42
124.945 86.4747 42
122.998 87.5131 42
120.85 88.4441 42
120.402 88.6231 42
118.701 89.2815 42
116.553 90.0439 42
114.502 90.7715 42
114.404 90.8062 42
112.256 91.4299 42
110.107 92.0136 42
107.959 92.6081 42
106.578 92.92 42
105.811 93.0932 42
103.662 93.6249 42
101.514 94.0635 42
99.3653 94.4793 42
97.2169 94.8952 42
96.3217 95.0684 42
95.0684 95.311 42
92.92 95.6575 42
90.7715 96.0352 42
88.6231 96.3933 42
86.4747 96.8094 42
84.3262 97.1798 42
84.1114 97.2169 42
82.1778 97.5391 42
80.0294 97.8972 42
77.8809 98.1837 42
75.7325 98.4701 42
73.584 98.7566 42
71.4356 99.1863 42
70.3614 99.3653 42
69.2872 99.5443 42
67.1387 99.936 42
64.9903 100.272 42
62.8419 100.473 42
60.6934 100.635 42
58.545 100.765 42
56.3965 100.765 42
54.2481 100.83 42
52.0997 100.83 42
49.9512 100.765 42
47.8028 100.765 42
45.6543 100.742 42
43.5059 100.635 42
41.3575 100.473 42
39.209 100.272 42
37.0606 99.936 42
34.9122 99.5386 42
34.017 99.3653 42
32.7637 99.106 42
30.6153 98.685 42
28.4668 98.3985 42
26.3184 98.1837 42
24.17 97.9947 42
22.0215 97.8691 42
19.8731 97.6984 42
17.7246 97.4158 42
16.3819 97.2169 42
15.5762 97.0975 42
13.4278 96.7792 42
11.2793 96.4319 42
9.13089 96.184 42
6.98246 96.0187 42
4.83402 95.9361 42
2.68558 95.8848 42
0.537142 95.8534 42
-1.6113 95.8534 42
-3.75973 95.8534 42
-5.90817 95.9361 42
-8.05661 96.0187 42
-10.205 96.1013 42
-12.3535 96.3492 42
-14.5019 96.5971 42
-16.6504 96.9384 42
-18.1543 97.2169 42
-18.7988 97.332 42
-20.9472 97.6984 42
-23.0957 98.0688 42
-25.2441 98.4393 42
-27.3926 98.8838 42
-29.541 99.3295 42
-29.72 99.3653 42
-31.6894 99.7465 42
-33.8379 100.137 42
-35.9863 100.406 42
-38.1347 100.57 42
-40.2832 100.7 42
-42.4316 100.724 42
-44.5801 100.765 42
-46.7285 100.765 42
-48.8769 100.765 42
-51.0254 100.724 42
-53.1738 100.724 42
-55.3223 100.7 42
-57.4707 100.635 42
-59.6191 100.635 42
-61.7676 100.57 42
-63.916 100.44 42
-66.0644 100.272 42
-68.2129 100.07 42
-70.3613 99.6772 42
-71.9726 99.3653 42
-72.5098 99.2579 42
-74.6582 98.7566 42
-76.8066 98.2218 42
-78.9551 97.7366 42
-81.1035 97.3208 42
-81.5639 97.2169 42
-83.252 96.8357 42
-85.4004 96.4199 42
-87.5488 96.004 42
-89.6973 95.5882 42
-91.8457 95.1724 42
-92.3828 95.0684 42
-93.9941 94.7566 42
-96.1426 94.3407 42
-98.291 93.9249 42
-100.439 93.4398 42
-102.588 92.9536 42
-102.722 92.92 42
-104.736 92.4002 42
-106.885 91.8793 42
-109.033 91.2751 42
-110.645 90.7715 42
-111.182 90.5983 42
-113.33 89.9745 42
-115.479 89.2122 42
-117.139 88.6231 42
-117.627 88.4441 42
-119.775 87.5489 42
-121.924 86.5821 42
-122.139 86.4747 42
-124.072 85.4745 42
-126.031 84.3262 42
-126.221 84.2069 42
-128.369 82.6323 42
-128.883 82.1778 42
-130.518 80.5431 42
-131.01 80.0294 42
-132.666 77.9375 42
-132.706 77.8809 42
-134.086 75.7325 42
-134.814 74.3718 42
-135.222 73.584 42
-136.211 71.4356 42
-136.963 69.5557 42
-137.067 69.2872 42
-137.76 67.1387 42
-138.384 64.9903 42
-139.004 62.8419 42
-139.111 62.439 42
-139.562 60.6934 42
-140.116 58.545 42
-140.671 56.3965 42
-141.26 54.3675 42
-141.294 54.2481 42
-141.918 52.0997 42
-142.63 49.9512 42
-143.408 48.0713 42
-143.519 47.8028 42
-144.642 45.6543 42
-145.557 44.2817 42
-146.115 43.5059 42
-147.705 41.6993 42
-148.081 41.3575 42
-149.854 39.9395 42
-151.071 39.209 42
-152.002 38.7103 42
-154.15 37.8385 42
-156.299 37.1757 42
-156.702 37.0606 42
-158.447 36.4787 42
-160.596 35.7818 42
-162.744 34.9718 42
-162.923 34.9122 42
-164.893 33.8379 42
-166.581 32.7637 42
-167.041 32.2266 42
-168.25 30.6153 42
-168.787 28.4668 42
-168.652 26.3184 42
-168.506 24.17 42
-168.115 22.0215 42
-167.725 19.8731 42
-167.334 17.7246 42
-167.041 16.6504 42
-166.793 15.5762 42
-166.414 13.4278 42
-165.877 11.2793 42
-165.519 9.13089 42
-165.141 6.98246 42
-164.893 5.37113 42
-164.816 4.83402 42
-164.535 2.68558 42
-164.248 0.537142 42
-163.962 -1.6113 42
-163.675 -3.75973 42
-163.389 -5.90817 42
-162.959 -8.05661 42
-162.744 -9.13083 42
-162.555 -10.205 42
-162.14 -12.3535 42
-161.67 -14.5019 42
-161.164 -16.6504 42
-160.596 -18.584 42
-160.536 -18.7988 42
-159.939 -20.9472 42
-159.104 -23.0957 42
-158.447 -24.5727 42
-158.149 -25.2441 42
-156.717 -27.3926 42
-156.299 -27.8625 42
-154.719 -29.541 42
-154.15 -30.0498 42
-152.42 -31.6894 42
-152.002 -32.0312 42
-150.015 -33.8379 42
-149.854 -33.9913 42
-148.108 -35.9863 42
-147.705 -36.5234 42
-146.59 -38.1347 42
-145.557 -39.8132 42
-145.297 -40.2832 42
-144.16 -42.4316 42
-143.408 -43.9355 42
-143.075 -44.5801 42
-142.012 -46.7285 42
-141.26 -48.2324 42
-140.938 -48.8769 42
-139.889 -51.0254 42
-139.111 -52.5293 42
-138.789 -53.1738 42
-137.715 -55.3223 42
-136.963 -56.7322 42
-136.555 -57.4707 42
-135.37 -59.6191 42
-134.814 -60.567 42
-134.086 -61.7676 42
-132.781 -63.916 42
-132.666 -64.095 42
-131.4 -66.0644 42
-130.518 -67.4371 42
-130.019 -68.2129 42
-128.561 -70.3613 42
-128.369 -70.6299 42
-126.977 -72.5098 42
-126.221 -73.5303 42
-125.353 -74.6582 42
-124.072 -76.2439 42
-123.6 -76.8066 42
-121.924 -78.7109 42
-121.709 -78.9551 42
-119.775 -81.0568 42
-119.731 -81.1035 42
-117.627 -83.123 42
-117.487 -83.252 42
-115.479 -85.0996 42
-115.152 -85.4004 42
-113.33 -87.0117 42
-112.695 -87.5488 42
-111.182 -88.7822 42
-110.005 -89.6973 42
-109.033 -90.4532 42
-107.153 -91.8457 42
-106.885 -92.0446 42
-104.736 -93.5565 42
-104.08 -93.9941 42
-102.588 -94.9533 42
-100.738 -96.1426 42
-100.439 -96.3344 42
-98.291 -97.6388 42
-97.2168 -98.291 42
-96.1426 -98.9207 42
-93.9941 -100.094 42
-93.3496 -100.439 42
-91.8457 -101.191 42
-89.6973 -102.255 42
-89.0067 -102.588 42
-87.5488 -103.268 42
-85.4004 -104.199 42
-84.0576 -104.736 42
-83.252 -105.059 42
-81.1035 -105.918 42
-78.9551 -106.634 42
-78.2031 -106.885 42
-76.8066 -107.335 42
-74.6582 -107.995 42
-72.5098 -108.568 42
-70.7642 -109.033 42
-70.3613 -109.134 42
-68.2129 -109.553 42
-66.0644 -110.007 42
-63.916 -110.385 42
-61.7676 -110.716 42
-59.6191 -111.008 42
-58.2764 -111.182 42
-57.4707 -111.286 42
-55.3223 -111.563 42
-53.1738 -111.771 42
-51.0254 -112.021 42
-48.8769 -112.256 42
-46.7285 -112.464 42
-44.5801 -112.672 42
-42.4316 -112.88 42
-40.2832 -113.028 42
-38.1347 -113.157 42
-35.9863 -113.295 42
-33.8379 -113.295 42
-32.7637 -113.33 42
