13.4278 -117.658 -108
15.5762 -117.842 -108
17.7246 -118.026 -108
19.8731 -118.087 -108
22.0215 -118.149 -108
24.17 -118.149 -108
26.3184 -118.087 -108
28.4668 -118.015 -108
30.6153 -117.842 -108
32.7637 -117.716 -108
33.8379 -117.627 -108
34.9122 -117.535 -108
37.0606 -117.289 -108
39.209 -117.044 -108
41.3575 -116.798 -108
43.5059 -116.491 -108
45.6543 -116.184 -108
47.8028 -115.878 -108
49.7978 -115.479 -108
49.9512 -115.447 -108
52.0997 -115.018 -108
54.2481 -114.562 -108
56.3965 -113.994 -108
58.545 -113.425 -108
58.8672 -113.33 -108
60.6934 -112.777 -108
62.8419 -112.098 -108
64.9903 -111.41 -108
65.6169 -111.182 -108
67.1387 -110.628 -108
69.2872 -109.912 -108
71.4356 -109.131 -108
71.6835 -109.033 -108
73.584 -108.261 -108
75.7325 -107.388 -108
76.8067 -106.885 -108
77.8809 -106.381 -108
80.0294 -105.395 -108
81.39 -104.736 -108
82.1778 -104.355 -108
84.3262 -103.316 -108
85.8301 -102.588 -108
86.4747 -102.276 -108
88.6231 -101.212 -108
90.1673 -100.439 -108
90.7715 -100.128 -108
92.92 -99.0187 -108
94.247 -98.291 -108
95.0684 -97.8255 -108
97.2169 -96.6081 -108
97.9927 -96.1426 -108
99.3653 -95.319 -108
101.457 -93.9941 -108
101.514 -93.9571 -108
103.662 -92.4754 -108
104.532 -91.8457 -108
105.811 -90.8866 -108
107.324 -89.6973 -108
107.959 -89.18 -108
109.874 -87.5488 -108
110.107 -87.3422 -108
112.211 -85.4004 -108
112.256 -85.3591 -108
114.363 -83.252 -108
114.404 -83.209 -108
116.429 -81.1035 -108
116.553 -80.9692 -108
118.343 -78.9551 -108
118.701 -78.5347 -108
120.173 -76.8066 -108
120.85 -75.9766 -108
121.886 -74.6582 -108
122.998 -73.1748 -108
123.48 -72.5098 -108
124.961 -70.3613 -108
125.147 -70.0786 -108
126.369 -68.2129 -108
127.295 -66.7209 -108
127.676 -66.0644 -108
128.854 -63.916 -108
129.443 -62.8418 -108
130.033 -61.7676 -108
131.072 -59.6191 -108
131.592 -58.4682 -108
132.028 -57.4707 -108
132.927 -55.3223 -108
133.74 -53.2564 -108
133.774 -53.1738 -108
134.512 -51.0254 -108
135.184 -48.8769 -108
135.854 -46.7285 -108
135.889 -46.6091 -108
136.459 -44.5801 -108
136.997 -42.4316 -108
137.467 -40.2832 -108
137.933 -38.1347 -108
138.037 -37.5976 -108
138.339 -35.9863 -108
138.721 -33.8379 -108
139.011 -31.6894 -108
139.242 -29.541 -108
139.372 -27.3926 -108
139.502 -25.2441 -108
139.502 -23.0957 -108
139.502 -20.9472 -108
139.437 -18.7988 -108
139.346 -16.6504 -108
139.177 -14.5019 -108
139.011 -12.3535 -108
138.742 -10.205 -108
138.474 -8.05661 -108
138.141 -5.90817 -108
138.037 -5.10251 -108
137.864 -3.75973 -108
137.448 -1.6113 -108
137.032 0.537142 -108
136.594 2.68558 -108
136.124 4.83402 -108
135.889 5.77396 -108
135.577 6.98246 -108
134.953 9.13089 -108
134.329 11.2793 -108
133.74 13.1055 -108
133.633 13.4278 -108
132.805 15.5762 -108
131.973 17.7246 -108
131.592 18.6336 -108
131.055 19.8731 -108
130.102 22.0215 -108
129.443 23.4794 -108
129.11 24.17 -108
128.047 26.3184 -108
127.295 27.8223 -108
126.962 28.4668 -108
125.899 30.6153 -108
125.147 32.0252 -108
124.739 32.7637 -108
123.628 34.9122 -108
122.998 36.0535 -108
122.423 37.0606 -108
121.183 39.209 -108
120.85 39.7777 -108
119.891 41.3575 -108
118.701 43.2075 -108
118.509 43.5059 -108
117.128 45.6543 -108
116.553 46.5024 -108
115.638 47.8028 -108
114.404 49.5555 -108
114.126 49.9512 -108
112.534 52.0997 -108
112.256 52.4577 -108
110.863 54.2481 -108
110.107 55.1758 -108
109.075 56.3965 -108
107.959 57.6576 -108
107.174 58.545 -108
105.811 60.0862 -108
105.252 60.6934 -108
103.662 62.3495 -108
103.19 62.8419 -108
101.514 64.5875 -108
101.093 64.9903 -108
99.3653 66.6464 -108
98.8515 67.1387 -108
97.2169 68.5848 -108
96.3868 69.2872 -108
95.0684 70.4027 -108
93.7896 71.4356 -108
92.92 72.138 -108
90.9412 73.584 -108
90.7715 73.7034 -108
88.6231 75.157 -108
87.6753 75.7325 -108
86.4747 76.4363 -108
84.3262 77.6216 -108
83.8249 77.8809 -108
82.1778 78.7045 -108
80.0294 79.7071 -108
79.2237 80.0294 -108
77.8809 80.5491 -108
75.7325 81.3808 -108
73.584 82.0738 -108
73.2618 82.1778 -108
71.4356 82.7669 -108
69.2872 83.3906 -108
67.1387 83.9451 -108
65.6617 84.3262 -108
64.9903 84.4941 -108
62.8419 84.9641 -108
60.6934 85.3669 -108
58.545 85.7697 -108
56.3965 86.0935 -108
54.2481 86.3068 -108
52.4577 86.4747 -108
52.0997 86.5082 -108
49.9512 86.6425 -108
47.8028 86.6479 -108
45.6543 86.5786 -108
44.043 86.4747 -108
43.5059 86.4411 -108
41.3575 86.3014 -108
39.209 85.9711 -108
37.0606 85.6354 -108
34.9122 85.2326 -108
32.7637 84.7626 -108
30.7687 84.3262 -108
30.6153 84.2904 -108
28.4668 83.7371 -108
26.3184 83.1134 -108
24.17 82.559 -108
22.857 82.1778 -108
22.0215 81.9352 -108
19.8731 81.3808 -108
17.7246 80.8264 -108
15.5762 80.2719 -108
14.6363 80.0294 -108
13.4278 79.7175 -108
11.2793 79.2324 -108
9.13089 78.8165 -108
6.98246 78.5187 -108
4.83402 78.3173 -108
2.68558 78.1928 -108
0.537142 78.2502 -108
-1.6113 78.4516 -108
-3.75973 78.7472 -108
-5.90817 79.2324 -108
-8.05661 79.7175 -108
-9.13083 80.0294 -108
-10.205 80.3412 -108
-12.3535 81.0343 -108
-14.5019 81.658 -108
-16.2923 82.1778 -108
-16.6504 82.2818 -108
-18.7988 82.9055 -108
-20.9472 83.4599 -108
-23.0957 83.9451 -108
-24.7837 84.3262 -108
-25.2441 84.4302 -108
-27.3926 84.846 -108
-29.541 85.2326 -108
-31.6894 85.6084 -108
-33.8379 85.904 -108
-35.9863 86.1725 -108
-38.1347 86.44 -108
-38.6719 86.4747 -108
-40.2832 86.5786 -108
-42.4316 86.7172 -108
-44.5801 86.7865 -108
-46.7285 86.8558 -108
-48.8769 86.9252 -108
-51.0254 86.9252 -108
-53.1738 86.9252 -108
-55.3223 86.8558 -108
-57.4707 86.7865 -108
-59.6191 86.6479 -108
-61.4095 86.4747 -108
-61.7676 86.44 -108
-63.916 86.1725 -108
-66.0644 85.8856 -108
-68.2129 85.4698 -108
-70.3613 85.0312 -108
-72.5098 84.4995 -108
-73.1065 84.3262 -108
-74.6582 83.8607 -108
-76.8066 83.1134 -108
-78.9551 82.2136 -108
-79.0318 82.1778 -108
-81.1035 81.211 -108
-83.252 80.1405 -108
-83.4415 80.0294 -108
-85.4004 78.8811 -108
-87.0117 77.8809 -108
-87.5488 77.5356 -108
-89.6973 76.1545 -108
-90.2881 75.7325 -108
-91.8457 74.5787 -108
-93.2591 73.584 -108
-93.9941 73.0469 -108
-96.0889 71.4356 -108
-96.1426 71.3943 -108
-98.291 69.7248 -108
-98.8281 69.2872 -108
-100.439 67.9237 -108
-101.367 67.1387 -108
-102.588 66.0645 -108
-103.756 64.9903 -108
-104.736 64.0879 -108
-106.034 62.8419 -108
-106.885 61.9914 -108
-108.183 60.6934 -108
-109.033 59.806 -108
-110.242 58.545 -108
-111.182 57.5196 -108
-112.17 56.3965 -108
-113.33 55.0782 -108
-114.032 54.2481 -108
-115.479 52.4577 -108
-115.757 52.0997 -108
-117.338 49.9512 -108
-117.627 49.5555 -108
-118.816 47.8028 -108
-119.775 46.3893 -108
-120.257 45.6543 -108
-121.579 43.5059 -108
-121.924 42.9372 -108
-122.819 41.3575 -108
-123.961 39.209 -108
-124.072 39.0076 -108
-125.111 37.0606 -108
-126.113 34.9122 -108
-126.221 34.682 -108
-127.087 32.7637 -108
-128.047 30.6153 -108
-128.369 29.8096 -108
-128.906 28.4668 -108
-129.79 26.3184 -108
-130.518 24.4385 -108
-130.622 24.17 -108
-131.384 22.0215 -108
-132.129 19.8731 -108
-132.666 18.2618 -108
-132.839 17.7246 -108
-133.463 15.5762 -108
-134.156 13.4278 -108
-134.779 11.2793 -108
-134.814 11.16 -108
-135.385 9.13089 -108
-135.958 6.98246 -108
-136.512 4.83402 -108
-136.963 3.08841 -108
-137.067 2.68558 -108
-137.621 0.537142 -108
-138.106 -1.6113 -108
-138.592 -3.75973 -108
-139.007 -5.90817 -108
-139.111 -6.44528 -108
-139.413 -8.05661 -108
-139.816 -10.205 -108
-140.219 -12.3535 -108
-140.555 -14.5019 -108
-140.879 -16.6504 -108
-141.092 -18.7988 -108
-141.26 -20.5892 -108
-141.294 -20.9472 -108
-141.433 -23.0957 -108
-141.502 -25.2441 -108
-141.51 -27.3926 -108
-141.439 -29.541 -108
-141.367 -31.6894 -108
-141.26 -33.3008 -108
-141.224 -33.8379 -108
-140.948 -35.9863 -108
-140.671 -38.1347 -108
-140.219 -40.2832 -108
-139.7 -42.4316 -108
-139.111 -44.4607 -108
-139.077 -44.5801 -108
-138.384 -46.7285 -108
-137.621 -48.8769 -108
-136.963 -50.447 -108
-136.72 -51.0254 -108
-135.819 -53.1738 -108
-134.85 -55.3223 -108
-134.814 -55.3939 -108
-133.74 -57.4707 -108
-132.666 -59.4177 -108
-132.551 -59.6191 -108
-131.247 -61.7676 -108
-130.518 -62.9015 -108
-129.841 -63.916 -108
-128.369 -66.0079 -108
-128.329 -66.0644 -108
-126.758 -68.2129 -108
-126.221 -68.9111 -108
-125.105 -70.3613 -108
-124.072 -71.6402 -108
-123.37 -72.5098 -108
-121.924 -74.3001 -108
-121.635 -74.6582 -108
-119.817 -76.8066 -108
-119.775 -76.8533 -108
-117.842 -78.9551 -108
-117.627 -79.1789 -108
-115.779 -81.1035 -108
-115.479 -81.4043 -108
-113.554 -83.252 -108
-113.33 -83.4668 -108
-111.182 -85.3574 -108
-111.133 -85.4004 -108
-109.033 -87.177 -108
-108.594 -87.5488 -108
-106.885 -88.9949 -108
-106.015 -89.6973 -108
-104.736 -90.6919 -108
-103.179 -91.8457 -108
-102.588 -92.2833 -108
-100.439 -93.8748 -108
-100.27 -93.9941 -108
-98.291 -95.3369 -108
-97.0378 -96.1426 -108
-96.1426 -96.7181 -108
-93.9941 -98.0992 -108
-93.6782 -98.291 -108
-91.8457 -99.3652 -108
-90.0132 -100.439 -108
-89.6973 -100.625 -108
-87.5488 -101.81 -108
-86.0449 -102.588 -108
-85.4004 -102.91 -108
-83.252 -103.984 -108
-81.6406 -104.736 -108
-81.1035 -104.979 -108
-78.9551 -105.88 -108
-76.8066 -106.777 -108
-76.5381 -106.885 -108
-74.6582 -107.612 -108
-72.5098 -108.424 -108
-70.8496 -109.033 -108
-70.3613 -109.206 -108
-68.2129 -109.969 -108
-66.0644 -110.662 -108
-64.5996 -111.182 -108
-63.916 -111.417 -108
-61.7676 -112.048 -108
-59.6191 -112.672 -108
-57.4707 -113.294 -108
-57.3364 -113.33 -108
-55.3223 -113.834 -108
-53.1738 -114.304 -108
-51.0254 -114.706 -108
-48.8769 -115.097 -108
-46.7285 -115.444 -108
-46.4599 -115.479 -108
-44.5801 -115.721 -108
-42.4316 -115.998 -108
-40.2832 -116.251 -108
-38.1347 -116.452 -108
-35.9863 -116.618 -108
-33.8379 -116.721 -108
-31.6894 -116.748 -108
-29.541 -116.748 -108
-27.3926 -116.653 -108
-25.2441 -116.519 -108
-23.0957 -116.414 -108
-20.9472 -116.276 -108
-18.7988 -116.087 -108
-16.6504 -115.944 -108
-14.5019 -115.801 -108
-12.3535 -115.658 -108
-10.205 -115.586 -108
-8.05661 -115.514 -108
-5.90817 -115.514 -108
-3.75973 -115.586 -108
-1.6113 -115.658 -108
0.537142 -115.86 -108
2.68558 -116.116 -108
4.83402 -116.452 -108
6.98246 -116.748 -108
9.13089 -117.09 -108
11.2793 -117.406 -108
13.1592 -117.627 -108
