11.2793 -119.809 -23
13.4278 -120.01 -23
15.5762 -120.212 -23
17.7246 -120.413 -23
19.8731 -120.615 -23
22.0215 -120.816 -23
24.17 -121.045 -23
26.3184 -121.175 -23
28.4668 -121.305 -23
30.6153 -121.37 -23
32.7637 -121.387 -23
34.9122 -121.387 -23
37.0606 -121.37 -23
39.209 -121.305 -23
41.3575 -121.175 -23
43.5059 -121.017 -23
45.6543 -120.816 -23
47.8028 -120.547 -23
49.9512 -120.226 -23
52.0997 -119.879 -23
52.6368 -119.775 -23
54.2481 -119.464 -23
56.3965 -119.048 -23
58.545 -118.563 -23
60.6934 -118.063 -23
62.439 -117.627 -23
62.8419 -117.52 -23
64.9903 -116.899 -23
67.1387 -116.276 -23
69.2872 -115.652 -23
69.8243 -115.479 -23
71.4356 -114.959 -23
73.584 -114.297 -23
75.7325 -113.573 -23
76.4161 -113.33 -23
77.8809 -112.793 -23
80.0294 -111.979 -23
82.0883 -111.182 -23
82.1778 -111.146 -23
84.3262 -110.246 -23
86.4747 -109.355 -23
87.1652 -109.033 -23
88.6231 -108.353 -23
90.7715 -107.292 -23
91.5593 -106.885 -23
92.92 -106.204 -23
95.0684 -105.07 -23
95.6727 -104.736 -23
97.2169 -103.884 -23
99.3653 -102.699 -23
99.5549 -102.588 -23
101.514 -101.399 -23
103.006 -100.439 -23
103.662 -100.002 -23
105.811 -98.5596 -23
106.169 -98.291 -23
107.959 -96.8985 -23
108.931 -96.1426 -23
110.107 -95.1923 -23
111.524 -93.9941 -23
112.256 -93.3496 -23
113.965 -91.8457 -23
114.404 -91.4429 -23
116.226 -89.6973 -23
116.553 -89.384 -23
118.315 -87.5488 -23
118.701 -87.146 -23
120.377 -85.4004 -23
120.85 -84.8866 -23
122.296 -83.252 -23
122.998 -82.458 -23
124.196 -81.1035 -23
125.147 -79.927 -23
125.932 -78.9551 -23
127.295 -77.1826 -23
127.564 -76.8066 -23
129.021 -74.6582 -23
129.443 -74.0017 -23
130.369 -72.5098 -23
131.592 -70.4245 -23
131.629 -70.3613 -23
132.774 -68.2129 -23
133.74 -66.2793 -23
133.848 -66.0644 -23
134.85 -63.916 -23
135.781 -61.7676 -23
135.889 -61.5197 -23
136.686 -59.6191 -23
137.448 -57.4707 -23
138.037 -55.6445 -23
138.141 -55.3223 -23
138.809 -53.1738 -23
139.389 -51.0254 -23
139.874 -48.8769 -23
140.186 -47.4958 -23
140.359 -46.7285 -23
140.775 -44.5801 -23
141.159 -42.4316 -23
141.495 -40.2832 -23
141.814 -38.1347 -23
142.092 -35.9863 -23
142.233 -33.8379 -23
142.334 -32.2265 -23
142.369 -31.6894 -23
142.438 -29.541 -23
142.502 -27.3926 -23
142.502 -25.2441 -23
142.438 -23.0957 -23
142.435 -20.9472 -23
142.368 -18.7988 -23
142.334 -17.7246 -23
142.299 -16.6504 -23
142.166 -14.5019 -23
142.041 -12.3535 -23
141.911 -10.205 -23
141.763 -8.05661 -23
141.562 -5.90817 -23
141.39 -3.75973 -23
141.191 -1.6113 -23
140.983 0.537142 -23
140.775 2.68558 -23
140.567 4.83402 -23
140.359 6.98246 -23
140.186 8.77282 -23
140.151 9.13089 -23
139.874 11.2793 -23
139.548 13.4278 -23
139.212 15.5762 -23
138.809 17.7246 -23
138.406 19.8731 -23
138.037 21.8425 -23
138.003 22.0215 -23
137.534 24.17 -23
137.064 26.3184 -23
136.594 28.4668 -23
135.996 30.6153 -23
135.889 30.9734 -23
135.352 32.7637 -23
134.635 34.9122 -23
133.776 37.0606 -23
133.74 37.1501 -23
132.917 39.209 -23
132.057 41.3575 -23
131.592 42.5212 -23
131.198 43.5059 -23
130.339 45.6543 -23
129.478 47.8028 -23
129.443 47.8854 -23
128.577 49.9512 -23
127.676 52.0997 -23
127.295 52.9437 -23
126.686 54.2481 -23
125.684 56.3965 -23
125.147 57.4708 -23
124.591 58.545 -23
123.48 60.6934 -23
122.998 61.5662 -23
122.294 62.8419 -23
121.035 64.9903 -23
120.85 65.3062 -23
119.737 67.1387 -23
118.701 68.6652 -23
118.279 69.2872 -23
116.752 71.4356 -23
116.553 71.6914 -23
115.024 73.584 -23
114.404 74.3165 -23
113.158 75.7325 -23
112.256 76.6724 -23
111.047 77.8809 -23
110.107 78.7833 -23
108.691 80.0294 -23
107.959 80.6491 -23
105.972 82.1778 -23
105.811 82.2972 -23
103.662 83.8275 -23
102.886 84.3262 -23
101.514 85.1782 -23
99.3653 86.3635 -23
99.1505 86.4747 -23
97.2169 87.4415 -23
95.0684 88.4441 -23
94.6208 88.6231 -23
92.92 89.3034 -23
90.7715 90.0912 -23
88.7305 90.7715 -23
88.6231 90.8062 -23
86.4747 91.3606 -23
84.3262 91.9465 -23
82.1778 92.4695 -23
80.1828 92.92 -23
80.0294 92.9536 -23
77.8809 93.3564 -23
75.7325 93.7592 -23
73.584 94.1621 -23
71.4356 94.4977 -23
69.2872 94.8259 -23
67.7833 95.0684 -23
67.1387 95.1691 -23
64.9903 95.4377 -23
62.8419 95.7062 -23
60.6934 95.9748 -23
58.545 96.2077 -23
56.3965 96.4448 -23
54.2481 96.6635 -23
52.0997 96.8476 -23
49.9512 96.9819 -23
47.8028 97.049 -23
45.6543 97.049 -23
43.5059 97.049 -23
41.3575 96.9147 -23
39.209 96.7133 -23
37.0606 96.4448 -23
34.9122 96.1762 -23
32.7637 95.8654 -23
30.6153 95.5189 -23
28.4668 95.2417 -23
27.1241 95.0684 -23
26.3184 94.9645 -23
24.17 94.6179 -23
22.0215 94.2963 -23
19.8731 93.9942 -23
17.7246 93.6921 -23
15.5762 93.4398 -23
13.4278 93.2319 -23
11.2793 93.0878 -23
9.48897 92.92 -23
9.13089 92.8864 -23
6.98246 92.7521 -23
4.83402 92.627 -23
2.68558 92.5619 -23
0.537142 92.4968 -23
-1.6113 92.4461 -23
-3.75973 92.4968 -23
-5.90817 92.5093 -23
-8.05661 92.627 -23
-10.205 92.7572 -23
-11.9954 92.92 -23
-12.3535 92.9536 -23
-14.5019 93.2221 -23
-16.6504 93.4907 -23
-18.7988 93.7592 -23
-20.9472 94.0949 -23
-23.0957 94.41 -23
-25.2441 94.6992 -23
-27.3926 94.9645 -23
-28.1982 95.0684 -23
-29.541 95.2363 -23
-31.6894 95.3803 -23
-33.8379 95.5882 -23
-35.9863 95.7961 -23
-38.1347 95.9748 -23
-40.2832 96.1091 -23
-42.4316 96.2729 -23
-44.5801 96.4031 -23
-46.7285 96.4682 -23
-48.8769 96.4682 -23
-51.0254 96.4682 -23
-53.1738 96.338 -23
-55.3223 96.1762 -23
-57.4707 96.004 -23
-59.6191 95.7961 -23
-61.7676 95.5882 -23
-63.916 95.3705 -23
-66.0644 95.1031 -23
-66.4225 95.0684 -23
-68.2129 94.8952 -23
-70.3613 94.5649 -23
-72.5098 94.2292 -23
-74.6582 93.8935 -23
-76.8066 93.4907 -23
-78.9551 93.0239 -23
-79.4922 92.92 -23
-81.1035 92.6081 -23
-83.252 92.0537 -23
-85.4004 91.4992 -23
-87.5488 90.9394 -23
-88.0859 90.7715 -23
-89.6973 90.2344 -23
-91.8457 89.4894 -23
-93.9115 88.6231 -23
-93.9941 88.5873 -23
-96.1426 87.6563 -23
-98.291 86.5858 -23
-98.4924 86.4747 -23
-100.439 85.3621 -23
-102.051 84.3262 -23
-102.588 83.9682 -23
-104.736 82.4563 -23
-105.094 82.1778 -23
-106.885 80.7317 -23
-107.679 80.0294 -23
-109.033 78.7833 -23
-110.014 77.8809 -23
-111.182 76.7133 -23
-112.122 75.7325 -23
-113.33 74.4714 -23
-114.146 73.584 -23
-115.479 71.9983 -23
-115.933 71.4356 -23
-117.586 69.2872 -23
-117.627 69.2306 -23
-119.099 67.1387 -23
-119.775 66.1242 -23
-120.504 64.9903 -23
-121.809 62.8419 -23
-121.924 62.6523 -23
-123.034 60.6934 -23
-124.072 58.7464 -23
-124.183 58.545 -23
-125.221 56.3965 -23
-126.185 54.2481 -23
-126.221 54.1655 -23
-127.087 52.0997 -23
-127.919 49.9512 -23
-128.369 48.6817 -23
-128.681 47.8028 -23
-129.41 45.6543 -23
-130.067 43.5059 -23
-130.518 42.1094 -23
-130.753 41.3575 -23
-131.357 39.209 -23
-131.938 37.0606 -23
-132.493 34.9122 -23
-132.666 34.2408 -23
-133.047 32.7637 -23
-133.602 30.6153 -23
-134.156 28.4668 -23
-134.711 26.3184 -23
-134.814 25.9156 -23
-135.251 24.17 -23
-135.788 22.0215 -23
-136.305 19.8731 -23
-136.79 17.7246 -23
-136.963 17.0533 -23
-137.332 15.5762 -23
-137.829 13.4278 -23
-138.314 11.2793 -23
-138.799 9.13089 -23
-139.111 7.74976 -23
-139.285 6.98246 -23
-139.77 4.83402 -23
-140.255 2.68558 -23
-140.689 0.537142 -23
-141.156 -1.6113 -23
-141.26 -2.07168 -23
-141.629 -3.75973 -23
-142.032 -5.90817 -23
-142.435 -8.05661 -23
-142.819 -10.205 -23
-143.096 -12.3535 -23
-143.374 -14.5019 -23
-143.408 -14.86 -23
-143.576 -16.6504 -23
-143.72 -18.7988 -23
-143.789 -20.9472 -23
-143.874 -23.0957 -23
-143.874 -25.2441 -23
-143.874 -27.3926 -23
-143.859 -29.541 -23
-143.789 -31.6894 -23
-143.659 -33.8379 -23
-143.581 -35.9863 -23
-143.443 -38.1347 -23
-143.408 -38.4928 -23
-143.235 -40.2832 -23
-142.972 -42.4316 -23
-142.636 -44.5801 -23
-142.233 -46.7285 -23
-141.763 -48.8769 -23
-141.26 -50.8911 -23
-141.225 -51.0254 -23
-140.601 -53.1738 -23
-139.908 -55.3223 -23
-139.215 -57.4707 -23
-139.111 -57.7392 -23
-138.384 -59.6191 -23
-137.5 -61.7676 -23
-136.963 -63.1103 -23
-136.63 -63.916 -23
-135.638 -66.0644 -23
-134.814 -67.8292 -23
-134.629 -68.2129 -23
-133.518 -70.3613 -23
-132.666 -71.9055 -23
-132.333 -72.5098 -23
-131.073 -74.6582 -23
-130.518 -75.5063 -23
-129.635 -76.8066 -23
-128.369 -78.6724 -23
-128.163 -78.9551 -23
-126.51 -81.1035 -23
-126.221 -81.4616 -23
-124.717 -83.252 -23
-124.072 -83.9844 -23
-122.826 -85.4004 -23
-121.924 -86.3403 -23
-120.715 -87.5488 -23
-119.775 -88.4888 -23
-118.567 -89.6973 -23
-117.627 -90.5996 -23
-116.211 -91.8457 -23
-115.479 -92.4654 -23
-113.586 -93.9941 -23
-113.33 -94.1931 -23
-111.182 -95.7845 -23
-110.698 -96.1426 -23
-109.033 -97.3319 -23
-107.62 -98.291 -23
-106.885 -98.7898 -23
-104.736 -100.171 -23
-104.294 -100.439 -23
-102.588 -101.475 -23
-100.641 -102.588 -23
-100.439 -102.703 -23
-98.291 -103.931 -23
-96.7871 -104.736 -23
-96.1426 -105.07 -23
-93.9941 -106.107 -23
-92.2589 -106.885 -23
-91.8457 -107.07 -23
-89.6973 -108.033 -23
-87.5488 -108.918 -23
-87.2559 -109.033 -23
-85.4004 -109.714 -23
-83.252 -110.404 -23
-81.1035 -111.142 -23
-80.9842 -111.182 -23
-78.9551 -111.811 -23
-76.8066 -112.371 -23
-74.6582 -112.972 -23
-73.2771 -113.33 -23
-72.5098 -113.515 -23
-70.3613 -113.982 -23
-68.2129 -114.443 -23
-66.0644 -114.826 -23
-63.916 -115.272 -23
-62.8418 -115.479 -23
-61.7676 -115.658 -23
-59.6191 -116.016 -23
-57.4707 -116.33 -23
-55.3223 -116.66 -23
-53.1738 -116.969 -23
-51.0254 -117.233 -23
-48.8769 -117.384 -23
-46.7285 -117.52 -23
-44.5801 -117.591 -23
-43.5058 -117.627 -23
-42.4316 -117.663 -23
-40.2832 -117.734 -23
-38.1347 -117.806 -23
-35.9863 -117.878 -23
-33.8379 -117.949 -23
-31.6894 -117.949 -23
-29.541 -118.008 -23
-27.3926 -118.008 -23
-25.2441 -117.949 -23
-23.0957 -117.949 -23
-20.9472 -117.949 -23
-18.7988 -117.949 -23
-16.6504 -117.949 -23
-14.5019 -118.008 -23
-12.3535 -118.092 -23
-10.205 -118.216 -23
-8.05661 -118.307 -23
-5.90817 -118.493 -23
-3.75973 -118.668 -23
-1.6113 -118.831 -23
0.537142 -119.003 -23
2.68558 -119.157 -23
4.83402 -119.339 -23
6.98246 -119.482 -23
9.13089 -119.675 -23
10.7422 -119.775 -23
