-44.5801 -87.7221 104.5
-42.4316 -87.8607 104.5
-40.2832 -88.0524 104.5
-38.1347 -88.2072 104.5
-35.9863 -88.3458 104.5
-33.8379 -88.4844 104.5
-31.6894 -88.5895 104.5
-29.541 -88.623 104.5
-27.3926 -88.6924 104.5
-25.2441 -88.6924 104.5
-23.0957 -88.6924 104.5
-20.9472 -88.6924 104.5
-18.7988 -88.623 104.5
-16.6504 -88.4844 104.5
-14.5019 -88.3458 104.5
-12.3535 -88.1379 104.5
-10.205 -87.93 104.5
-8.05661 -87.7221 104.5
-6.26625 -87.5488 104.5
-5.90817 -87.513 104.5
-3.75973 -87.3698 104.5
-1.6113 -87.2982 104.5
0.537142 -87.2982 104.5
2.68558 -87.4414 104.5
4.29691 -87.5488 104.5
4.83402 -87.5835 104.5
6.98246 -87.7914 104.5
9.13089 -87.9993 104.5
11.2793 -88.2538 104.5
13.4278 -88.4844 104.5
15.5762 -88.6924 104.5
17.7246 -88.831 104.5
19.8731 -88.9696 104.5
22.0215 -89.0885 104.5
24.17 -89.1602 104.5
26.3184 -89.1602 104.5
28.4668 -89.2318 104.5
30.6153 -89.2318 104.5
32.7637 -89.2318 104.5
34.9122 -89.1602 104.5
37.0606 -89.1602 104.5
39.209 -89.0389 104.5
41.3575 -88.9453 104.5
43.5059 -88.8021 104.5
45.6543 -88.623 104.5
47.8028 -88.4844 104.5
49.9512 -88.2538 104.5
52.0997 -88.0524 104.5
54.2481 -87.7914 104.5
56.128 -87.5488 104.5
56.3965 -87.5142 104.5
58.545 -87.237 104.5
60.6934 -86.9401 104.5
62.8419 -86.6132 104.5
64.9903 -86.2667 104.5
67.1387 -85.9039 104.5
69.2872 -85.5043 104.5
69.7475 -85.4004 104.5
71.4356 -85.0192 104.5
73.584 -84.6034 104.5
75.7325 -84.1183 104.5
77.8809 -83.6331 104.5
79.358 -83.252 104.5
80.0294 -83.0729 104.5
82.1778 -82.4549 104.5
84.3262 -81.9005 104.5
86.4747 -81.2075 104.5
86.7969 -81.1035 104.5
88.6231 -80.4948 104.5
90.7715 -79.7521 104.5
92.92 -78.9897 104.5
93.0176 -78.9551 104.5
95.0684 -78.2031 104.5
97.2169 -77.3437 104.5
98.5596 -76.8066 104.5
99.3653 -76.4844 104.5
101.514 -75.625 104.5
103.662 -74.7656 104.5
103.91 -74.6582 104.5
105.811 -73.8346 104.5
107.959 -72.9036 104.5
108.868 -72.5098 104.5
110.107 -71.9541 104.5
112.256 -70.8984 104.5
113.33 -70.3613 104.5
114.404 -69.7858 104.5
116.553 -68.6203 104.5
117.248 -68.2129 104.5
118.701 -67.3305 104.5
120.786 -66.0644 104.5
120.85 -66.0247 104.5
122.998 -64.5128 104.5
123.804 -63.916 104.5
125.147 -62.8831 104.5
126.465 -61.7676 104.5
127.295 -61.0652 104.5
128.93 -59.6191 104.5
129.443 -59.1268 104.5
131.172 -57.4707 104.5
131.592 -57.0679 104.5
133.268 -55.3223 104.5
133.74 -54.8299 104.5
135.33 -53.1738 104.5
135.889 -52.5666 104.5
137.307 -51.0254 104.5
138.037 -50.2314 104.5
139.283 -48.8769 104.5
140.186 -47.8961 104.5
141.26 -46.7285 104.5
142.334 -45.5609 104.5
143.274 -44.5801 104.5
144.483 -43.3716 104.5
145.508 -42.4316 104.5
146.631 -41.4814 104.5
148.189 -40.2832 104.5
148.779 -39.8455 104.5
150.928 -38.5422 104.5
151.716 -38.1347 104.5
153.076 -37.4544 104.5
155.225 -36.714 104.5
157.373 -36.1542 104.5
158.447 -35.9863 104.5
159.522 -35.8185 104.5
161.67 -35.5631 104.5
163.818 -35.3678 104.5
165.967 -35.3027 104.5
168.115 -35.1725 104.5
170.264 -35.0423 104.5
172.412 -34.8785 104.5
174.561 -34.6771 104.5
176.709 -34.427 104.5
178.858 -34.14 104.5
180.469 -33.8379 104.5
181.006 -33.7304 104.5
183.154 -33.1795 104.5
185.303 -32.625 104.5
187.451 -31.8627 104.5
187.864 -31.6894 104.5
189.6 -30.9375 104.5
191.748 -29.8744 104.5
192.352 -29.541 104.5
193.897 -28.6586 104.5
195.762 -27.3926 104.5
196.045 -27.186 104.5
198.193 -25.4507 104.5
198.438 -25.2441 104.5
200.342 -23.5683 104.5
200.834 -23.0957 104.5
202.49 -21.3676 104.5
202.877 -20.9472 104.5
204.639 -19.0323 104.5
204.845 -18.7988 104.5
206.581 -16.6504 104.5
206.787 -16.3818 104.5
208.18 -14.5019 104.5
208.936 -13.4277 104.5
209.639 -12.3535 104.5
210.825 -10.205 104.5
211.084 -9.70375 104.5
211.908 -8.05661 104.5
212.839 -5.90817 104.5
213.233 -4.83395 104.5
213.626 -3.75973 104.5
214.307 -1.6113 104.5
214.915 0.537142 104.5
215.381 2.53212 104.5
215.415 2.68558 104.5
215.762 4.83402 104.5
216.086 6.98246 104.5
216.354 9.13089 104.5
216.489 11.2793 104.5
216.623 13.4278 104.5
216.623 15.5762 104.5
216.623 17.7246 104.5
216.556 19.8731 104.5
216.422 22.0215 104.5
216.22 24.17 104.5
215.901 26.3184 104.5
215.554 28.4668 104.5
215.381 29.2341 104.5
215.069 30.6153 104.5
214.486 32.7637 104.5
213.77 34.9122 104.5
213.233 36.2549 104.5
212.91 37.0606 104.5
211.936 39.209 104.5
211.084 40.7532 104.5
210.739 41.3575 104.5
209.373 43.5059 104.5
208.936 44.1278 104.5
207.82 45.6543 104.5
206.787 46.9332 104.5
206.057 47.8028 104.5
204.639 49.4141 104.5
204.146 49.9512 104.5
202.49 51.5411 104.5
201.883 52.0997 104.5
200.342 53.5176 104.5
199.472 54.2481 104.5
198.193 55.281 104.5
196.743 56.3965 104.5
196.045 56.8953 104.5
193.897 58.3531 104.5
193.581 58.545 104.5
191.748 59.6192 104.5
189.916 60.6934 104.5
189.6 60.8724 104.5
187.451 61.9467 104.5
185.533 62.8419 104.5
185.303 62.9493 104.5
183.154 63.9519 104.5
181.006 64.8829 104.5
180.776 64.9903 104.5
178.858 65.8855 104.5
176.709 66.8881 104.5
176.208 67.1387 104.5
174.561 67.9907 104.5
172.412 69.2488 104.5
172.345 69.2872 104.5
170.264 70.4765 104.5
168.772 71.4356 104.5
168.115 71.8576 104.5
165.967 73.162 104.5
165.31 73.584 104.5
163.818 74.5101 104.5
161.733 75.7325 104.5
161.67 75.7708 104.5
159.522 76.9985 104.5
157.977 77.8809 104.5
157.373 78.2143 104.5
155.225 79.3256 104.5
153.864 80.0294 104.5
153.076 80.4368 104.5
150.928 81.474 104.5
149.358 82.1778 104.5
148.779 82.4284 104.5
146.631 83.3594 104.5
144.483 84.2223 104.5
144.214 84.3262 104.5
142.334 85.0539 104.5
140.186 85.8163 104.5
138.33 86.4747 104.5
138.037 86.5786 104.5
135.889 87.2717 104.5
133.74 87.8954 104.5
131.592 88.5192 104.5
131.234 88.6231 104.5
129.443 89.1429 104.5
127.295 89.7309 104.5
125.147 90.3211 104.5
123.401 90.7715 104.5
122.998 90.8755 104.5
120.85 91.3606 104.5
118.701 91.8458 104.5
116.553 92.3309 104.5
114.404 92.816 104.5
113.944 92.92 104.5
112.256 93.2892 104.5
110.107 93.717 104.5
107.959 94.1328 104.5
105.811 94.5486 104.5
103.662 94.9645 104.5
103.018 95.0684 104.5
101.514 95.311 104.5
99.3653 95.7268 104.5
97.2169 96.1426 104.5
95.0684 96.579 104.5
92.92 97.0436 104.5
92.0248 97.2169 104.5
90.7715 97.4594 104.5
88.6231 97.8753 104.5
86.4747 98.2911 104.5
84.3262 98.7566 104.5
82.1778 99.1863 104.5
81.2826 99.3653 104.5
80.0294 99.6003 104.5
77.8809 99.936 104.5
75.7325 100.272 104.5
73.584 100.44 104.5
71.4356 100.54 104.5
69.2872 100.54 104.5
67.1387 100.44 104.5
64.9903 100.272 104.5
62.8419 100.003 104.5
60.6934 99.6772 104.5
59.0821 99.3653 104.5
58.545 99.2579 104.5
56.3965 98.8998 104.5
54.2481 98.5417 104.5
52.0997 98.2218 104.5
49.9512 97.9688 104.5
47.8028 97.754 104.5
45.6543 97.4675 104.5
43.7745 97.2169 104.5
43.5059 97.1811 104.5
41.3575 96.823 104.5
39.209 96.4199 104.5
37.0606 96.0352 104.5
34.9122 95.6055 104.5
32.7637 95.2417 104.5
31.6895 95.0684 104.5
30.6153 94.8952 104.5
28.4668 94.4793 104.5
26.3184 94.0635 104.5
24.17 93.6477 104.5
22.0215 93.1626 104.5
21.0816 92.92 104.5
19.8731 92.5977 104.5
17.7246 92.0964 104.5
15.5762 91.5685 104.5
13.4278 91.0834 104.5
12.0466 90.7715 104.5
11.2793 90.5983 104.5
9.13089 90.1825 104.5
6.98246 89.798 104.5
4.83402 89.4623 104.5
2.68558 89.1938 104.5
0.537142 88.9924 104.5
-1.6113 88.7964 104.5
-3.75973 88.7238 104.5
-5.90817 88.7238 104.5
-8.05661 88.7964 104.5
-10.205 89.0043 104.5
-12.3535 89.2815 104.5
-14.5019 89.628 104.5
-16.6504 90.1132 104.5
-18.7988 90.5925 104.5
-19.4702 90.7715 104.5
-20.9472 91.1527 104.5
-23.0957 91.7072 104.5
-25.2441 92.2616 104.5
-27.3926 92.8126 104.5
-27.7954 92.92 104.5
-29.541 93.3705 104.5
-31.6894 93.8556 104.5
-33.8379 94.2963 104.5
-35.9863 94.6873 104.5
-38.1347 95.0338 104.5
-38.4033 95.0684 104.5
-40.2832 95.311 104.5
-42.4316 95.5189 104.5
-44.5801 95.7734 104.5
-46.7285 95.9347 104.5
-48.8769 96.0733 104.5
-51.0254 96.1762 104.5
-53.1738 96.1762 104.5
-55.3223 96.1762 104.5
-57.4707 96.0733 104.5
-59.6191 95.9748 104.5
-61.7676 95.7961 104.5
-63.916 95.6575 104.5
-66.0644 95.5339 104.5
-68.2129 95.4496 104.5
-70.3613 95.311 104.5
-72.5098 95.1724 104.5
-74.6582 95.102 104.5
-75.0163 95.0684 104.5
-76.8066 94.9006 104.5
-78.9551 94.6992 104.5
-81.1035 94.4977 104.5
-83.252 94.2292 104.5
-85.4004 93.9606 104.5
-87.5488 93.6921 104.5
-89.6973 93.4235 104.5
-91.8457 93.155 104.5
-93.3496 92.92 104.5
-93.9941 92.8193 104.5
-96.1426 92.5507 104.5
-98.291 92.215 104.5
-100.439 91.8793 104.5
-102.588 91.4765 104.5
-104.736 91.0834 104.5
-106.348 90.7715 104.5
-106.885 90.6676 104.5
-109.033 90.268 104.5
-111.182 89.8359 104.5
-113.33 89.3952 104.5
-115.479 88.935 104.5
-117.09 88.6231 104.5
-117.627 88.5192 104.5
-119.775 88.034 104.5
-121.924 87.5489 104.5
-124.072 87.0454 104.5
-126.221 86.5754 104.5
-126.624 86.4747 104.5
-128.369 86.0242 104.5
-130.518 85.4698 104.5
-132.666 84.9153 104.5
-134.695 84.3262 104.5
-134.814 84.2916 104.5
-136.963 83.6678 104.5
-139.111 83.017 104.5
-141.26 82.3456 104.5
-141.748 82.1778 104.5
-143.408 81.5691 104.5
-145.557 80.7571 104.5
-147.292 80.0294 104.5
-147.705 79.8561 104.5
-149.854 78.9193 104.5
-152.002 77.9849 104.5
-152.203 77.8809 104.5
-154.15 76.8425 104.5
-156.109 75.7325 104.5
-156.299 75.6174 104.5
-158.447 74.2362 104.5
-159.462 73.584 104.5
-160.596 72.8281 104.5
-162.575 71.4356 104.5
-162.744 71.3162 104.5
-164.893 69.7859 104.5
-165.591 69.2872 104.5
-167.041 68.2513 104.5
-168.681 67.1387 104.5
-169.189 66.7934 104.5
-171.338 65.4123 104.5
-172.033 64.9903 104.5
-173.486 64.1079 104.5
-175.635 62.8789 104.5
-175.702 62.8419 104.5
-177.783 61.6935 104.5
-179.489 60.6934 104.5
-179.932 60.4341 104.5
-182.08 59.2969 104.5
-183.407 58.545 104.5
-184.229 58.0634 104.5
-186.377 56.8781 104.5
-187.198 56.3965 104.5
-188.525 55.5909 104.5
-190.614 54.2481 104.5
-190.674 54.2097 104.5
-192.822 52.8286 104.5
-193.897 52.0997 104.5
-194.971 51.3437 104.5
-196.95 49.9512 104.5
-197.119 49.8319 104.5
-199.268 48.2404 104.5
-199.83 47.8028 104.5
-201.416 46.4708 104.5
-202.344 45.6543 104.5
-203.564 44.5801 104.5
-204.732 43.5059 104.5
-205.713 42.566 104.5
-206.921 41.3575 104.5
-207.861 40.3767 104.5
-208.936 39.209 104.5
-210.01 37.9883 104.5
-210.795 37.0606 104.5
-212.158 35.3725 104.5
-212.53 34.9122 104.5
-214.108 32.7637 104.5
-214.307 32.4653 104.5
-215.496 30.6153 104.5
-216.455 29.0355 104.5
-216.789 28.4668 104.5
-217.9 26.3184 104.5
-218.604 24.7484 104.5
-218.854 24.17 104.5
-219.747 22.0215 104.5
-220.501 19.8731 104.5
-220.752 19.0376 104.5
-221.146 17.7246 104.5
-221.757 15.5762 104.5
-222.242 13.4278 104.5
-222.589 11.2793 104.5
-222.9 9.34574 104.5
-222.934 9.13089 104.5
-223.143 6.98246 104.5
-223.337 4.83402 104.5
-223.404 2.68558 104.5
-223.471 0.537142 104.5
-223.404 -1.6113 104.5
-223.282 -3.75973 104.5
-223.074 -5.90817 104.5
-222.9 -6.98239 104.5
-222.727 -8.05661 104.5
-222.242 -10.205 104.5
-221.618 -12.3535 104.5
-220.856 -14.5019 104.5
-220.752 -14.7321 104.5
-219.826 -16.6504 104.5
-218.642 -18.7988 104.5
-218.604 -18.8585 104.5
-217.211 -20.9472 104.5
-216.455 -21.9192 104.5
-215.467 -23.0957 104.5
-214.307 -24.3567 104.5
-213.456 -25.2441 104.5
-212.158 -26.5421 104.5
-211.231 -27.3926 104.5
-210.01 -28.4255 104.5
-208.629 -29.541 104.5
-207.861 -30.1378 104.5
-205.767 -31.6894 104.5
-205.713 -31.7278 104.5
-203.564 -33.0322 104.5
-202.238 -33.8379 104.5
-201.416 -34.3194 104.5
-199.268 -35.3776 104.5
-197.963 -35.9863 104.5
-197.119 -36.3802 104.5
-194.971 -37.2396 104.5
-192.822 -38.0273 104.5
-192.529 -38.1347 104.5
-190.674 -38.7931 104.5
-188.525 -39.3476 104.5
-186.377 -39.902 104.5
-184.689 -40.2832 104.5
-184.229 -40.3871 104.5
-182.08 -40.803 104.5
-179.932 -41.1224 104.5
-177.783 -41.4581 104.5
-175.635 -41.7267 104.5
-173.486 -41.9433 104.5
-171.338 -42.1387 104.5
-169.189 -42.2638 104.5
-167.041 -42.3981 104.5
-165.967 -42.4316 104.5
-164.893 -42.4663 104.5
-162.744 -42.5356 104.5
-160.596 -42.6049 104.5
-158.447 -42.7539 104.5
-156.299 -43.0403 104.5
-154.15 -43.47 104.5
-152.002 -44.1726 104.5
-151.017 -44.5801 104.5
-149.854 -45.0616 104.5
-147.705 -46.2298 104.5
-146.929 -46.7285 104.5
-145.557 -47.6436 104.5
-143.971 -48.8769 104.5
-143.408 -49.3314 104.5
-141.406 -51.0254 104.5
-141.26 -51.1493 104.5
-139.111 -53.1308 104.5
-139.065 -53.1738 104.5
-136.963 -55.1074 104.5
-136.719 -55.3223 104.5
-134.814 -56.998 104.5
-134.301 -57.4707 104.5
-132.666 -58.9168 104.5
-131.836 -59.6191 104.5
-130.518 -60.7793 104.5
-129.341 -61.7676 104.5
-128.369 -62.5526 104.5
-126.597 -63.916 104.5
-126.221 -64.1945 104.5
-124.072 -65.7192 104.5
-123.563 -66.0644 104.5
-121.924 -67.177 104.5
-120.218 -68.2129 104.5
-119.775 -68.4722 104.5
-117.627 -69.7316 104.5
-116.41 -70.3613 104.5
-115.479 -70.8268 104.5
-113.33 -71.901 104.5
-112.113 -72.5098 104.5
-111.182 -72.9753 104.5
-109.033 -73.9062 104.5
-107.298 -74.6582 104.5
-106.885 -74.8372 104.5
-104.736 -75.7682 104.5
-102.588 -76.6214 104.5
-102.1 -76.8066 104.5
-100.439 -77.3957 104.5
-98.291 -78.1315 104.5
-96.1426 -78.918 104.5
-96.0352 -78.9551 104.5
-93.9941 -79.6135 104.5
-91.8457 -80.2799 104.5
-89.6973 -80.8529 104.5
-88.7573 -81.1035 104.5
-87.5488 -81.4154 104.5
-85.4004 -81.9698 104.5
-83.252 -82.4549 104.5
-81.1035 -82.8708 104.5
-79.1341 -83.252 104.5
-78.9551 -83.2866 104.5
-76.8066 -83.6331 104.5
-74.6582 -83.9796 104.5
-72.5098 -84.2926 104.5
-70.3613 -84.6034 104.5
-68.2129 -84.8806 104.5
-66.0644 -85.2214 104.5
-64.7217 -85.4004 104.5
-63.916 -85.5043 104.5
-61.7676 -85.7816 104.5
-59.6191 -86.0588 104.5
-57.4707 -86.336 104.5
-55.3223 -86.582 104.5
-53.1738 -86.8211 104.5
-51.0254 -87.0833 104.5
-48.8769 -87.2982 104.5
-46.7285 -87.513 104.5
-46.3704 -87.5488 104.5
